-1.640000460800E+00

0.0014
0.0014
0.00154
0.00145
0.00145
0.00145
0.00149
0.0014
0.0014
0.00154
0.0014
0.00145
0.00145
0.00136
0.00145
0.00136
0.00149
0.00149
0.00158
0.00145
0.00158
0.00149
0.00163
0.00154
0.00168
0.00177
0.00172
0.00163
0.00177
0.00163
0.00181
0.00172
0.00181
0.00168
0.00177
0.00168
0.00168
0.00172
0.00177
0.00172
0.00177
0.00168
0.00163
0.00158
0.00158
0.00149
0.00163
0.00158
0.00163
0.00154
0.00163
0.00149
0.00149
0.0014
0.00136
0.0014
0.00136
0.00145
0.00136
0.00136
0.00127
0.00122
0.00136
0.00131
0.00145
0.00136
0.0014
0.00145
0.00136
0.00131
0.00149
0.0014
0.00145
0.0014
0.00145
0.00136
0.00158
0.00145
0.00149
0.00154
0.00154
0.00163
0.00163
0.00158
0.00163
0.00163
0.00168
0.00163
0.00163
0.00149
0.00154
0.00154
0.00158
0.00154
0.00158
0.00154
0.00158
0.00145
0.00154
0.00149
0.00145
0.00149
0.00149
0.00149
0.00136
0.00149
0.00149
0.00145
0.00149
0.00136
0.0014
0.00149
0.00158
0.00145
0.00154
0.00145
0.00145
0.00154
0.00154
0.00154
0.00154
0.00158
0.00154
0.00158
0.00158
0.00154
0.00168
0.00168
0.00168
0.00172
0.00163
0.00172
0.00168
0.00172
0.00172
0.00172
0.00172
0.00172
0.00172
0.00163
0.00177
0.00158
0.00172
0.00172
0.00172
0.00163
0.00172
0.00172
0.00163
0.00168
0.00181
0.00172
0.00172
0.00158
0.00172
0.00168
0.00168
0.00154
0.00149
0.00154
0.00168
0.00163
0.00154
0.00154
0.00154
0.00158
0.00149
0.0014
0.00145
0.00168
0.00158
0.00158
0.00154
0.00149
0.00145
0.0014
0.00158
0.00149
0.00154
0.00154
0.00158
0.00158
0.00154
0.00154
0.00158
0.00149
0.00145
0.00154
0.00163
0.00145
0.00158
0.00149
0.00158
0.00154
0.00158
0.00149
0.0014
0.00145
0.0014
0.00145
0.00149
0.00154
0.00154
0.00154
0.00158
0.00149
0.00158
0.00172
0.00158
0.00163
0.00172
0.00168
0.00181
0.00181
0.00195
0.00195
0.00208
0.00218
0.00222
0.00231
0.00236
0.00245
0.00263
0.00272
0.00281
0.00295
0.00313
0.00317
0.0034
0.00345
0.00358
0.00372
0.0039
0.00404
0.00422
0.00435
0.0044
0.00472
0.00481
0.0049
0.00504
0.00508
0.00535
0.00544
0.00572
0.00585
0.00599
0.00608
0.00635
0.00653
0.00676
0.0069
0.00726
0.00726
0.00762
0.00781
0.00808
0.00831
0.00858
0.00871
0.00899
0.00926
0.00953
0.00971
0.00989
0.01017
0.0103
0.01039
0.01062
0.0108
0.01103
0.01112
0.01126
0.0113
0.01148
0.01153
0.01162
0.0118
0.01189
0.01203
0.01207
0.01221
0.01239
0.01244
0.01257
0.01253
0.01262
0.01266
0.01266
0.0128
0.01271
0.0128
0.01276
0.01271
0.01271
0.01266
0.01276
0.01271
0.01262
0.01253
0.01257
0.01257
0.01262
0.01257
0.01257
0.01253
0.01253
0.01257
0.01248
0.01239
0.01239
0.01239
0.01226
0.01244
0.01235
0.01221
0.01217
0.01212
0.01217
0.01207
0.01217
0.01207
0.01203
0.01189
0.01198
0.01198
0.01198
0.01189
0.01189
0.01185
0.01185
0.01185
0.01185
0.01167
0.01176
0.01171
0.01176
0.01162
0.01171
0.01158
0.01144
0.01139
0.01139
0.0113
0.01121
0.01126
0.01121
0.01121
0.01112
0.01098
0.01103
0.01108
0.01108
0.0108
0.01076
0.01062
0.01062
0.01058
0.01062
0.01053
0.01049
0.01053
0.01039
0.01049
0.01035
0.0103
0.0103
0.01021
0.01026
0.01008
0.01008
0.00994
0.01003
0.00994
0.00994
0.00989
0.00989
0.00976
0.0098
0.00971
0.00967
0.00967
0.00971
0.00962
0.00949
0.00944
0.00949
0.0094
0.00949
0.00935
0.00944
0.0093
0.00917
0.00908
0.00921
0.00917
0.00917
0.00903
0.00908
0.00903
0.00894
0.0089
0.00881
0.00867
0.00871
0.00867
0.00871
0.00858
0.00862
0.00858
0.00858
0.00844
0.00849
0.0084
0.00844
0.0084
0.00831
0.00812
0.00808
0.00808
0.00803
0.00812
0.00803
0.00817
0.00808
0.00799
0.00799
0.0079
0.0079
0.00785
0.00799
0.00785
0.00781
0.00776
0.00785
0.00794
0.0079
0.00785
0.00776
0.00785
0.00781
0.00767
0.00758
0.00772
0.00753
0.00762
0.00753
0.00762
0.00749
0.0074
0.00749
0.0074
0.00744
0.00744
0.0074
0.00726
0.0074
0.00726
0.00735
0.00722
0.00731
0.00726
0.00731
0.00717
0.00712
0.00694
0.00699
0.00703
0.00703
0.00703
0.0069
0.00699
0.00685
0.00685
0.00676
0.00672
0.00667
0.00658
0.00667
0.00663
0.00672
0.00667
0.00667
0.00653
0.00658
0.00653
0.00658
0.00649
0.0064
0.00649
0.0064
0.00649
0.00644
0.00635
0.00631
0.00635
0.00635
0.00622
0.00631
0.00622
0.00631
0.00631
0.00626
0.00626
0.00617
0.00613
0.00622
0.00608
0.00617
0.00617
0.00617
0.00613
0.00613
0.00599
0.00604
0.00608
0.00599
0.00599
0.00599
0.00594
0.00585
0.00581
0.00585
0.0059
0.00594
0.00585
0.00594
0.00576
0.00585
0.00581
0.00581
0.00567
0.00576
0.00572
0.00576
0.00576
0.0059
0.00581
0.00585
0.00572
0.00576
0.00572
0.00581
0.00581
0.00576
0.00576
0.00572
0.00585
0.00581
0.00572
0.00567
0.00567
0.00576
0.00567
0.00563
0.00558
0.00558
0.00549
0.00563
0.00554
0.00554
0.0054
0.00535
0.00531
0.00535
0.00535
0.00531
0.00517
0.00508
0.00508
0.00499
0.00499
0.00485
0.00495
0.00485
0.00481
0.00485
0.00481
0.00485
0.00472
0.00472
0.00472
0.00472
0.00476
0.00472
0.00472
0.00454
0.00454
0.00467
0.00449
0.00463
0.00454
0.00463
0.00454
0.00458
0.00454
0.00458
0.00454
0.00467
0.00458
0.00458
0.00454
0.00454
0.00449
0.00463
0.0044
0.0044
0.00435
0.00458
0.00435
0.00445
0.00422
0.00431
0.00431
0.00435
0.00426
0.00426
0.00422
0.00417
0.00408
0.00408
0.00408
0.00408
0.00399
0.00413
0.00408
0.00417
0.00404
0.00404
0.00404
0.00404
0.00404
0.00404
0.00408
0.00399
0.00404
0.00408
0.00404
0.00413
0.00404
0.00408
0.00408
0.00408
0.00408
0.00395
0.00395
0.00413
0.00408
0.00408
0.00404
0.00417
0.00422
0.00408
0.00404
0.00404
0.00408
0.00408
0.00404
0.00395
0.00395
0.00395
0.00399
0.00399
0.0039
0.0039
0.00381
0.00381
0.00372
0.00372
0.00363
0.00363
0.00358
0.00358
0.00367
0.00354
0.00354
0.00354
0.00354
0.00349
0.00345
0.00345
0.00331
0.00336
0.0034
0.00336
0.00331
0.00331
0.0034
0.00336
0.00322
0.00345
0.0034
0.00345
0.00331
0.0034
0.0034
0.00336
0.0034
0.00345
0.0034
0.00345
0.00331
0.00345
0.00345
0.00336
0.00345
0.0034
0.0034
0.00331
0.0034
0.0034
0.00336
0.00326
0.00322
0.00336
0.0034
0.00336
0.00331
0.00336
0.00336
0.00336
0.00322
0.00331
0.00326
0.00331
0.00331
0.00336
0.00322
0.00322
0.00326
0.00326
0.00322
0.00313
0.00331
0.0034
0.0034
0.00326
0.00331
0.00326
0.00326
0.00336
0.00322
0.00336
0.00331
0.00336
0.00336
0.00336
0.00326
0.00331
0.00326
0.00326
0.0034
0.0034
0.00336
0.00336
0.00331
0.00331
0.00331
0.0034
0.00336
0.00322
0.00326
0.00331
0.00317
0.00322
0.00313
0.00308
0.00317
0.00313
0.00313
0.00308
0.00304
0.00313
0.00308
0.00304
0.00295
0.0029
0.00299
0.00286
0.00286
0.00295
0.00286
0.00295
0.00286
0.00281
0.00272
0.00272
0.00281
0.00272
0.00277
0.00272
0.00277
0.00281
0.00286
0.00281
0.00277
0.00277
0.00272
0.0029
0.00267
0.00277
0.00272
0.00281
0.00277
0.00277
0.00263
0.00286
0.00272
0.00281
0.00286
0.00277
0.00281
0.00281
0.00267
0.00267
0.00267
0.00272
0.00272
0.00267
0.00263
0.00272
0.00263
0.00267
0.00263
0.00263
0.00272
0.00263
0.00267
0.00267
0.00254
0.00263
0.00267
0.00277
0.00263
0.00272
0.00267
0.00272
0.00272
0.00277
0.00258
0.00267
0.00272
0.00272
0.00272
0.00277
0.00277
0.00267
0.00267
0.00272
0.00277
0.00267
0.00281
0.00281
0.00277
0.00281
0.00281
0.00286
0.0029
0.00281
0.00286
0.00286
0.0029
0.0029
0.00277
0.00281
0.00286
0.00286
0.00277
0.00286
0.00277
0.00277
0.00272
0.00277
0.00272
0.00263
0.00272
0.00267
0.00277
0.00286
0.00277
0.00277
0.00267
0.00267
0.00263
0.00272
0.00272
0.00267
0.00263
0.00277
0.00263
0.00281
0.00281
0.00281
0.00263
0.00277
0.00272
0.00272
0.00272
0.00272
0.00277
0.00277
0.00281
0.00281
0.00267
0.00281
0.0029
0.00295
0.00281
0.00286
0.00286
0.00295
0.00295
0.00299
0.00281
0.00295
0.00281
0.0029
0.00281
0.00299
0.00281
0.0029
0.00286
0.00286
0.0029
0.00281
0.00286
0.00272
0.00277
0.00272
0.00277
0.00272
0.00277
0.00267
0.00267
0.00277
0.00267
0.00272
0.00272
0.00272
0.00267
0.00263
0.00258
0.00263
0.00267
0.00267
0.00267
0.00263
0.00254
0.00254
0.00263
0.00267
0.00254
0.00263
0.00263
0.00267
0.00249
0.00263
0.00249
0.00258
0.00254
0.00258
0.00249
0.00258
0.00254
0.00263
0.00258
0.00272
0.00254
0.00263
0.00258
0.00267
0.00263
0.00258
0.00254
0.00249
0.00263
0.00263
0.00245
0.00245
0.00236
0.00245
0.00249
0.00245
0.0024
0.00236
0.00245
0.00236
0.00236
0.0024
0.00231
0.00245
0.00231
0.00236
0.0024
0.00236
0.00227
0.00231
0.00227
0.00236
0.00236
0.0024
0.0024
0.00245
0.00245
0.0024
0.0024
0.00245
0.0024
0.00245
0.0024
0.00249
0.00236
0.00245
0.0024
0.0024
0.00236
0.00245
0.00245
0.00249
0.00236
0.00254
0.00245
0.00254
0.00245
0.00236
0.00236
0.0024
0.00236
0.00236
0.00231
0.00227
0.00218
0.00227
0.00208
0.00218
0.00222
0.00213
0.00204
0.00213
0.00213
0.00227
0.00218
0.00222
0.00208
0.00213
0.00213
0.00218
0.00204
0.00204
0.00218
0.00222
0.00231
0.00231
0.00222
0.00227
0.00227
0.00222
0.00218
0.00227
0.00218
0.00222
0.00222
0.00227
0.00222
0.00231
0.0024
0.0024
0.00231
0.00236
0.0024
0.00236
0.0024
0.0024
0.0024
0.00236
0.00227
0.00236
0.00236
0.00231
0.00222
0.00231
0.0024
0.00227
0.00231
0.00231
0.00222
0.00227
0.00227
0.00227
0.00231
0.00231
0.00222
0.00222
0.00213
0.00231
0.00222
0.00227
0.00231
0.00231
0.00222
0.00218
0.00213
0.00213
0.00227
0.00213
0.00213
0.00218
0.00218
0.00213
0.00208
0.00213
0.00222
0.00199
0.00208
0.00213
0.00208
0.00222
0.00213
0.00222
0.00227
0.00213
0.00222
0.00218
0.00213
0.00218
0.00218
0.00222
0.00218
0.00213
0.00208
0.00208
0.00204
0.00204
0.00195
0.00204
0.00199
0.00199
0.00195
0.00199
0.0019
0.00195
0.00195
0.00208
0.00195
0.00195
0.00208
0.00195
0.00199
0.00186
0.00181
0.0019
0.00195
0.00199
0.00199
0.00208
0.00199
0.00199
0.00204
0.00218
0.00222
0.00218
0.00218
0.00222
0.00213
0.00218
0.00208
0.00222
0.00218
0.00222
0.00227
0.00222
0.00227
0.00218
0.00222
0.00236
0.00222
0.00231
0.00236
0.0024
0.00236
0.0024
0.0024
0.00245
0.0024
0.00236
0.00227
0.00227
0.00222
0.00231
0.00218
0.00222
0.00213
0.00213
0.00204
0.00204
0.00204
0.00208
0.00208
0.00218
0.00204
