-1.206000339200E+00

0.00208
0.00218
0.00218
0.00222
0.00218
0.00222
0.00208
0.00213
0.00218
0.00213
0.00213
0.00218
0.00204
0.00204
0.00204
0.00204
0.00204
0.00208
0.00208
0.00204
0.00199
0.00208
0.00204
0.00195
0.00204
0.00204
0.00208
0.00199
0.00186
0.00204
0.00199
0.00199
0.00199
0.00186
0.0019
0.00181
0.00195
0.00199
0.0019
0.0019
0.0019
0.00199
0.00208
0.00208
0.00199
0.00208
0.00204
0.00204
0.00195
0.00208
0.00213
0.00222
0.00213
0.00222
0.00204
0.00222
0.00222
0.00227
0.00213
0.00218
0.00204
0.00204
0.00218
0.00218
0.00222
0.00227
0.00222
0.00213
0.00213
0.00227
0.00208
0.00208
0.00213
0.00218
0.00208
0.00213
0.00204
0.00213
0.00208
0.00213
0.00199
0.00208
0.00204
0.00204
0.00199
0.00204
0.00195
0.0019
0.00204
0.00204
0.00199
0.00204
0.00195
0.00208
0.00204
0.00204
0.00208
0.00218
0.00222
0.00222
0.00218
0.00222
0.00222
0.00222
0.00218
0.00231
0.00218
0.00218
0.00199
0.00218
0.00213
0.00213
0.00204
0.00213
0.00213
0.00204
0.00208
0.00208
0.00213
0.00218
0.00208
0.00213
0.00208
0.00204
0.00199
0.00199
0.00208
0.00208
0.00204
0.00204
0.0019
0.00204
0.00199
0.0019
0.00186
0.0019
0.0019
0.00195
0.00181
0.00195
0.00195
0.00195
0.00195
0.00195
0.00195
0.00195
0.00204
0.00195
0.0019
0.00204
0.00199
0.00199
0.00208
0.00204
0.00208
0.00204
0.00186
0.00195
0.0019
0.00195
0.00199
0.00208
0.00204
0.00204
0.00195
0.00204
0.00199
0.0019
0.00204
0.00199
0.00199
0.0019
0.00186
0.00195
0.0019
0.00195
0.00181
0.00199
0.0019
0.00195
0.00186
0.00181
0.00186
0.00177
0.00177
0.00177
0.00163
0.00177
0.00172
0.00172
0.00172
0.00177
0.00172
0.00186
0.00181
0.00177
0.00172
0.00195
0.00177
0.00177
0.00186
0.00199
0.00213
0.00218
0.00222
0.00227
0.00227
0.00227
0.00236
0.00231
0.0024
0.00236
0.00263
0.00272
0.00281
0.00281
0.00295
0.00313
0.00336
0.00349
0.00345
0.00376
0.0039
0.00395
0.00408
0.00426
0.00445
0.00472
0.0049
0.00504
0.00513
0.00535
0.00544
0.00576
0.00594
0.00617
0.0064
0.00658
0.00672
0.00699
0.00712
0.00753
0.00767
0.00808
0.00835
0.00867
0.0089
0.00921
0.00949
0.00985
0.01021
0.01058
0.01089
0.01135
0.01171
0.01212
0.01248
0.01285
0.0133
0.01371
0.01403
0.01453
0.01489
0.01525
0.01548
0.01584
0.01621
0.01652
0.01675
0.01712
0.0173
0.01752
0.01775
0.01793
0.01816
0.01834
0.01866
0.0188
0.01902
0.01925
0.01929
0.01952
0.01957
0.01984
0.01979
0.02002
0.02002
0.02016
0.02011
0.02029
0.02034
0.02048
0.02048
0.02043
0.02066
0.0207
0.02066
0.02079
0.02088
0.02093
0.02093
0.02102
0.02098
0.02107
0.02107
0.02111
0.02116
0.02116
0.02111
0.02125
0.02125
0.02116
0.02107
0.02111
0.02111
0.02098
0.02088
0.02102
0.02084
0.02088
0.02075
0.02075
0.02061
0.02048
0.02048
0.02043
0.02029
0.02029
0.02011
0.02011
0.02002
0.01998
0.01989
0.01979
0.01966
0.01961
0.01948
0.01948
0.01939
0.01929
0.01916
0.01911
0.01898
0.01889
0.01875
0.0187
0.01861
0.01848
0.01843
0.0183
0.01825
0.0182
0.0182
0.01816
0.01802
0.01802
0.01798
0.01784
0.01775
0.01775
0.0178
0.01771
0.01752
0.01748
0.01739
0.01743
0.0173
0.01734
0.01716
0.01712
0.01698
0.01702
0.01693
0.01684
0.0168
0.01671
0.01671
0.01662
0.01648
0.01634
0.01625
0.01634
0.0163
0.01625
0.01612
0.01598
0.01593
0.01603
0.0158
0.01571
0.01553
0.01557
0.01548
0.01553
0.01539
0.0153
0.01525
0.01516
0.01525
0.01507
0.01516
0.01507
0.01507
0.01503
0.01484
0.01489
0.0148
0.01484
0.01471
0.01471
0.01462
0.01466
0.01457
0.01457
0.01444
0.01448
0.01444
0.01435
0.0143
0.01421
0.01407
0.01407
0.01403
0.01412
0.01403
0.01389
0.01375
0.01375
0.01353
0.01357
0.01357
0.01348
0.01344
0.01335
0.01326
0.01321
0.0133
0.01316
0.01303
0.01289
0.0128
0.01285
0.01285
0.01262
0.01257
0.01257
0.01248
0.01244
0.01239
0.01235
0.0123
0.01221
0.01221
0.01212
0.01203
0.01198
0.01198
0.01198
0.01189
0.01189
0.0118
0.0118
0.01176
0.01171
0.01167
0.01171
0.01171
0.01158
0.01158
0.01144
0.01148
0.01139
0.0113
0.0113
0.01121
0.01108
0.01103
0.01108
0.01089
0.01094
0.0108
0.0108
0.01067
0.01067
0.01049
0.01049
0.01039
0.01053
0.01035
0.01035
0.01021
0.01035
0.0103
0.0103
0.01012
0.01017
0.01017
0.01008
0.01008
0.01008
0.00994
0.01003
0.00994
0.01008
0.00976
0.00989
0.00989
0.00999
0.00985
0.00989
0.0098
0.00976
0.00985
0.0098
0.0098
0.0098
0.00962
0.00953
0.00962
0.00962
0.00958
0.00958
0.00958
0.00944
0.00935
0.00944
0.0094
0.00935
0.00926
0.0094
0.00921
0.00921
0.00908
0.00912
0.00908
0.00912
0.00908
0.0089
0.00894
0.0089
0.00894
0.0089
0.00881
0.00881
0.00876
0.0089
0.00862
0.00862
0.00862
0.00867
0.00858
0.00849
0.00849
0.00844
0.00835
0.0084
0.00831
0.00844
0.00831
0.00835
0.00821
0.00835
0.00826
0.00831
0.00826
0.00817
0.00817
0.00817
0.00812
0.00817
0.00808
0.00803
0.00803
0.00794
0.00799
0.00799
0.00794
0.00785
0.0079
0.00781
0.00767
0.00758
0.00767
0.00758
0.00749
0.00758
0.00758
0.00749
0.0074
0.00744
0.00735
0.00722
0.00731
0.00722
0.00708
0.00703
0.00699
0.00708
0.00699
0.00703
0.00681
0.00694
0.00685
0.00685
0.00681
0.00681
0.00681
0.00681
0.00672
0.00672
0.00676
0.00681
0.00685
0.0069
0.00676
0.0069
0.00685
0.00685
0.00672
0.00672
0.00681
0.00685
0.00685
0.00685
0.00681
0.00681
0.00672
0.00681
0.00672
0.00667
0.00658
0.00658
0.00649
0.00658
0.00644
0.00653
0.00649
0.00649
0.00635
0.0064
0.00626
0.00626
0.00613
0.00617
0.00613
0.00622
0.00626
0.00608
0.00608
0.00604
0.00604
0.00599
0.00604
0.00604
0.00585
0.00599
0.00581
0.0059
0.00576
0.00581
0.00576
0.00576
0.00581
0.00576
0.00572
0.00572
0.00576
0.00567
0.00572
0.00576
0.00563
0.00576
0.00563
0.00572
0.00558
0.00572
0.00567
0.00572
0.00563
0.00558
0.00544
0.00554
0.00544
0.00549
0.00544
0.00544
0.00549
0.00544
0.00535
0.00531
0.00531
0.0054
0.00526
0.00531
0.00517
0.00526
0.00522
0.00531
0.00522
0.00522
0.00508
0.00522
0.00522
0.00517
0.00517
0.00517
0.00508
0.00508
0.00508
0.00517
0.00517
0.00513
0.00508
0.00508
0.00513
0.00513
0.00504
0.00513
0.00513
0.00522
0.00513
0.00526
0.00517
0.00522
0.00513
0.00517
0.00517
0.00508
0.00517
0.00508
0.00508
0.00504
0.00499
0.00504
0.00495
0.00504
0.00499
0.00504
0.00495
0.00481
0.00476
0.00481
0.00476
0.00472
0.00472
0.00472
0.00463
0.00463
0.00454
0.00458
0.00449
0.00449
0.00445
0.00454
0.00431
0.00449
0.00431
0.0044
0.00431
0.00431
0.00426
0.00426
0.00422
0.00422
0.00435
0.00435
0.0044
0.00426
0.00426
0.00431
0.00426
0.00431
0.00422
0.00422
0.00417
0.00413
0.00431
0.00422
0.00404
0.00413
0.00408
0.00417
0.00408
0.00413
0.00404
0.00404
0.0039
0.0039
0.0039
0.00399
0.00395
0.00386
0.0039
0.00386
0.00386
0.00386
0.00381
0.00376
0.00367
0.00367
0.00367
0.00367
0.00367
0.00367
0.00367
0.00367
0.00367
0.00367
0.00372
0.00367
0.00367
0.00376
0.00367
0.00376
0.00372
0.00372
0.00367
0.00376
0.00367
0.00372
0.00358
0.00367
0.00367
0.00372
0.00358
0.00367
0.00363
0.00372
0.00372
0.00381
0.00381
0.00367
0.00367
0.00367
0.00367
0.00367
0.00376
0.00367
0.00358
0.00367
0.00358
0.00354
0.00354
0.00349
0.00345
0.00358
0.00354
0.00349
0.00349
0.00349
0.00349
0.00349
0.00345
0.00345
0.0034
0.0034
0.0034
0.00349
0.00345
0.0034
0.00331
0.00336
0.00331
0.0034
0.00336
0.00336
0.00331
0.00331
0.00326
0.00331
0.00326
0.00326
0.0034
0.00336
0.00331
0.00331
0.00322
0.00326
0.00331
0.00336
0.00336
0.00336
0.00336
0.00331
0.00336
0.0034
0.00336
0.00336
0.00326
0.00331
0.00326
0.00331
0.00313
0.00326
0.00331
0.00326
0.00308
0.00313
0.00304
0.00322
0.00322
0.00322
0.00313
0.00313
0.00317
0.00313
0.00304
0.00313
0.00308
0.00317
0.00322
0.00322
0.00317
0.00317
0.00308
0.00304
0.00313
0.00304
0.00317
0.00317
0.00322
0.00322
0.00317
0.00317
0.00304
0.00317
0.00317
0.00313
0.00308
0.00317
0.00304
0.00313
0.00304
0.00317
0.00304
0.00313
0.00295
0.00308
0.00308
0.00313
0.00304
0.00313
0.00313
0.00313
0.00313
0.00308
0.00317
0.00308
0.00304
0.00313
0.00299
0.00304
0.00308
0.00308
0.00299
0.0029
0.00277
0.00295
0.00299
0.00299
0.00281
0.00299
0.00286
0.00299
0.00286
0.00286
0.0029
0.00281
0.00277
0.00286
0.0029
0.00286
0.00277
0.00286
0.00281
0.0029
0.0029
0.00295
0.0029
0.00281
0.00281
0.0029
0.00295
0.00295
0.00286
0.0029
0.00281
0.00286
0.00277
0.00277
0.00277
0.00281
0.00272
0.0029
0.00286
0.00286
0.00277
0.00281
0.00258
0.00272
0.00272
0.00281
0.00272
0.00263
0.00267
0.00272
0.00272
0.00267
0.00258
0.00263
0.00263
0.00258
0.00258
0.00258
0.00258
0.00254
0.00258
0.00258
0.00254
0.00267
0.00258
0.00272
0.00263
0.00267
0.00258
0.00263
0.00258
0.00258
0.00258
0.00254
0.00258
0.00272
0.00267
0.00254
0.00258
0.00254
0.00249
0.00263
0.00267
0.00263
0.00254
0.00263
0.00254
0.00263
0.00254
0.00254
0.00245
0.00258
0.00258
0.00263
0.00254
0.00267
0.00263
0.00272
0.00272
0.00272
0.00263
0.00267
0.00267
0.00263
0.00254
0.00258
0.0024
0.0024
0.0024
0.00245
0.00245
0.0024
0.00236
0.0024
0.00236
0.00236
0.00231
0.0024
0.00245
0.00249
0.00249
0.0024
0.00236
0.00236
0.0024
0.00249
0.00249
0.00254
0.00236
0.00236
0.0024
0.00236
0.00231
0.00245
0.00245
0.0024
0.0024
0.00254
0.00254
0.00263
0.00245
0.00254
0.00254
0.0024
0.00236
0.00231
0.00231
0.00231
0.00227
0.00236
0.00231
0.00231
0.0024
0.00236
0.00222
0.00222
0.00227
0.00222
0.00227
0.00218
0.00213
0.00222
0.00218
0.00222
0.00222
0.00222
0.00213
0.00222
0.00213
0.00227
0.00222
0.00222
0.00222
0.00218
0.00222
0.00231
0.00213
0.00227
0.00222
0.00227
0.00227
0.00222
0.00236
0.00231
0.00231
0.00227
0.00222
0.00227
0.0024
0.00227
0.00231
0.00231
0.00231
0.00236
0.00236
0.00227
0.00213
0.00218
0.00218
0.00208
0.00213
0.00213
0.00208
0.00208
0.00218
0.00208
0.00218
0.00218
0.00218
0.00213
0.00208
0.00213
0.00204
0.00204
0.00204
0.00204
0.00199
0.00204
0.00204
0.00199
0.00199
0.00204
0.00186
0.00199
0.0019
0.00195
0.00199
0.00208
0.00199
0.00204
0.00195
0.00195
0.00199
0.00204
0.00204
0.00208
0.00204
0.00213
0.00208
0.00208
0.00199
0.00218
0.00218
0.00213
