-6.590001856000E-01

-0.00179
-0.00139
-0.00159
-0.00159
-0.00139
-0.0012
-0.00159
-0.0012
-0.0012
-0.00159
-0.0012
-0.00159
-0.00139
-0.00159
-0.00179
-0.00179
-0.00218
-0.00198
-0.00218
-0.00218
-0.00218
-0.00218
-0.00218
-0.00237
-0.00218
-0.00218
-0.00257
-0.00276
-0.00257
-0.00257
-0.00198
-0.00218
-0.00218
-0.00179
-0.00198
-0.00159
-0.00237
-0.00218
-0.00218
-0.00179
-0.00179
-0.00179
-0.00179
-0.00159
-0.00179
-0.00198
-0.00198
-0.00179
-0.00179
-0.00218
-0.00257
-0.00237
-0.00218
-0.00198
-0.00179
-0.00198
-0.0012
-0.00159
-0.00159
-0.00159
-0.0012
-0.00159
-0.00139
-0.00159
-0.00198
-0.00179
-0.00159
-0.00159
-0.00139
-0.00139
-0.00159
-0.00179
-0.00179
-0.00179
-0.00139
-0.00198
-0.0012
-0.00179
-0.00139
-0.00159
-0.00159
-0.00159
-0.00159
-0.00198
-0.00198
-0.00139
-0.0012
-0.00198
-0.00139
-0.00159
-0.00139
-0.00159
-0.00159
-0.00237
-0.00198
-0.00237
-0.00218
-0.00237
-0.00257
-0.00276
-0.00296
-0.00218
-0.00257
-0.00276
-0.00257
-0.00296
-0.00218
-0.00257
-0.00237
-0.00276
-0.00276
-0.00296
-0.00218
-0.00198
-0.00218
-0.00218
-0.00218
-0.00198
-0.00218
-0.00179
-0.00198
-0.00218
-0.00198
-0.00218
-0.00179
-0.00179
-0.00198
-0.00159
-0.00179
-0.00198
-0.00179
-0.00218
-0.00179
-0.00198
-0.00179
-0.00159
-0.00198
-0.00159
-0.00139
-0.00159
-0.00159
-0.00179
-0.00198
-0.00179
-0.00198
-0.00198
-0.00179
-0.00218
-0.00179
-0.00198
-0.00179
-0.00237
-0.00218
-0.00179
-0.00179
-0.00179
-0.00237
-0.00257
-0.00198
-0.00198
-0.00198
-0.00198
-0.00198
-0.00257
-0.00179
-0.00198
-0.00159
-0.00179
-0.00218
-0.00198
-0.00237
-0.00218
-0.00218
-0.00218
-0.00198
-0.00237
-0.00218
-0.00218
-0.00179
-0.00179
-0.00218
-0.00218
-0.00237
-0.00198
-0.00198
-0.00179
-0.00179
-0.00159
-0.0012
-0.00159
-0.00159
-0.00159
-0.00179
-0.0012
-0.00179
-0.00139
-0.00159
-0.00139
-0.00139
-0.00159
-0.00081
0.00095
0.00251
0.00525
0.00837
0.01111
0.01462
0.01853
0.02204
0.02517
0.02829
0.03083
0.03318
0.03591
0.03806
0.04079
0.04314
0.04646
0.05056
0.05544
0.05954
0.06364
0.06814
0.07185
0.07575
0.07907
0.08239
0.08552
0.08786
0.09001
0.09216
0.09392
0.09489
0.09685
0.09763
0.09861
0.10017
0.10114
0.10134
0.10232
0.10271
0.1029
0.1031
0.1031
0.10368
0.10329
0.10329
0.10193
0.10212
0.10114
0.10056
0.09958
0.09958
0.09861
0.09782
0.09685
0.09626
0.09548
0.09489
0.09372
0.09294
0.09216
0.09138
0.0904
0.08962
0.08864
0.08767
0.08689
0.08532
0.08454
0.08337
0.08259
0.08181
0.08103
0.08025
0.07927
0.0781
0.07751
0.07614
0.07497
0.074
0.07302
0.07263
0.07165
0.07068
0.06911
0.06833
0.06736
0.06716
0.06618
0.06501
0.06462
0.06325
0.06345
0.06208
0.0613
0.06052
0.05993
0.05876
0.05857
0.05739
0.05661
0.05603
0.05544
0.05486
0.05368
0.0529
0.05232
0.05193
0.05154
0.05056
0.04958
0.04939
0.04919
0.0488
0.04841
0.04763
0.04685
0.04626
0.04568
0.04548
0.0445
0.0445
0.04353
0.04314
0.04255
0.04236
0.04157
0.04079
0.04079
0.0404
0.03982
0.03923
0.03864
0.03806
0.03747
0.03767
0.03708
0.03669
0.0363
0.03552
0.03513
0.03513
0.03376
0.03396
0.03337
0.03318
0.0322
0.03239
0.03181
0.03103
0.03064
0.03044
0.03005
0.02986
0.02927
0.02888
0.02849
0.02849
0.02771
0.02771
0.0279
0.02751
0.02732
0.02634
0.02614
0.02595
0.02575
0.02556
0.02478
0.02458
0.024
0.0238
0.02361
0.02341
0.02361
0.02263
0.02282
0.02204
0.02263
0.02224
0.02204
0.02146
0.02165
0.02068
0.02048
0.02068
0.02029
0.02009
0.02009
0.01989
0.02009
0.01931
0.01911
0.01872
0.01833
0.01853
0.01853
0.01833
0.01814
0.01775
0.01716
0.01677
0.01638
0.01618
0.01618
0.0156
0.0156
0.0154
0.0154
0.01443
0.01482
0.01443
0.01384
0.01404
0.01404
0.01404
0.01364
0.01345
0.01306
0.01286
0.01325
0.01286
0.01286
0.01267
0.01247
0.01247
0.01228
0.01189
0.0113
0.0115
0.01111
0.01091
0.01071
0.01071
0.01032
0.01052
0.01052
0.01071
0.01032
0.00993
0.00974
0.01013
0.00954
0.00974
0.00915
0.00974
0.00896
0.00935
0.00935
0.00915
0.00896
0.00876
0.00896
0.00837
0.00876
0.00857
0.00857
0.00876
0.00876
0.00837
0.00876
0.00857
0.00837
0.00818
0.00798
0.00837
0.00837
0.0072
0.00759
0.0072
0.007
0.00739
0.00681
0.00661
0.00661
0.007
0.00681
0.00642
0.00642
0.00622
0.00603
0.00603
0.00603
0.00603
0.00583
0.00486
0.00486
0.00505
0.00486
0.00466
0.00446
0.00388
0.00388
0.00349
0.00368
0.00368
0.00349
0.00368
0.00329
0.00368
0.00388
0.00368
0.00368
0.00349
0.00427
0.00388
0.00427
0.00407
0.00349
0.00388
0.00329
0.00349
0.00368
0.00407
0.00407
0.00407
0.00407
0.00388
0.00388
0.00368
0.00368
0.00368
0.00368
0.00329
0.00349
0.00368
0.00329
0.00329
0.00349
0.0029
0.00271
0.00251
0.0029
0.0031
0.0031
0.00251
0.00193
0.00212
0.00212
0.00212
0.00193
0.00212
0.00212
0.00173
0.00154
0.00154
0.00134
0.00134
0.00134
0.00114
0.00114
0.00134
0.00134
0.00095
0.00095
0.00075
0.00095
0.00095
0.00095
0.00075
0.00095
0.00075
0.00075
0.00095
0.00114
0.00095
0.00095
0.00114
0.00095
0.00095
0.00095
0.00114
0.00095
0.00075
0.00095
0.00114
0.00114
0.00114
0.00114
0.00075
0.00114
0.00114
0.00154
0.00154
0.00114
0.00114
0.00095
0.00095
0.00095
0.00095
0.00095
0.00114
0.00095
0.00075
0.00036
0.00075
0.00056
0.00075
0.00075
0.00036
-3e-05
0.00017
-3e-05
0.00056
0.00017
0.00036
-3e-05
-3e-05
-0.00022
0.00017
0.00017
-0.00022
-3e-05
-3e-05
-0.00022
0.00017
-0.00022
-0.00042
-3e-05
-0.00042
-0.00042
-0.00042
-0.00061
-0.00061
-0.00061
-3e-05
-3e-05
-0.00061
-0.00061
-0.00022
0.00017
-3e-05
-0.00061
-0.00061
-0.00042
-0.00042
-0.00042
-3e-05
-0.00022
-3e-05
-3e-05
-0.00022
-0.00022
-0.00042
-0.00022
-0.00022
-0.00042
-0.00061
-0.00061
-0.00081
-0.00042
-0.00042
-0.00042
-0.00042
-0.00022
-0.00061
-0.00042
-0.00022
-3e-05
-0.00022
0.00017
-0.00022
-0.00042
-3e-05
-0.00022
-0.00061
-0.00042
-3e-05
-0.00042
-0.00022
-0.00022
-0.00042
-0.00042
-0.00081
-0.001
-0.001
-0.00081
-0.00081
-0.001
-0.001
-0.0012
-0.001
-0.001
-0.001
-0.001
-0.00081
-0.00081
-0.00081
-0.00081
-0.0012
-0.00081
-0.00139
-0.00139
-0.0012
-0.0012
-0.001
-0.0012
-0.00081
-0.00159
-0.00139
-0.0012
-0.00159
-0.001
-0.0012
-0.00081
-0.001
-0.00159
-0.00139
-0.00179
-0.001
-0.0012
-0.00081
-0.001
-0.00081
-0.00081
-0.0012
-0.00159
-0.001
-0.00081
-0.00081
-0.0012
-0.0012
-0.001
-0.00139
-0.00198
-0.00159
-0.00139
-0.00159
-0.00179
-0.00198
-0.00159
-0.00159
-0.00198
-0.00139
-0.00198
-0.00179
-0.00179
-0.00139
-0.00179
-0.00218
-0.00159
-0.00159
-0.00159
-0.00198
-0.00179
-0.00159
-0.00179
-0.00159
-0.00159
-0.00179
-0.00159
-0.00159
-0.00179
-0.00218
-0.00179
-0.00139
-0.00139
-0.00179
-0.00179
-0.00139
-0.00159
-0.00139
-0.00139
-0.00159
-0.00179
-0.00139
-0.00159
-0.00159
-0.00159
-0.00139
-0.00198
-0.00139
-0.00159
-0.00139
-0.00159
-0.001
-0.0012
-0.00139
-0.00159
-0.001
-0.00139
-0.0012
-0.00179
-0.00139
-0.00198
-0.00159
-0.00139
-0.0012
-0.0012
-0.00139
-0.0012
-0.00198
-0.0012
-0.00159
-0.00159
-0.00139
-0.00159
-0.00179
-0.00198
-0.00139
-0.00179
-0.00198
-0.00198
-0.00198
-0.00198
-0.00198
-0.00198
-0.00257
-0.00237
-0.00179
-0.00218
-0.00198
-0.00257
-0.00257
-0.00218
-0.00218
-0.00198
-0.00179
-0.00179
-0.00159
-0.00198
-0.00179
-0.00218
-0.00179
-0.00159
-0.00179
-0.00198
-0.00218
-0.00198
-0.00139
-0.00179
-0.00159
-0.0012
-0.00139
-0.00159
-0.00139
-0.00139
-0.00159
-0.00139
-0.0012
-0.00139
-0.00139
-0.001
-0.0012
-0.00139
-0.0012
-0.00159
-0.00198
-0.00179
-0.00159
-0.00159
-0.00139
-0.00139
-0.0012
-0.00139
-0.0012
-0.00139
-0.00179
-0.00218
-0.00179
-0.00218
-0.00198
-0.00198
-0.00179
-0.00218
-0.00179
-0.00198
-0.00218
-0.00198
-0.00237
-0.00218
-0.00237
-0.00198
-0.00198
-0.00159
-0.00198
-0.00198
-0.00198
-0.00198
-0.00198
-0.00198
-0.00179
-0.00237
-0.00257
-0.00198
-0.00179
-0.00198
-0.00257
-0.00198
-0.00198
-0.00179
-0.00198
-0.00198
-0.00179
-0.00179
-0.00179
-0.00139
-0.00139
-0.00159
-0.00159
-0.00179
-0.00159
-0.00159
-0.00159
-0.00179
-0.00139
-0.00159
-0.0012
-0.0012
-0.00139
-0.00159
-0.00179
-0.00139
-0.00159
-0.00198
-0.00139
-0.00139
-0.00198
-0.00179
-0.00179
-0.00159
-0.00179
-0.00139
-0.0012
-0.0012
-0.00179
-0.00237
-0.00198
-0.00179
-0.00218
-0.00179
-0.00179
-0.00198
-0.00179
-0.00198
-0.00198
-0.00179
-0.00198
-0.00159
-0.00179
-0.00179
-0.00198
-0.00179
-0.00198
-0.00159
-0.00159
-0.00198
-0.00179
-0.00198
-0.00218
-0.00159
-0.00218
-0.00218
-0.00198
-0.00276
-0.00218
-0.00218
-0.00198
-0.00218
-0.00237
-0.00237
-0.00237
-0.00218
-0.00257
-0.00198
-0.00237
-0.00276
-0.00276
-0.00237
-0.00237
-0.00276
-0.00276
-0.00296
-0.00257
-0.00276
-0.00276
-0.00276
-0.00257
-0.00198
-0.00198
-0.00257
-0.00218
-0.00237
-0.00257
-0.00198
-0.00218
-0.00179
-0.00218
-0.00237
-0.00198
-0.00159
-0.00179
-0.00139
-0.00139
-0.00179
-0.00198
-0.00198
-0.00179
-0.00179
-0.00198
-0.00179
-0.00179
-0.00159
-0.0012
-0.00159
-0.00179
-0.00159
-0.00198
-0.00218
-0.00159
-0.00237
-0.00218
-0.00218
-0.00218
-0.00218
-0.00198
-0.00257
-0.00218
-0.00237
-0.00218
-0.00257
-0.00198
-0.00276
-0.00237
-0.00257
-0.00237
-0.00257
-0.00276
-0.00276
-0.00276
-0.00315
-0.00296
-0.00276
-0.00218
-0.00198
-0.00237
-0.00276
-0.00276
-0.00237
-0.00218
-0.00218
-0.00257
-0.00218
-0.00237
-0.00198
-0.00237
-0.00237
-0.00218
-0.00159
-0.00218
-0.00218
-0.00218
-0.00218
-0.00159
-0.00179
-0.00179
-0.00198
-0.00159
-0.00159
-0.00198
-0.00218
-0.00218
-0.00198
-0.00198
-0.00237
-0.00179
-0.00237
-0.00237
-0.00237
-0.00237
-0.00257
-0.00218
-0.00218
-0.00179
-0.00218
-0.00276
-0.00218
-0.00237
-0.00257
-0.00257
-0.00257
-0.00237
-0.00218
-0.00218
-0.00198
-0.00218
-0.00159
-0.00198
-0.00159
-0.00218
-0.00179
-0.00198
-0.00237
-0.00218
-0.00218
-0.00218
-0.00159
-0.00159
-0.00198
-0.00198
-0.00257
-0.00179
-0.00179
-0.00198
-0.00198
-0.00139
-0.00179
-0.00159
-0.00198
-0.00237
-0.00237
-0.00218
-0.00179
-0.00218
-0.00257
-0.00198
-0.00257
-0.00237
-0.00276
-0.00257
-0.00198
-0.00179
-0.00237
-0.00179
-0.00218
-0.00218
-0.00218
-0.00237
-0.00198
-0.00237
-0.00237
-0.00237
-0.00198
-0.00218
-0.00179
-0.00159
-0.00159
-0.00139
-0.00159
-0.00179
-0.00159
-0.00159
-0.00159
-0.0012
-0.00159
-0.0012
-0.00159
-0.00139
-0.00198
-0.00159
-0.00198
-0.00159
-0.00179
-0.00159
-0.00179
-0.00218
-0.00218
-0.00237
-0.00237
-0.00218
-0.00198
-0.00198
-0.00198
-0.00218
-0.00257
-0.00257
-0.00198
-0.00198
-0.00198
-0.00218
-0.00218
-0.00218
-0.00218
-0.00237
-0.00179
-0.00237
-0.00237
-0.00179
-0.00218
-0.00198
-0.00257
-0.00237
-0.00237
-0.00276
-0.00218
-0.00237
-0.00218
-0.00257
-0.00276
-0.00237
-0.00218
-0.00198
-0.00198
-0.00179
-0.00198
-0.00218
-0.00198
-0.00198
-0.00179
