-2.530000736000E-01

-0.00081
-0.00081
-0.00081
-0.00081
-0.001
-0.001
-0.00042
-0.00042
-0.00061
-0.00081
-0.00081
-0.00061
-0.00081
-0.001
-0.0012
-0.00139
-0.00179
-0.00139
-0.00159
-0.00159
-0.00237
-0.00257
-0.00276
-0.00296
-0.00296
-0.00335
-0.00315
-0.00335
-0.00374
-0.00374
-0.00354
-0.00374
-0.00432
-0.00393
-0.00413
-0.00432
-0.00374
-0.00374
-0.00393
-0.00413
-0.00393
-0.00354
-0.00335
-0.00354
-0.00354
-0.00374
-0.00296
-0.00354
-0.00335
-0.00315
-0.00276
-0.00276
-0.00315
-0.00276
-0.00218
-0.00257
-0.00257
-0.00198
-0.00218
-0.00237
-0.00218
-0.00198
-0.00139
-0.00139
-0.0012
-0.00061
-0.001
-0.00042
-0.00022
-0.00022
-0.00022
-0.00042
-0.00061
-3e-05
-0.00022
-0.00022
-3e-05
-0.00022
-3e-05
-0.00022
-0.00081
-0.00022
-0.00042
-0.001
-0.00081
-0.00159
-0.0012
-0.00139
-0.00159
-0.00159
-0.00218
-0.00218
-0.00257
-0.00237
-0.00237
-0.00257
-0.00276
-0.00296
-0.00374
-0.00374
-0.00393
-0.00432
-0.00393
-0.00471
-0.00413
-0.00471
-0.00491
-0.0053
-0.0055
-0.00608
-0.00589
-0.00569
-0.00608
-0.00589
-0.00647
-0.00647
-0.00647
-0.00647
-0.00628
-0.00589
-0.00667
-0.00647
-0.00647
-0.00628
-0.00608
-0.00608
-0.00589
-0.00569
-0.00589
-0.00589
-0.00589
-0.00569
-0.00569
-0.0053
-0.0053
-0.00491
-0.00471
-0.00491
-0.00432
-0.00413
-0.00413
-0.00393
-0.00335
-0.00315
-0.00296
-0.00257
-0.00315
-0.00276
-0.00276
-0.00218
-0.00276
-0.00237
-0.00179
-0.00159
-0.00139
-0.001
-0.0012
-0.00139
-0.001
-0.00061
-3e-05
-0.00022
-0.00022
-3e-05
-0.00022
-0.00042
0.00036
0.00036
0.00017
0.00036
0.00017
-3e-05
-3e-05
0.00017
-3e-05
-0.00042
-0.00022
0.00017
0.00017
-3e-05
-0.00061
-0.00061
-0.00061
-0.00022
-3e-05
-0.00061
-0.00061
-0.00081
-0.00081
-0.0012
-0.0012
-0.0012
-0.0012
-0.00042
-3e-05
0.00095
0.00193
0.00271
0.00446
0.00486
0.00642
0.00661
0.00837
0.00857
0.00935
0.01032
0.01111
0.0115
0.01189
0.01286
0.01306
0.01345
0.01384
0.01443
0.0154
0.01521
0.01521
0.0156
0.01638
0.01579
0.01599
0.01618
0.01696
0.01677
0.01794
0.01892
0.02009
0.02165
0.0238
0.02712
0.02966
0.03279
0.03571
0.03845
0.04118
0.04372
0.04626
0.04841
0.05036
0.05212
0.05407
0.05525
0.05661
0.05759
0.05896
0.05993
0.06052
0.0613
0.06111
0.06189
0.06228
0.06247
0.06286
0.06325
0.06325
0.06286
0.06286
0.06306
0.06306
0.06286
0.06208
0.06169
0.06169
0.06071
0.06032
0.05974
0.05993
0.05935
0.05837
0.05798
0.05818
0.0572
0.05681
0.05642
0.05603
0.05525
0.05486
0.05466
0.05368
0.0529
0.05251
0.05193
0.05212
0.05095
0.05036
0.04997
0.049
0.049
0.04861
0.04782
0.04704
0.04626
0.04587
0.04529
0.04489
0.0445
0.04353
0.04372
0.04275
0.04275
0.04216
0.04177
0.04177
0.04138
0.04099
0.04001
0.03982
0.03923
0.03845
0.03864
0.03767
0.03786
0.03728
0.03708
0.0365
0.03591
0.03571
0.03532
0.03493
0.03454
0.03415
0.03396
0.03337
0.03279
0.03239
0.032
0.03161
0.03122
0.03044
0.03025
0.02986
0.02986
0.02927
0.02927
0.02888
0.0279
0.02771
0.02712
0.02712
0.02693
0.02595
0.02556
0.02497
0.02458
0.0238
0.024
0.0238
0.02341
0.02302
0.02243
0.02185
0.02165
0.02087
0.02107
0.02087
0.02009
0.01989
0.0197
0.0197
0.01931
0.01872
0.01872
0.01872
0.01814
0.01853
0.01794
0.01775
0.01736
0.01716
0.01696
0.01696
0.01696
0.01657
0.01638
0.01638
0.01657
0.01599
0.0154
0.0156
0.01579
0.0154
0.01521
0.0154
0.0154
0.01462
0.01482
0.01482
0.01462
0.01443
0.01404
0.01404
0.01345
0.01345
0.01306
0.01325
0.01306
0.01267
0.01228
0.01228
0.0115
0.0113
0.01169
0.01091
0.0115
0.01111
0.01071
0.01052
0.01052
0.00993
0.01013
0.00993
0.00993
0.00954
0.00935
0.00974
0.00915
0.00896
0.00837
0.00818
0.00837
0.00798
0.00759
0.00818
0.00739
0.00759
0.007
0.00739
0.007
0.007
0.007
0.0072
0.007
0.0072
0.00779
0.00759
0.00759
0.007
0.007
0.00642
0.00681
0.00661
0.00681
0.00661
0.00622
0.00603
0.00603
0.00583
0.00564
0.00564
0.00603
0.00603
0.00564
0.00505
0.00603
0.00583
0.00564
0.00564
0.00486
0.00544
0.00505
0.00525
0.00505
0.00525
0.00544
0.00525
0.00525
0.00446
0.00446
0.00466
0.00427
0.00368
0.00407
0.00368
0.00349
0.00388
0.00329
0.00368
0.0031
0.0029
0.00349
0.0031
0.0031
0.0031
0.00329
0.0029
0.00251
0.00251
0.00251
0.00212
0.00212
0.00212
0.00212
0.00212
0.00212
0.00212
0.00154
0.00212
0.00212
0.00212
0.00114
0.00114
0.00134
0.00154
0.00134
0.00134
0.00134
0.00173
0.00154
0.00154
0.00173
0.00193
0.00193
0.00173
0.00173
0.00134
0.00173
0.00173
0.00154
0.00173
0.00212
0.00193
0.00173
0.00173
0.00154
0.00154
0.00173
0.00154
0.00173
0.00134
0.00154
0.00193
0.00154
0.00114
0.00134
0.00134
0.00173
0.00114
0.00095
0.00095
0.00114
0.00075
0.00056
0.00036
0.00114
0.00036
0.00056
0.00036
0.00036
0.00036
0.00056
0.00036
0.00075
-0.00022
0.00017
-0.00042
0.00017
-0.00061
-0.00061
-0.00061
-0.00022
-0.00022
-0.00042
-0.00042
-0.00061
-0.00042
-0.00042
-0.00061
-0.00042
-0.00042
-3e-05
-3e-05
-0.00022
-3e-05
-0.00061
-0.00081
-0.00061
-0.00081
-0.00042
-0.00061
-0.00061
-0.00042
-0.00042
-0.00042
-3e-05
-0.00022
-0.00022
-0.00022
-0.00081
-0.00061
-0.00042
-3e-05
-3e-05
-3e-05
-3e-05
0.00017
-0.00022
-0.00022
-3e-05
-3e-05
-0.00022
0.00036
-0.00042
-0.00022
-3e-05
0.00017
-0.00022
0.00036
-0.00022
-0.00042
-0.00042
-0.00022
-0.00061
-0.001
-0.00061
-0.001
-0.00042
-0.00081
-0.0012
-0.0012
-0.00139
-0.00159
-0.0012
-0.00159
-0.00139
-0.0012
-0.0012
-0.00159
-0.00159
-0.00198
-0.00179
-0.00139
-0.0012
-0.00198
-0.00179
-0.00179
-0.00159
-0.00179
-0.00159
-0.00139
-0.001
-0.001
-0.001
-0.00159
-0.00139
-0.0012
-0.001
-0.00081
-0.001
-0.00081
-0.0012
-0.00139
-0.001
-0.0012
-0.00081
-0.001
-0.0012
-0.00159
-0.00198
-0.00179
-0.00159
-0.00139
-0.00139
-0.0012
-0.00139
-0.0012
-0.00159
-0.0012
-0.00198
-0.00198
-0.00218
-0.00237
-0.00218
-0.00198
-0.00179
-0.00179
-0.00218
-0.00198
-0.00218
-0.00218
-0.00218
-0.00237
-0.00218
-0.00257
-0.00237
-0.00237
-0.00237
-0.00237
-0.00218
-0.00237
-0.00179
-0.00276
-0.00257
-0.00237
-0.00179
-0.00198
-0.00198
-0.00198
-0.00179
-0.00218
-0.00218
-0.00198
-0.00218
-0.00198
-0.00218
-0.00198
-0.00198
-0.00237
-0.00237
-0.00218
-0.00179
-0.00218
-0.00179
-0.00257
-0.00237
-0.00237
-0.00179
-0.00276
-0.00257
-0.00276
-0.00276
-0.00276
-0.00276
-0.00257
-0.00237
-0.00237
-0.00276
-0.00276
-0.00257
-0.00257
-0.00179
-0.00218
-0.00198
-0.00159
-0.00218
-0.00237
-0.00218
-0.00159
-0.00139
-0.00159
-0.00159
-0.00179
-0.00179
-0.00159
-0.00139
-0.00179
-0.00139
-0.00198
-0.00179
-0.00159
-0.00159
-0.00139
-0.00139
-0.00159
-0.00139
-0.00179
-0.00139
-0.00159
-0.00159
-0.00159
-0.00159
-0.00159
-0.00159
-0.00159
-0.00139
-0.00179
-0.00179
-0.00198
-0.00198
-0.00237
-0.00237
-0.00257
-0.00218
-0.00276
-0.00257
-0.00257
-0.00237
-0.00218
-0.00276
-0.00257
-0.00296
-0.00218
-0.00257
-0.00179
-0.00198
-0.00179
-0.00218
-0.00218
-0.00159
-0.00237
-0.00218
-0.00159
-0.00179
-0.00198
-0.00198
-0.00257
-0.00198
-0.00237
-0.00237
-0.00179
-0.00218
-0.00218
-0.00218
-0.00218
-0.00237
-0.00237
-0.00218
-0.00179
-0.00237
-0.00237
-0.00237
-0.00179
-0.00237
-0.00257
-0.00218
-0.00237
-0.00237
-0.00218
-0.00198
-0.00198
-0.00218
-0.00237
-0.00218
-0.00257
-0.00237
-0.00237
-0.00237
-0.00237
-0.00257
-0.00276
-0.00257
-0.00257
-0.00257
-0.00296
-0.00198
-0.00237
-0.00198
-0.00257
-0.00198
-0.00218
-0.00198
-0.00237
-0.00198
-0.00198
-0.00139
-0.00159
-0.00159
-0.00198
-0.00139
-0.00159
-0.00179
-0.00179
-0.0012
-0.00218
-0.00179
-0.00198
-0.00237
-0.00237
-0.00218
-0.00179
-0.00218
-0.00198
-0.00237
-0.00198
-0.00198
-0.00237
-0.00218
-0.00257
-0.00198
-0.00257
-0.00276
-0.00237
-0.00237
-0.00257
-0.00276
-0.00218
-0.00315
-0.00296
-0.00315
-0.00276
-0.00257
-0.00276
-0.00276
-0.00296
-0.00296
-0.00315
-0.00296
-0.00276
-0.00257
-0.00276
-0.00315
-0.00237
-0.00296
-0.00296
-0.00296
-0.00257
-0.00237
-0.00218
-0.00218
-0.00296
-0.00276
-0.00296
-0.00276
-0.00276
-0.00315
-0.00315
-0.00296
-0.00315
-0.00276
-0.00315
-0.00296
-0.00257
-0.00257
-0.00257
-0.00218
-0.00218
-0.00218
-0.00237
-0.00218
-0.00237
-0.00257
-0.00257
-0.00237
-0.00237
-0.00237
-0.00218
-0.00218
-0.00257
-0.00237
-0.00296
-0.00237
-0.00315
-0.00276
-0.00315
-0.00257
-0.00276
-0.00257
-0.00296
-0.00257
-0.00257
-0.00296
-0.00257
-0.00276
-0.00257
-0.00237
-0.00218
-0.00218
-0.00218
-0.00179
-0.00237
-0.00179
-0.00179
-0.00198
-0.00179
-0.00198
-0.00218
-0.00218
-0.00237
-0.00218
-0.00179
-0.00139
-0.00218
-0.00179
-0.00198
-0.00198
-0.00198
-0.00179
-0.00198
-0.00159
-0.00218
-0.00179
-0.00198
-0.00218
-0.00179
-0.00218
-0.00237
-0.00198
-0.00218
-0.00218
-0.00276
-0.00257
-0.00315
-0.00296
-0.00296
-0.00257
-0.00276
-0.00257
-0.00237
-0.00218
-0.00237
-0.00237
-0.00237
-0.00237
-0.00218
-0.00198
-0.00198
-0.00159
-0.00198
-0.00198
-0.00218
-0.00179
-0.00218
-0.00237
-0.00198
-0.00198
-0.00237
-0.00218
-0.00218
-0.00237
-0.00257
-0.00257
-0.00198
-0.00237
-0.00237
-0.00276
-0.00237
-0.00198
-0.00198
-0.00257
-0.00237
-0.00257
-0.00237
-0.00257
-0.00237
-0.00257
-0.00296
-0.00276
-0.00315
-0.00276
-0.00315
-0.00354
-0.00374
-0.00354
-0.00335
-0.00335
-0.00335
-0.00374
-0.00393
-0.00393
-0.00335
-0.00354
-0.00374
-0.00315
-0.00374
-0.00296
-0.00315
-0.00296
-0.00315
-0.00335
-0.00335
-0.00335
-0.00296
-0.00315
-0.00315
-0.00374
-0.00296
-0.00374
-0.00335
-0.00315
-0.00335
-0.00374
-0.00354
-0.00354
-0.00335
-0.00315
-0.00296
-0.00276
-0.00276
-0.00257
-0.00257
-0.00276
-0.00218
-0.00257
-0.00237
-0.00237
-0.00257
-0.00198
-0.00276
-0.00237
-0.00237
-0.00276
-0.00276
-0.00276
-0.00276
-0.00276
-0.00296
-0.00276
-0.00296
-0.00237
-0.00257
-0.00276
-0.00257
-0.00237
-0.00237
-0.00237
-0.00237
-0.00237
-0.00198
-0.00179
-0.00218
-0.00218
-0.00179
-0.00198
-0.00159
-0.00179
-0.00198
-0.00179
-0.00237
-0.00159
-0.00198
-0.00179
-0.00198
-0.00198
-0.00218
-0.00218
-0.00218
-0.00218
-0.00237
-0.00237
-0.00237
-0.00237
-0.00218
-0.00198
-0.00218
-0.00179
-0.00237
-0.00218
-0.00218
-0.00237
-0.00218
-0.00237
-0.00218
-0.00218
-0.00237
-0.00296
-0.00237
-0.00257
-0.00237
-0.00237
-0.00198
-0.00257
-0.00296
-0.00276
-0.00276
-0.00257
-0.00237
-0.00218
-0.00218
-0.00257
-0.00237
-0.00237
-0.00198
-0.00218
-0.00218
-0.00218
-0.00198
-0.00159
-0.00159
-0.00218
-0.00237
-0.00218
-0.00257
-0.00218
-0.00198
-0.00179
-0.00198
-0.00139
-0.00179
-0.00218
-0.00179
-0.00218
-0.00139
-0.00179
-0.00218
-0.00179
-0.00179
-0.00237
-0.00237
-0.00218
-0.00218
-0.00237
-0.00257
-0.00218
-0.00198
-0.00218
-0.00237
-0.00179
-0.00257
-0.00257
-0.00276
-0.00296
-0.00276
-0.00257
-0.00296
-0.00276
-0.00315
-0.00315
-0.00354
-0.00354
-0.00335
-0.00257
