-8.170002304000E-01

-0.00257
-0.00237
-0.00257
-0.00237
-0.00257
-0.00315
-0.00276
-0.00257
-0.00237
-0.00237
-0.00218
-0.00257
-0.00237
-0.00237
-0.00218
-0.00218
-0.00237
-0.00257
-0.00257
-0.00218
-0.00276
-0.00218
-0.00237
-0.00257
-0.00198
-0.00237
-0.00218
-0.00257
-0.00218
-0.00237
-0.00218
-0.00218
-0.00237
-0.00218
-0.00198
-0.00198
-0.00198
-0.00237
-0.00257
-0.00257
-0.00237
-0.00237
-0.00257
-0.00237
-0.00257
-0.00276
-0.00257
-0.00257
-0.00218
-0.00198
-0.00237
-0.00218
-0.00198
-0.00237
-0.00276
-0.00198
-0.00218
-0.00237
-0.00218
-0.00296
-0.00237
-0.00237
-0.00257
-0.00237
-0.00257
-0.00218
-0.00198
-0.00198
-0.00218
-0.00237
-0.00237
-0.00179
-0.00179
-0.00179
-0.00159
-0.00179
-0.00179
-0.00198
-0.00179
-0.00218
-0.00179
-0.00237
-0.00179
-0.00218
-0.00237
-0.00218
-0.00237
-0.00296
-0.00276
-0.00354
-0.00276
-0.00257
-0.00257
-0.00315
-0.00257
-0.00257
-0.00257
-0.00276
-0.00296
-0.00257
-0.00257
-0.00237
-0.00257
-0.00237
-0.00218
-0.00257
-0.00218
-0.00218
-0.00218
-0.00257
-0.00257
-0.00257
-0.00179
-0.00198
-0.00218
-0.00179
-0.00179
-0.00218
-0.00179
-0.00198
-0.00179
-0.00198
-0.00179
-0.00218
-0.00179
-0.00218
-0.00218
-0.00218
-0.00218
-0.00198
-0.00218
-0.00237
-0.00237
-0.00237
-0.00198
-0.00237
-0.00237
-0.00257
-0.00276
-0.00276
-0.00276
-0.00296
-0.00257
-0.00237
-0.00296
-0.00296
-0.00296
-0.00218
-0.00237
-0.00276
-0.00296
-0.00296
-0.00296
-0.00276
-0.00276
-0.00237
-0.00257
-0.00296
-0.00276
-0.00276
-0.00257
-0.00276
-0.00237
-0.00237
-0.00257
-0.00257
-0.00257
-0.00237
-0.00257
-0.00218
-0.00218
-0.00257
-0.00257
-0.00257
-0.00198
-0.00198
-0.00198
-0.00198
-0.00237
-0.00198
-0.00179
-0.00198
-0.00218
-0.00218
-0.00218
-0.00237
-0.00198
-0.00218
-0.00218
-0.00276
-0.00276
-0.00237
-0.00218
-0.00179
-0.00198
-0.00218
-0.00237
-0.00237
-0.00218
-0.00237
-0.00218
-0.00237
-0.00198
-0.00159
-0.00042
0.00095
0.00349
0.00544
0.00818
0.0113
0.01423
0.01755
0.02029
0.0238
0.02575
0.02888
0.03142
0.03435
0.03669
0.03923
0.04216
0.04431
0.04724
0.04939
0.05271
0.05544
0.05876
0.06169
0.06462
0.06853
0.07204
0.07536
0.07868
0.08181
0.08454
0.08728
0.08962
0.09177
0.09353
0.09509
0.09685
0.09821
0.099
0.09997
0.10017
0.10114
0.10193
0.10232
0.10251
0.1031
0.10232
0.10271
0.10232
0.10193
0.10173
0.10134
0.10095
0.10036
0.09978
0.099
0.09841
0.09763
0.09665
0.09626
0.09548
0.0947
0.09372
0.09314
0.09216
0.09099
0.09001
0.08923
0.08845
0.08708
0.0865
0.08552
0.08493
0.08376
0.08279
0.08161
0.08083
0.08025
0.07907
0.0781
0.07693
0.07614
0.07497
0.07439
0.07302
0.07224
0.07126
0.07029
0.0695
0.06814
0.06696
0.06618
0.06579
0.06521
0.06423
0.06325
0.06267
0.06169
0.06169
0.06032
0.05954
0.05857
0.05779
0.0572
0.05622
0.05583
0.05505
0.05466
0.05368
0.05271
0.05232
0.05173
0.05134
0.05017
0.04978
0.04958
0.049
0.04782
0.04724
0.04704
0.04646
0.04587
0.04568
0.0447
0.04411
0.04353
0.04294
0.04294
0.04216
0.04177
0.04099
0.04079
0.04021
0.03962
0.03923
0.03884
0.03864
0.03864
0.03767
0.03728
0.03669
0.03611
0.03571
0.03552
0.03474
0.03435
0.03337
0.03318
0.03259
0.0322
0.03142
0.03161
0.03122
0.03122
0.03044
0.03005
0.02986
0.02966
0.02927
0.02888
0.02888
0.02849
0.0279
0.02751
0.0279
0.02751
0.02673
0.02654
0.02614
0.02614
0.02575
0.02497
0.02458
0.02419
0.02439
0.024
0.0238
0.02321
0.02302
0.02224
0.02243
0.02165
0.02165
0.02185
0.02107
0.02107
0.02068
0.02029
0.02029
0.0197
0.01931
0.01911
0.01892
0.01892
0.01872
0.01833
0.01794
0.01736
0.01716
0.01696
0.01677
0.01618
0.01618
0.01599
0.0154
0.0156
0.01579
0.0156
0.01501
0.01521
0.01521
0.01501
0.01521
0.01443
0.01443
0.01482
0.01443
0.01384
0.01364
0.01384
0.01364
0.01364
0.01306
0.01306
0.01306
0.01267
0.01247
0.01267
0.01247
0.01228
0.01189
0.01208
0.0115
0.0115
0.01169
0.0115
0.0115
0.01091
0.01111
0.01013
0.01052
0.01013
0.00993
0.00993
0.00974
0.00935
0.00915
0.00896
0.00935
0.00876
0.00896
0.00857
0.00818
0.00857
0.00818
0.00798
0.00818
0.00779
0.00779
0.00759
0.00759
0.00759
0.00759
0.00759
0.0072
0.00739
0.00661
0.00681
0.00642
0.00661
0.00661
0.00661
0.00642
0.00603
0.00525
0.00583
0.00603
0.00564
0.00544
0.00525
0.00564
0.00564
0.00505
0.00525
0.00486
0.00525
0.00525
0.00544
0.00505
0.00505
0.00446
0.00466
0.00505
0.00446
0.00446
0.00407
0.00466
0.00427
0.00446
0.00446
0.00427
0.00427
0.00407
0.00407
0.00407
0.00368
0.00388
0.00329
0.00388
0.0031
0.00349
0.00349
0.00368
0.00407
0.00368
0.00349
0.00349
0.00368
0.00368
0.00329
0.00329
0.0031
0.0029
0.0031
0.0031
0.0031
0.0031
0.00271
0.00251
0.0029
0.0029
0.00251
0.00271
0.00232
0.00212
0.00232
0.00212
0.00212
0.00232
0.00212
0.00232
0.00212
0.00212
0.00212
0.00212
0.00173
0.00193
0.00173
0.00173
0.00134
0.00173
0.00193
0.00154
0.00154
0.00134
0.00114
0.00154
0.00114
0.00095
0.00095
0.00134
0.00134
0.00075
0.00095
0.00095
0.00154
0.00154
0.00134
0.00114
0.00134
0.00134
0.00075
0.00134
0.00075
0.00095
0.00095
0.00114
0.00075
0.00095
0.00095
0.00036
0.00075
0.00056
0.00056
0.00095
0.00017
0.00075
0.00036
0.00075
0.00017
0.00056
0.00075
0.00017
-3e-05
0.00017
0.00017
-0.00022
-3e-05
0.00036
0.00036
-3e-05
-0.00061
-0.00022
-0.00022
-3e-05
-3e-05
-0.00061
-3e-05
-3e-05
-0.00042
-3e-05
-3e-05
-0.00022
-0.00022
-3e-05
-0.00061
-0.00081
-0.00061
-0.00022
-0.00022
-0.00042
-0.00042
-0.00022
-0.00042
-0.00022
-0.00022
-0.00042
-0.00042
-0.00061
-0.00022
-0.00022
-0.00081
-0.00022
-0.00022
-0.00042
-0.00042
-0.00042
-0.00061
-0.00022
-0.00061
-0.00061
-0.00061
-0.00081
-0.00061
-0.00061
-0.00042
-0.00022
-0.00042
-0.00042
-0.00042
-0.00061
-0.00042
-3e-05
-0.00042
-0.00061
-0.00081
-0.0012
-0.001
-0.0012
-0.0012
-0.00139
-0.0012
-0.001
-0.00081
-0.0012
-0.001
-0.0012
-0.00139
-0.0012
-0.0012
-0.0012
-0.001
-0.00081
-0.001
-0.00081
-0.00081
-0.001
-0.001
-0.00081
-0.00139
-0.00081
-0.001
-0.0012
-0.0012
-0.0012
-0.00081
-0.00081
-0.0012
-0.001
-0.0012
-0.0012
-0.0012
-0.00081
-0.0012
-0.0012
-0.0012
-0.00159
-0.0012
-0.00159
-0.00139
-0.00139
-0.00139
-0.00179
-0.00198
-0.00218
-0.00218
-0.00179
-0.00198
-0.00218
-0.00218
-0.00159
-0.00198
-0.00218
-0.00198
-0.00179
-0.00179
-0.00139
-0.00139
-0.00139
-0.00159
-0.00159
-0.00159
-0.00139
-0.00139
-0.00139
-0.00159
-0.00139
-0.0012
-0.00139
-0.0012
-0.0012
-0.001
-0.0012
-0.0012
-0.00179
-0.00139
-0.0012
-0.00139
-0.00139
-0.00139
-0.00159
-0.0012
-0.0012
-0.0012
-0.001
-0.00179
-0.001
-0.00139
-0.00139
-0.00198
-0.00159
-0.00198
-0.00179
-0.00159
-0.00159
-0.00179
-0.00198
-0.00218
-0.00218
-0.00257
-0.00257
-0.00257
-0.00257
-0.00276
-0.00257
-0.00276
-0.00276
-0.00257
-0.00218
-0.00218
-0.00218
-0.00237
-0.00218
-0.00218
-0.00179
-0.00198
-0.00198
-0.00198
-0.00198
-0.00179
-0.00179
-0.00198
-0.00198
-0.00218
-0.00237
-0.00237
-0.00198
-0.00218
-0.00218
-0.00198
-0.00257
-0.00179
-0.00257
-0.00237
-0.00257
-0.00198
-0.00198
-0.00198
-0.00218
-0.00218
-0.00257
-0.00237
-0.00257
-0.00257
-0.00257
-0.00276
-0.00276
-0.00315
-0.00296
-0.00315
-0.00276
-0.00335
-0.00315
-0.00315
-0.00296
-0.00315
-0.00296
-0.00296
-0.00257
-0.00276
-0.00257
-0.00296
-0.00237
-0.00296
-0.00296
-0.00354
-0.00296
-0.00315
-0.00315
-0.00315
-0.00257
-0.00276
-0.00237
-0.00257
-0.00257
-0.00315
-0.00296
-0.00276
-0.00276
-0.00257
-0.00237
-0.00276
-0.00276
-0.00276
-0.00237
-0.00237
-0.00237
-0.00257
-0.00218
-0.00237
-0.00198
-0.00237
-0.00257
-0.00237
-0.00218
-0.00198
-0.00218
-0.00198
-0.00159
-0.00159
-0.00159
-0.00179
-0.00179
-0.00179
-0.00179
-0.00179
-0.00179
-0.0012
-0.00139
-0.001
-0.00081
-0.00081
-0.00081
-0.00081
-0.00081
-0.00042
-3e-05
-0.00061
-0.00042
-0.00042
0.00017
-0.00022
0.00036
-3e-05
-3e-05
-3e-05
-0.00022
-0.00022
-0.00042
-0.00022
-0.00042
-0.00061
-0.00022
-0.00042
-3e-05
-0.00081
-0.00022
-0.00081
-0.00061
-0.00022
-0.00042
-0.00022
-0.00022
-0.00022
-3e-05
-0.00022
-0.00042
-0.00061
-3e-05
-0.00061
-3e-05
-3e-05
-0.00042
-0.00081
-0.00061
-0.00061
-0.00081
-0.001
-0.00022
-0.00042
-0.00081
-0.00042
-0.0012
-0.001
-0.001
-0.001
-0.0012
-0.00139
-0.00139
-0.0012
-0.00159
-0.00159
-0.00179
-0.00159
-0.00218
-0.00218
-0.00198
-0.00296
-0.00296
-0.00335
-0.00257
-0.00315
-0.00354
-0.00393
-0.00413
-0.00393
-0.00452
-0.00471
-0.00471
-0.00491
-0.00491
-0.00491
-0.00511
-0.0055
-0.0053
-0.0053
-0.00589
-0.00628
-0.00608
-0.00569
-0.00569
-0.00608
-0.00589
-0.00589
-0.00608
-0.0055
-0.00569
-0.00589
-0.00569
-0.0055
-0.0055
-0.0053
-0.0053
-0.00471
-0.0055
-0.00491
-0.00491
-0.00471
-0.00432
-0.00452
-0.00432
-0.00511
-0.00413
-0.00432
-0.00393
-0.00393
-0.00354
-0.00374
-0.00315
-0.00335
-0.00335
-0.00315
-0.00296
-0.00296
-0.00335
-0.00296
-0.00296
-0.00257
-0.00296
-0.00276
-0.00276
-0.00237
-0.00257
-0.00218
-0.00257
-0.00237
-0.00257
-0.00218
-0.00237
-0.00237
-0.00179
-0.00179
-0.00218
-0.00159
-0.00159
-0.00159
-0.00198
-0.00179
-0.00179
-0.00139
-0.00198
-0.00159
-0.00159
-0.00179
-0.00179
-0.00198
-0.0012
-0.00139
-0.00139
-0.00198
-0.00179
-0.00218
-0.00159
-0.00179
-0.00237
-0.00179
-0.00139
-0.00159
-0.00179
-0.00159
-0.00159
-0.00198
-0.00179
-0.00198
-0.00159
-0.00218
-0.00139
-0.00159
-0.0012
-0.00179
-0.00179
-0.00198
-0.0012
-0.00159
-0.0012
-0.0012
-0.00139
-0.0012
-0.001
-0.00081
-0.00061
-0.001
-0.001
-0.0012
-0.00081
-0.001
-0.00061
-0.00061
-0.00042
-0.0012
-0.00081
-0.001
-0.001
-0.00139
-0.00139
-0.0012
-0.0012
-0.00139
-0.00139
-0.00198
-0.00237
-0.00218
-0.00257
-0.00257
-0.00237
-0.00296
-0.00315
-0.00354
-0.00335
-0.00335
-0.00296
-0.00374
-0.00354
-0.00393
-0.00354
-0.00354
-0.00413
-0.00374
-0.00393
-0.00393
-0.00374
-0.00413
-0.00393
-0.00374
-0.00393
-0.00374
-0.00374
-0.00354
-0.00354
-0.00354
-0.00276
-0.00354
-0.00315
-0.00315
-0.00276
-0.00237
-0.00237
-0.00237
-0.00237
-0.00218
-0.00179
-0.00218
-0.0012
-0.00159
-0.001
-0.00139
-0.0012
-0.001
-0.00061
-0.00061
-0.00061
-0.00042
-0.00061
-0.00042
-0.00061
-0.00061
0.00017
-0.00061
-0.00022
-0.00022
-0.00022
-3e-05
-0.00022
-0.00042
-0.00042
-0.00061
-0.00061
-0.00042
-0.00042
-0.00081
-0.00081
-0.00139
-0.001
-0.00159
-0.00198
-0.00179
-0.00159
-0.00218
-0.00198
-0.00218
-0.00198
-0.00218
-0.00257
-0.00257
-0.00276
-0.00315
-0.00374
-0.00374
-0.00374
-0.00393
-0.00354
-0.00335
-0.00374
-0.00413
-0.00432
-0.00413
-0.00393
-0.00393
-0.00354
-0.00354
-0.00374
-0.00393
-0.00393
-0.00393
-0.00296
-0.00354
-0.00354
-0.00335
-0.00354
-0.00315
-0.00335
-0.00335
-0.00335
-0.00354
-0.00276
-0.00237
