-7.510002112000E-01

-0.00218
-0.00218
-0.00257
-0.00276
-0.00257
-0.00257
-0.00257
-0.00296
-0.00296
-0.00257
-0.00257
-0.00218
-0.00257
-0.00257
-0.00257
-0.00315
-0.00354
-0.00276
-0.00296
-0.00296
-0.00296
-0.00276
-0.00257
-0.00276
-0.00276
-0.00296
-0.00296
-0.00296
-0.00296
-0.00276
-0.00276
-0.00296
-0.00296
-0.00276
-0.00276
-0.00335
-0.00354
-0.00315
-0.00296
-0.00315
-0.00315
-0.00335
-0.00354
-0.00296
-0.00315
-0.00335
-0.00374
-0.00315
-0.00296
-0.00354
-0.00276
-0.00335
-0.00296
-0.00315
-0.00296
-0.00296
-0.00237
-0.00257
-0.00257
-0.00296
-0.00276
-0.00257
-0.00237
-0.00276
-0.00257
-0.00218
-0.00257
-0.00257
-0.00257
-0.00237
-0.00198
-0.00237
-0.00257
-0.00237
-0.00179
-0.00218
-0.00218
-0.00218
-0.00218
-0.00257
-0.00257
-0.00237
-0.00257
-0.00276
-0.00257
-0.00257
-0.00276
-0.00237
-0.00276
-0.00296
-0.00257
-0.00276
-0.00257
-0.00257
-0.00257
-0.00276
-0.00237
-0.00296
-0.00257
-0.00296
-0.00296
-0.00257
-0.00237
-0.00315
-0.00276
-0.00276
-0.00296
-0.00296
-0.00276
-0.00296
-0.00296
-0.00296
-0.00315
-0.00315
-0.00354
-0.00296
-0.00276
-0.00335
-0.00335
-0.00354
-0.00296
-0.00315
-0.00315
-0.00315
-0.00315
-0.00315
-0.00315
-0.00315
-0.00296
-0.00315
-0.00257
-0.00315
-0.00218
-0.00257
-0.00237
-0.00257
-0.00237
-0.00296
-0.00296
-0.00257
-0.00257
-0.00276
-0.00237
-0.00296
-0.00276
-0.00237
-0.00218
-0.00218
-0.00257
-0.00218
-0.00237
-0.00257
-0.00179
-0.00218
-0.00139
-0.00159
-0.00159
-0.00198
-0.00159
-0.00179
-0.00179
-0.00237
-0.00257
-0.00257
-0.00257
-0.00198
-0.00237
-0.00315
-0.00315
-0.00296
-0.00296
-0.00315
-0.00276
-0.00296
-0.00296
-0.00354
-0.00315
-0.00296
-0.00315
-0.00315
-0.00374
-0.00315
-0.00276
-0.00335
-0.00315
-0.00296
-0.00296
-0.00296
-0.00276
-0.00335
-0.00335
-0.00374
-0.00335
-0.00276
-0.00257
-0.00237
-0.00139
-0.00042
0.00095
0.00232
0.00349
0.00466
0.00564
0.00661
0.00759
0.00876
0.00974
0.01032
0.01071
0.01111
0.01208
0.01208
0.01345
0.01345
0.01423
0.01443
0.01482
0.01462
0.01501
0.01482
0.01696
0.01814
0.02048
0.0238
0.02771
0.03181
0.0365
0.04099
0.04489
0.049
0.05349
0.05837
0.06247
0.06696
0.07126
0.07517
0.07966
0.08376
0.08708
0.09157
0.09548
0.09861
0.10095
0.10388
0.10642
0.10857
0.11052
0.11228
0.11345
0.11482
0.11579
0.11677
0.11716
0.11794
0.11833
0.11833
0.11892
0.11931
0.11911
0.11872
0.11833
0.11794
0.11755
0.11677
0.11599
0.11579
0.11462
0.11364
0.11325
0.11247
0.11169
0.11032
0.10915
0.10798
0.107
0.10622
0.10544
0.10427
0.1029
0.10193
0.10075
0.10017
0.09841
0.09724
0.09665
0.09509
0.0945
0.09333
0.09177
0.0904
0.08923
0.08825
0.0865
0.08611
0.08493
0.08337
0.08259
0.08122
0.08025
0.07907
0.0779
0.07673
0.07517
0.07419
0.07341
0.07282
0.07185
0.07126
0.07009
0.0697
0.06911
0.06794
0.06716
0.06599
0.06599
0.06501
0.06404
0.06345
0.06247
0.06228
0.06111
0.06071
0.06032
0.05915
0.05857
0.05759
0.05739
0.057
0.05622
0.05525
0.05466
0.05407
0.05349
0.0529
0.05232
0.05134
0.05114
0.05056
0.04978
0.04919
0.04861
0.04782
0.04743
0.04724
0.04587
0.04548
0.0445
0.04372
0.04294
0.04236
0.04177
0.04118
0.04118
0.04099
0.04021
0.03884
0.03884
0.03864
0.03825
0.03767
0.03708
0.0363
0.03611
0.03571
0.03571
0.03493
0.03415
0.03396
0.03376
0.03337
0.03318
0.03259
0.03239
0.03161
0.03103
0.03064
0.03064
0.02986
0.02986
0.02986
0.02966
0.02888
0.02888
0.02849
0.0281
0.02771
0.0279
0.02673
0.02634
0.02595
0.02614
0.02536
0.02497
0.02419
0.02419
0.024
0.02478
0.02341
0.02302
0.02282
0.02263
0.02243
0.02185
0.02165
0.02146
0.02126
0.02087
0.02048
0.02068
0.02029
0.02029
0.01989
0.0195
0.01911
0.01892
0.01853
0.01872
0.01814
0.01833
0.01775
0.01755
0.01755
0.01716
0.01677
0.01677
0.01638
0.01638
0.01657
0.01599
0.01579
0.01521
0.01501
0.0154
0.01501
0.01482
0.01462
0.01462
0.01443
0.01423
0.01404
0.01384
0.01325
0.01325
0.01325
0.01306
0.01267
0.01228
0.01169
0.01208
0.01189
0.01169
0.0113
0.01111
0.01111
0.01111
0.01071
0.01052
0.00993
0.00993
0.00935
0.01013
0.00993
0.00974
0.00935
0.00896
0.00896
0.00896
0.00896
0.00876
0.00915
0.00915
0.00876
0.00857
0.00857
0.00876
0.00818
0.00837
0.00798
0.00837
0.00759
0.00779
0.00739
0.0072
0.007
0.007
0.00661
0.007
0.007
0.00642
0.00622
0.00661
0.00642
0.00642
0.00622
0.00642
0.00661
0.00603
0.00564
0.00583
0.00544
0.00525
0.00525
0.00466
0.00446
0.00446
0.00486
0.00407
0.00427
0.00427
0.00446
0.00466
0.00407
0.00427
0.00427
0.00388
0.00407
0.00349
0.00368
0.00349
0.00349
0.00329
0.00349
0.00368
0.00368
0.00349
0.00368
0.00368
0.00329
0.0031
0.00349
0.00368
0.00329
0.00368
0.00368
0.00349
0.00349
0.00368
0.00349
0.00329
0.0031
0.00329
0.0031
0.0031
0.0029
0.0031
0.00271
0.0029
0.00271
0.00232
0.0029
0.00251
0.00271
0.00232
0.00251
0.00212
0.00251
0.00251
0.00232
0.00193
0.00173
0.00154
0.00154
0.00134
0.00095
0.00114
0.00095
0.00114
0.00056
0.00114
0.00095
0.00075
0.00114
0.00154
0.00114
0.00095
0.00075
0.00134
0.00154
0.00154
0.00134
0.00095
0.00095
0.00114
0.00134
0.00095
0.00095
0.00114
0.00095
0.00095
0.00075
0.00075
0.00075
0.00075
0.00075
0.00056
0.00017
0.00036
0.00036
0.00056
0.00095
0.00056
0.00056
0.00075
0.00075
0.00056
0.00017
0.00036
0.00017
0.00017
0.00056
-3e-05
-0.00042
-0.00022
-0.00022
-3e-05
-3e-05
-0.00022
-0.00022
-3e-05
-0.00061
-3e-05
-0.00061
-0.00061
-0.00061
-0.00042
-0.00081
-0.00061
-0.00081
-0.00081
-0.0012
-0.00061
-0.00022
-0.00042
-0.00022
-0.00022
-0.00022
0.00017
0.00017
-0.00042
-0.00042
-0.00081
-0.00081
-0.00081
-0.00081
-0.00081
-0.00081
-0.0012
-0.00139
-0.0012
-0.0012
-0.0012
-0.00159
-0.0012
-0.00159
-0.00139
-0.00237
-0.00159
-0.001
-0.0012
-0.00179
-0.00139
-0.00159
-0.00179
-0.00159
-0.00179
-0.00198
-0.00198
-0.00218
-0.00179
-0.00159
-0.00139
-0.00159
-0.00159
-0.0012
-0.0012
-0.00159
-0.00139
-0.0012
-0.00139
-0.00159
-0.00179
-0.00139
-0.0012
-0.00139
-0.0012
-0.00139
-0.001
-0.00081
-0.00081
-0.001
-0.001
-0.0012
-0.00139
-0.00139
-0.0012
-0.0012
-0.00159
-0.00159
-0.00179
-0.00198
-0.0012
-0.00159
-0.00081
-0.00159
-0.00159
-0.00139
-0.00139
-0.00159
-0.00179
-0.00198
-0.00179
-0.00179
-0.00179
-0.00139
-0.00218
-0.00198
-0.00179
-0.00198
-0.00179
-0.00218
-0.00198
-0.00218
-0.00237
-0.00296
-0.00237
-0.00257
-0.00237
-0.00198
-0.00218
-0.00198
-0.00198
-0.00218
-0.00179
-0.00218
-0.00159
-0.00179
-0.00218
-0.00179
-0.00139
-0.00218
-0.00198
-0.00159
-0.00179
-0.00198
-0.00179
-0.00179
-0.00218
-0.00237
-0.00179
-0.00198
-0.00159
-0.00218
-0.00218
-0.00179
-0.00179
-0.00218
-0.00198
-0.00237
-0.00198
-0.00218
-0.00198
-0.00198
-0.00179
-0.00198
-0.00218
-0.00218
-0.00296
-0.00257
-0.00218
-0.00198
-0.00198
-0.00237
-0.00237
-0.00237
-0.00237
-0.00257
-0.00257
-0.00237
-0.00218
-0.00218
-0.00218
-0.00218
-0.00237
-0.00198
-0.00218
-0.00159
-0.00179
-0.00159
-0.00179
-0.00218
-0.00159
-0.00237
-0.00198
-0.00198
-0.00159
-0.00179
-0.00218
-0.00218
-0.00257
-0.00276
-0.00218
-0.00237
-0.00218
-0.00237
-0.00257
-0.00276
-0.00296
-0.00237
-0.00237
-0.00237
-0.00257
-0.00257
-0.00296
-0.00257
-0.00276
-0.00315
-0.00257
-0.00276
-0.00296
-0.00296
-0.00296
-0.00276
-0.00296
-0.00315
-0.00296
-0.00296
-0.00276
-0.00276
-0.00276
-0.00296
-0.00315
-0.00315
-0.00315
-0.00296
-0.00315
-0.00237
-0.00257
-0.00296
-0.00296
-0.00276
-0.00257
-0.00257
-0.00257
-0.00257
-0.00237
-0.00276
-0.00296
-0.00315
-0.00276
-0.00257
-0.00276
-0.00296
-0.00237
-0.00257
-0.00237
-0.00296
-0.00257
-0.00237
-0.00237
-0.00257
-0.00218
-0.00276
-0.00218
-0.00237
-0.00237
-0.00257
-0.00237
-0.00276
-0.00218
-0.00276
-0.00276
-0.00315
-0.00296
-0.00296
-0.00296
-0.00315
-0.00296
-0.00296
-0.00296
-0.00276
-0.00354
-0.00335
-0.00315
-0.00335
-0.00296
-0.00315
-0.00276
-0.00276
-0.00237
-0.00257
-0.00237
-0.00276
-0.00257
-0.00237
-0.00257
-0.00276
-0.00276
-0.00296
-0.00296
-0.00315
-0.00296
-0.00296
-0.00257
-0.00335
-0.00296
-0.00257
-0.00276
-0.00257
-0.00296
-0.00296
-0.00276
-0.00296
-0.00276
-0.00296
-0.00257
-0.00237
-0.00257
-0.00257
-0.00237
-0.00237
-0.00257
-0.00257
-0.00257
-0.00296
-0.00257
-0.00257
-0.00276
-0.00257
-0.00276
-0.00296
-0.00296
-0.00296
-0.00237
-0.00276
-0.00296
-0.00296
-0.00296
-0.00237
-0.00276
-0.00296
-0.00257
-0.00276
-0.00257
-0.00257
-0.00276
-0.00198
-0.00296
-0.00218
-0.00257
-0.00237
-0.00237
-0.00276
-0.00257
-0.00257
-0.00296
-0.00296
-0.00237
-0.00257
-0.00257
-0.00296
-0.00276
-0.00335
-0.00335
-0.00315
-0.00335
-0.00315
-0.00335
-0.00315
-0.00315
-0.00335
-0.00354
-0.00374
-0.00276
-0.00335
-0.00374
-0.00354
-0.00335
-0.00276
-0.00296
-0.00315
-0.00315
-0.00335
-0.00315
-0.00296
-0.00315
-0.00257
-0.00296
-0.00296
-0.00218
-0.00198
-0.00237
-0.00257
-0.00237
-0.00257
-0.00218
-0.00257
-0.00257
-0.00198
-0.00237
-0.00237
-0.00218
-0.00198
-0.00198
-0.00198
-0.00179
-0.00257
-0.00257
-0.00257
-0.00237
-0.00218
-0.00218
-0.00257
-0.00276
-0.00276
-0.00257
-0.00276
-0.00257
-0.00257
-0.00276
-0.00276
-0.00296
-0.00257
-0.00257
-0.00276
-0.00296
-0.00296
-0.00315
-0.00335
-0.00315
-0.00354
-0.00335
-0.00335
-0.00315
-0.00335
-0.00335
-0.00374
-0.00335
-0.00335
-0.00354
-0.00354
-0.00354
-0.00335
-0.00315
-0.00374
-0.00393
-0.00354
-0.00276
-0.00296
-0.00276
-0.00296
-0.00315
-0.00296
-0.00276
-0.00276
-0.00315
-0.00296
-0.00276
-0.00276
-0.00257
-0.00296
-0.00218
-0.00296
-0.00237
-0.00237
-0.00237
-0.00257
-0.00257
-0.00276
-0.00315
-0.00276
-0.00257
-0.00257
-0.00237
-0.00218
-0.00237
-0.00276
-0.00257
-0.00218
-0.00237
-0.00237
-0.00276
-0.00257
-0.00276
-0.00276
-0.00257
-0.00276
-0.00296
-0.00276
-0.00257
-0.00276
-0.00257
-0.00257
-0.00276
-0.00218
-0.00198
-0.00276
-0.00257
-0.00257
-0.00257
-0.00296
-0.00218
-0.00257
-0.00237
-0.00296
-0.00218
-0.00276
-0.00218
-0.00237
-0.00257
-0.00218
-0.00218
-0.00257
-0.00237
-0.00237
-0.00257
-0.00296
-0.00237
-0.00296
-0.00257
-0.00276
-0.00276
-0.00335
-0.00296
-0.00296
-0.00276
-0.00257
-0.00276
-0.00296
-0.00276
-0.00276
-0.00276
-0.00237
-0.00296
-0.00296
-0.00257
-0.00276
-0.00276
-0.00296
-0.00315
-0.00296
-0.00276
-0.00296
-0.00335
-0.00257
-0.00276
-0.00237
-0.00315
-0.00296
-0.00257
-0.00296
-0.00237
-0.00276
-0.00276
-0.00296
-0.00315
-0.00315
-0.00315
-0.00276
-0.00315
-0.00276
-0.00257
-0.00257
-0.00257
-0.00276
-0.00257
-0.00296
-0.00315
-0.00335
-0.00354
-0.00315
-0.00257
-0.00296
-0.00335
-0.00257
-0.00276
-0.00315
-0.00296
-0.00296
-0.00257
-0.00296
-0.00257
-0.00296
-0.00315
-0.00315
-0.00296
-0.00296
-0.00296
-0.00296
-0.00315
-0.00315
-0.00296
-0.00296
-0.00257
-0.00296
-0.00335
-0.00335
-0.00315
-0.00335
-0.00335
-0.00335
