-1.670000467200E+00

-0.00276
-0.00257
-0.00237
-0.00276
-0.00237
-0.00257
-0.00257
-0.00257
-0.00218
-0.00237
-0.00237
-0.00276
-0.00218
-0.00237
-0.00237
-0.00218
-0.00257
-0.00237
-0.00198
-0.00179
-0.00179
-0.00237
-0.00218
-0.00218
-0.00198
-0.00198
-0.00218
-0.00218
-0.00218
-0.00218
-0.00218
-0.00218
-0.00218
-0.00237
-0.00257
-0.00257
-0.00315
-0.00296
-0.00335
-0.00315
-0.00335
-0.00315
-0.00335
-0.00354
-0.00335
-0.00315
-0.00335
-0.00315
-0.00315
-0.00335
-0.00335
-0.00374
-0.00335
-0.00374
-0.00354
-0.00354
-0.00354
-0.00335
-0.00374
-0.00354
-0.00354
-0.00354
-0.00354
-0.00315
-0.00296
-0.00296
-0.00335
-0.00315
-0.00315
-0.00296
-0.00257
-0.00257
-0.00257
-0.00276
-0.00257
-0.00218
-0.00257
-0.00276
-0.00257
-0.00218
-0.00257
-0.00257
-0.00237
-0.00237
-0.00218
-0.00237
-0.00257
-0.00237
-0.00257
-0.00218
-0.00257
-0.00296
-0.00296
-0.00296
-0.00315
-0.00218
-0.00296
-0.00257
-0.00257
-0.00296
-0.00276
-0.00296
-0.00296
-0.00296
-0.00335
-0.00335
-0.00354
-0.00276
-0.00296
-0.00315
-0.00315
-0.00276
-0.00315
-0.00335
-0.00315
-0.00296
-0.00296
-0.00296
-0.00315
-0.00315
-0.00276
-0.00237
-0.00237
-0.00257
-0.00237
-0.00237
-0.00296
-0.00257
-0.00276
-0.00257
-0.00218
-0.00237
-0.00257
-0.00257
-0.00237
-0.00257
-0.00257
-0.00237
-0.00257
-0.00296
-0.00257
-0.00237
-0.00237
-0.00218
-0.00276
-0.00296
-0.00276
-0.00218
-0.00218
-0.00237
-0.00276
-0.00257
-0.00315
-0.00257
-0.00315
-0.00296
-0.00257
-0.00257
-0.00237
-0.00218
-0.00296
-0.00315
-0.00296
-0.00296
-0.00296
-0.00335
-0.00315
-0.00315
-0.00315
-0.00276
-0.00257
-0.00257
-0.00237
-0.00237
-0.00257
-0.00218
-0.00276
-0.00257
-0.00315
-0.00257
-0.00257
-0.00237
-0.00218
-0.00257
-0.00218
-0.00218
-0.0012
-0.00022
0.00095
0.00173
0.0031
0.00466
0.00505
0.00642
0.00681
0.00779
0.00896
0.00935
0.00993
0.01032
0.01091
0.0115
0.01189
0.01208
0.01228
0.01306
0.01306
0.01325
0.01286
0.01364
0.01384
0.01384
0.01384
0.01404
0.01404
0.01423
0.01462
0.01462
0.01423
0.01443
0.01462
0.01443
0.01482
0.0156
0.01657
0.01755
0.01911
0.02146
0.02341
0.02614
0.02849
0.03142
0.03474
0.03845
0.04236
0.04626
0.04997
0.0529
0.05661
0.05993
0.06286
0.06501
0.06794
0.06911
0.07126
0.07282
0.0738
0.07575
0.07654
0.0779
0.07888
0.07966
0.08044
0.08005
0.08083
0.08122
0.08122
0.08122
0.08083
0.08142
0.08103
0.08122
0.08025
0.08005
0.07946
0.07907
0.07829
0.07829
0.07771
0.07712
0.07654
0.07595
0.07497
0.07439
0.07361
0.07263
0.07165
0.07087
0.07068
0.0697
0.06892
0.06833
0.06775
0.06716
0.06677
0.06501
0.06482
0.06364
0.06364
0.06286
0.06208
0.06071
0.06013
0.05915
0.05857
0.05759
0.0572
0.05642
0.05583
0.05486
0.05407
0.05349
0.05271
0.05212
0.05134
0.05095
0.05036
0.04978
0.049
0.04841
0.04821
0.04724
0.04646
0.04607
0.04568
0.04509
0.0447
0.04333
0.04294
0.04294
0.04216
0.04099
0.0404
0.04021
0.04021
0.03943
0.03884
0.03845
0.03767
0.03767
0.03708
0.0363
0.03611
0.03571
0.03513
0.03513
0.03435
0.03435
0.03396
0.03318
0.03259
0.032
0.03142
0.03142
0.03103
0.03083
0.03005
0.02966
0.02986
0.02907
0.02907
0.02868
0.02751
0.02771
0.02712
0.02693
0.02634
0.02654
0.02614
0.02595
0.02556
0.02478
0.02478
0.02439
0.02419
0.024
0.024
0.02302
0.02302
0.02282
0.02204
0.02204
0.02204
0.02185
0.02146
0.02048
0.02048
0.02029
0.02009
0.0197
0.0195
0.01931
0.0195
0.01911
0.01892
0.01833
0.01775
0.01775
0.01775
0.01775
0.01696
0.01696
0.01638
0.01657
0.01599
0.01638
0.01638
0.01579
0.0154
0.01579
0.01482
0.01482
0.01443
0.01384
0.01462
0.01443
0.01423
0.01325
0.01384
0.01306
0.01267
0.01247
0.01247
0.01286
0.01267
0.01286
0.01267
0.01189
0.01189
0.0115
0.0115
0.01111
0.01111
0.01032
0.01032
0.01013
0.00993
0.00974
0.00954
0.00954
0.00915
0.00935
0.00915
0.00896
0.00876
0.00857
0.00896
0.00896
0.00857
0.00857
0.00876
0.00818
0.00818
0.00818
0.00779
0.00759
0.0072
0.00739
0.00759
0.00739
0.00759
0.00739
0.0072
0.00661
0.007
0.00661
0.00661
0.00661
0.00681
0.00642
0.00603
0.00642
0.00622
0.00583
0.00622
0.00564
0.00583
0.00583
0.00564
0.00544
0.00564
0.00544
0.00564
0.00525
0.00525
0.00505
0.00466
0.00505
0.00486
0.00427
0.00446
0.00427
0.00407
0.00427
0.00407
0.00388
0.00388
0.00388
0.00407
0.00407
0.00427
0.00368
0.00388
0.00368
0.00388
0.00349
0.00368
0.00329
0.00349
0.0031
0.00349
0.0031
0.0031
0.00251
0.0031
0.00251
0.0029
0.00251
0.00232
0.00212
0.00251
0.00232
0.00212
0.00193
0.00173
0.00212
0.00193
0.00173
0.00212
0.00173
0.00193
0.00154
0.00154
0.00173
0.00173
0.00173
0.00154
0.00075
0.00134
0.00114
0.00095
0.00134
0.00114
0.00114
0.00114
0.00095
0.00134
0.00134
0.00114
0.00075
0.00114
0.00114
0.00114
0.00114
0.00095
0.00114
0.00075
0.00134
0.00095
0.00056
0.00075
0.00095
0.00134
0.00154
0.00075
0.00075
0.00036
0.00017
0.00017
0.00056
0.00056
0.00036
-3e-05
0.00017
0.00017
-0.00061
-0.00061
-0.00081
-3e-05
-0.00022
-0.00042
-0.00061
-0.00042
-0.00022
-3e-05
-0.00022
-0.00022
-0.00042
0.00017
-0.00042
-0.00022
-0.00061
-0.00061
-0.00081
-0.00022
-3e-05
-0.00042
-0.00081
-0.00061
-0.0012
-0.00081
-0.00042
-0.00042
-0.00042
-0.00022
-0.00081
-0.00061
-0.00081
-0.00061
-0.00061
-0.00042
-0.00022
-0.00061
-0.00081
-0.00042
-0.00042
-0.00061
-0.001
-0.00061
-0.001
-0.00081
-0.00081
-0.00061
-0.0012
-0.00139
-0.0012
-0.00159
-0.001
-0.00139
-0.001
-0.00081
-0.00061
-0.00042
-0.00081
-0.00061
-0.00081
-0.001
-0.001
-0.00061
-0.00042
-0.00081
-0.001
-0.0012
-0.001
-0.00139
-0.0012
-0.001
-0.00179
-0.00159
-0.00139
-0.00139
-0.00159
-0.00139
-0.00159
-0.00139
-0.00159
-0.0012
-0.00081
-0.0012
-0.001
-0.00159
-0.00139
-0.0012
-0.00179
-0.00159
-0.00198
-0.00179
-0.0012
-0.00159
-0.00139
-0.00179
-0.00218
-0.00237
-0.00237
-0.00218
-0.00257
-0.00237
-0.00218
-0.00218
-0.00237
-0.00218
-0.00218
-0.00218
-0.00257
-0.00276
-0.00237
-0.00237
-0.00237
-0.00198
-0.00218
-0.00198
-0.00218
-0.00218
-0.00237
-0.00218
-0.00237
-0.00237
-0.00257
-0.00257
-0.00257
-0.00257
-0.00237
-0.00237
-0.00218
-0.00218
-0.00218
-0.00179
-0.00218
-0.00198
-0.00198
-0.00198
-0.00179
-0.00198
-0.00139
-0.00139
-0.00198
-0.00159
-0.00198
-0.00198
-0.00218
-0.00198
-0.00237
-0.00198
-0.00179
-0.00179
-0.00218
-0.00218
-0.00179
-0.00237
-0.00179
-0.00218
-0.00276
-0.00237
-0.00237
-0.00218
-0.00237
-0.00179
-0.00179
-0.00179
-0.00179
-0.00237
-0.00198
-0.00198
-0.00257
-0.00237
-0.00198
-0.00218
-0.00179
-0.00218
-0.00218
-0.00218
-0.00237
-0.00257
-0.00257
-0.00218
-0.00218
-0.00218
-0.00237
-0.00218
-0.00237
-0.00218
-0.00218
-0.00198
-0.00198
-0.00179
-0.00198
-0.00198
-0.00218
-0.00218
-0.00198
-0.00218
-0.00257
-0.00237
-0.00257
-0.00237
-0.00257
-0.00257
-0.00237
-0.00257
-0.00237
-0.00257
-0.00257
-0.00276
-0.00296
-0.00296
-0.00276
-0.00315
-0.00257
-0.00257
-0.00257
-0.00237
-0.00237
-0.00218
-0.00237
-0.00237
-0.00276
-0.00296
-0.00296
-0.00276
-0.00315
-0.00315
-0.00296
-0.00296
-0.00296
-0.00296
-0.00315
-0.00315
-0.00296
-0.00296
-0.00257
-0.00257
-0.00315
-0.00315
-0.00276
-0.00276
-0.00276
-0.00276
-0.00276
-0.00315
-0.00276
-0.00237
-0.00257
-0.00218
-0.00237
-0.00237
-0.00276
-0.00315
-0.00296
-0.00315
-0.00257
-0.00276
-0.00276
-0.00276
-0.00257
-0.00354
-0.00296
-0.00276
-0.00296
-0.00296
-0.00257
-0.00257
-0.00257
-0.00218
-0.00257
-0.00237
-0.00257
-0.00237
-0.00315
-0.00296
-0.00335
-0.00315
-0.00335
-0.00296
-0.00296
-0.00257
-0.00296
-0.00276
-0.00296
-0.00315
-0.00257
-0.00276
-0.00335
-0.00237
-0.00257
-0.00218
-0.00237
-0.00218
-0.00179
-0.00218
-0.00218
-0.00198
-0.00218
-0.00237
-0.00218
-0.00237
-0.00237
-0.00257
-0.00218
-0.00218
-0.00218
-0.00218
-0.00237
-0.00237
-0.00257
-0.00315
-0.00257
-0.00237
-0.00257
-0.00276
-0.00237
-0.00257
-0.00237
-0.00257
-0.00257
-0.00237
-0.00237
-0.00276
-0.00276
-0.00276
-0.00296
-0.00296
-0.00296
-0.00315
-0.00315
-0.00296
-0.00315
-0.00296
-0.00315
-0.00315
-0.00335
-0.00315
-0.00335
-0.00296
-0.00276
-0.00276
-0.00296
-0.00296
-0.00276
-0.00257
-0.00296
-0.00237
-0.00237
-0.00237
-0.00257
-0.00237
-0.00276
-0.00218
-0.00257
-0.00276
-0.00237
-0.00218
-0.00237
-0.00276
-0.00296
-0.00296
-0.00218
-0.00315
-0.00237
-0.00276
-0.00218
-0.00237
-0.00218
-0.00276
-0.00237
-0.00237
-0.00257
-0.00218
-0.00237
-0.00276
-0.00237
-0.00198
-0.00237
-0.00237
-0.00218
-0.00218
-0.00296
-0.00257
-0.00276
-0.00218
-0.00237
-0.00257
-0.00257
-0.00296
-0.00315
-0.00296
-0.00315
-0.00276
-0.00276
-0.00296
-0.00296
-0.00315
-0.00296
-0.00296
-0.00335
-0.00218
-0.00257
-0.00296
-0.00315
-0.00257
-0.00257
-0.00237
-0.00315
-0.00276
-0.00276
-0.00237
-0.00296
-0.00276
-0.00315
-0.00315
-0.00296
-0.00335
-0.00315
-0.00354
-0.00335
-0.00354
-0.00374
-0.00335
-0.00374
-0.00315
-0.00335
-0.00335
-0.00315
-0.00315
-0.00276
-0.00315
-0.00354
-0.00335
-0.00315
-0.00296
-0.00335
-0.00296
-0.00276
-0.00374
-0.00315
-0.00315
-0.00354
-0.00335
-0.00296
-0.00315
-0.00296
-0.00315
-0.00276
-0.00276
-0.00296
-0.00315
-0.00315
-0.00276
-0.00276
-0.00257
-0.00237
-0.00237
-0.00296
-0.00237
-0.00257
-0.00276
-0.00257
-0.00237
-0.00237
-0.00237
-0.00257
-0.00296
-0.00315
-0.00296
-0.00296
-0.00315
-0.00296
-0.00276
-0.00257
-0.00296
-0.00276
-0.00315
-0.00315
-0.00276
-0.00296
-0.00315
-0.00296
-0.00296
-0.00276
-0.00296
-0.00276
-0.00296
-0.00354
-0.00335
-0.00276
-0.00296
-0.00296
-0.00315
-0.00315
-0.00335
-0.00296
-0.00276
-0.00354
-0.00315
-0.00315
-0.00296
-0.00257
-0.00296
-0.00296
-0.00315
-0.00296
-0.00276
-0.00237
-0.00276
-0.00257
-0.00276
-0.00257
-0.00276
-0.00257
-0.00296
-0.00296
-0.00315
-0.00276
-0.00276
-0.00276
-0.00237
-0.00315
-0.00296
-0.00315
-0.00315
-0.00296
-0.00276
-0.00257
-0.00218
-0.00257
-0.00237
-0.00276
-0.00257
-0.00257
-0.00276
-0.00218
-0.00237
-0.00276
-0.00315
-0.00237
-0.00315
-0.00296
-0.00257
-0.00335
-0.00335
-0.00315
-0.00276
-0.00335
-0.00257
-0.00257
-0.00276
-0.00315
-0.00315
-0.00257
-0.00276
-0.00237
-0.00296
-0.00257
-0.00276
-0.00276
-0.00276
-0.00296
-0.00315
-0.00315
-0.00315
-0.00335
-0.00354
-0.00354
-0.00374
-0.00354
-0.00374
-0.00374
-0.00354
-0.00393
-0.00374
-0.00393
-0.00393
-0.00354
-0.00393
-0.00374
-0.00315
-0.00354
-0.00335
-0.00354
-0.00335
-0.00374
-0.00393
-0.00335
-0.00335
-0.00335
-0.00374
-0.00354
-0.00335
-0.00315
-0.00335
-0.00315
-0.00335
-0.00354
-0.00335
-0.00374
-0.00315
-0.00276
-0.00276
-0.00257
-0.00315
-0.00296
-0.00276
-0.00296
-0.00276
-0.00257
-0.00237
-0.00276
-0.00257
-0.00237
-0.00296
-0.00315
-0.00315
-0.00276
-0.00296
-0.00276
-0.00276
-0.00296
-0.00315
-0.00335
-0.00354
-0.00315
-0.00315
-0.00276
-0.00296
-0.00296
-0.00257
-0.00296
-0.00276
-0.00296
-0.00276
-0.00237
