-2.800000960000E-02

-0.00257
-0.00276
-0.00296
-0.00257
-0.00276
-0.00315
-0.00315
-0.00276
-0.00276
-0.00276
-0.00276
-0.00276
-0.00276
-0.00276
-0.00257
-0.00257
-0.00257
-0.00276
-0.00237
-0.00198
-0.00218
-0.00198
-0.00237
-0.00237
-0.00237
-0.00237
-0.00237
-0.00257
-0.00218
-0.00218
-0.00237
-0.00257
-0.00257
-0.00257
-0.00276
-0.00218
-0.00257
-0.00257
-0.00276
-0.00257
-0.00218
-0.00237
-0.00257
-0.00237
-0.00257
-0.00257
-0.00296
-0.00315
-0.00296
-0.00257
-0.00276
-0.00276
-0.00276
-0.00296
-0.00276
-0.00296
-0.00296
-0.00296
-0.00296
-0.00296
-0.00257
-0.00237
-0.00296
-0.00296
-0.00257
-0.00257
-0.00276
-0.00257
-0.00296
-0.00296
-0.00315
-0.00257
-0.00257
-0.00315
-0.00315
-0.00296
-0.00296
-0.00296
-0.00276
-0.00257
-0.00257
-0.00276
-0.00296
-0.00315
-0.00315
-0.00237
-0.00296
-0.00276
-0.00276
-0.00257
-0.00276
-0.00237
-0.00257
-0.00257
-0.00276
-0.00257
-0.00257
-0.00257
-0.00296
-0.00257
-0.00257
-0.00237
-0.00276
-0.00218
-0.00257
-0.00276
-0.00257
-0.00257
-0.00218
-0.00257
-0.00257
-0.00257
-0.00276
-0.00257
-0.00257
-0.00296
-0.00276
-0.00276
-0.00237
-0.00257
-0.00237
-0.00257
-0.00276
-0.00276
-0.00276
-0.00237
-0.00237
-0.00257
-0.00237
-0.00257
-0.00257
-0.00276
-0.00257
-0.00257
-0.00296
-0.00257
-0.00276
-0.00257
-0.00315
-0.00257
-0.00218
-0.00276
-0.00257
-0.00276
-0.00276
-0.00276
-0.00296
-0.00354
-0.00354
-0.00354
-0.00335
-0.00374
-0.00374
-0.00374
-0.00315
-0.00296
-0.00315
-0.00315
-0.00335
-0.00335
-0.00354
-0.00374
-0.00335
-0.00257
-0.00276
-0.00257
-0.00257
-0.00257
-0.00276
-0.00257
-0.00237
-0.00257
-0.00296
-0.00257
-0.00276
-0.00296
-0.00218
-0.00257
-0.00237
-0.00237
-0.00276
-0.00276
-0.00315
-0.00237
-0.00237
-0.00257
-0.00218
-0.00218
-0.00237
-0.00218
-0.00276
-0.00315
-0.00276
-0.00257
-0.00237
-0.00257
-0.00276
-0.00276
-0.00257
-0.00296
-0.00237
-0.00257
-0.00276
-0.00315
-0.00296
-0.00257
-0.00218
-0.0012
-0.00042
0.00075
0.00173
0.0031
0.00466
0.00564
0.00739
0.00954
0.01169
0.01345
0.01521
0.01716
0.01892
0.02087
0.02361
0.02536
0.02751
0.02966
0.03181
0.03396
0.03591
0.03884
0.04099
0.04411
0.04607
0.049
0.05075
0.05349
0.05622
0.05915
0.06189
0.06462
0.06755
0.06911
0.07146
0.07341
0.07517
0.07673
0.0781
0.07907
0.08044
0.08064
0.08181
0.082
0.08259
0.08279
0.08337
0.08337
0.08396
0.08318
0.08318
0.08357
0.08318
0.08318
0.08259
0.082
0.08239
0.08181
0.08103
0.08044
0.07946
0.07868
0.07829
0.07771
0.07673
0.07614
0.07517
0.07439
0.074
0.07321
0.07204
0.07126
0.07068
0.06989
0.06911
0.06853
0.06775
0.06638
0.06599
0.0654
0.06423
0.06364
0.06286
0.06247
0.06111
0.06071
0.05954
0.05876
0.05798
0.05739
0.05642
0.05544
0.05486
0.05427
0.0529
0.05271
0.05232
0.05134
0.05075
0.05056
0.04958
0.04841
0.04763
0.04704
0.04665
0.04607
0.04568
0.04489
0.04489
0.04411
0.04392
0.04314
0.04216
0.04177
0.04118
0.04079
0.04001
0.04021
0.03943
0.03923
0.03864
0.03825
0.03747
0.03728
0.03747
0.03708
0.0363
0.03571
0.03552
0.03513
0.03493
0.03454
0.03435
0.03357
0.03279
0.03298
0.032
0.032
0.03122
0.03122
0.03064
0.03044
0.02986
0.02927
0.02927
0.02868
0.02868
0.0279
0.02771
0.02771
0.02693
0.02673
0.02614
0.02536
0.02536
0.02497
0.02497
0.02419
0.02419
0.0238
0.02341
0.02302
0.02263
0.02263
0.02263
0.02146
0.02126
0.02146
0.02107
0.02087
0.02009
0.02009
0.01931
0.0197
0.0197
0.01931
0.01872
0.01833
0.01833
0.01814
0.01794
0.01736
0.01696
0.01736
0.01696
0.01677
0.01657
0.01579
0.0156
0.0156
0.0154
0.01521
0.01521
0.01462
0.01462
0.01462
0.01482
0.01423
0.01364
0.01423
0.01384
0.01364
0.01306
0.01306
0.01267
0.01228
0.01208
0.01208
0.01169
0.0115
0.01169
0.01189
0.0115
0.0113
0.01071
0.01091
0.01052
0.01013
0.00993
0.01013
0.01013
0.00974
0.00974
0.00915
0.00954
0.00974
0.00935
0.00935
0.00896
0.00896
0.00896
0.00896
0.00876
0.00818
0.00779
0.00798
0.00798
0.00837
0.00798
0.00779
0.00818
0.00818
0.00798
0.00779
0.00759
0.00779
0.0072
0.007
0.00661
0.00661
0.00681
0.00681
0.00642
0.00622
0.00603
0.00544
0.00564
0.00544
0.00505
0.00486
0.00505
0.00486
0.00544
0.00525
0.00505
0.00466
0.00486
0.00466
0.00466
0.00446
0.00427
0.00427
0.00446
0.00505
0.00446
0.00505
0.00446
0.00446
0.00368
0.00407
0.00368
0.00388
0.00349
0.00349
0.00427
0.00427
0.00407
0.00368
0.00388
0.00368
0.00368
0.00368
0.00329
0.00368
0.00349
0.00368
0.00329
0.00329
0.0029
0.00271
0.00232
0.00232
0.00251
0.00232
0.00251
0.00193
0.00232
0.00193
0.00232
0.00193
0.00134
0.00173
0.00134
0.00173
0.00114
0.00154
0.00154
0.00134
0.00154
0.00173
0.00114
0.00075
0.00114
0.00095
0.00095
0.00036
0.00075
0.00075
0.00056
0.00056
0.00056
0.00056
0.00075
0.00075
0.00114
0.00036
0.00056
0.00036
0.00075
0.00095
0.00095
0.00075
0.00056
0.00114
0.00134
0.00095
0.00134
0.00075
0.00095
0.00095
0.00095
0.00134
0.00095
0.00114
0.00075
0.00095
0.00075
0.00095
0.00075
0.00075
0.00075
0.00017
-3e-05
0.00056
0.00075
0.00056
-3e-05
0.00017
0.00017
0.00075
0.00075
0.00095
0.00095
0.00036
0.00056
0.00017
0.00036
0.00017
-3e-05
-3e-05
-0.00022
0.00017
0.00017
0.00017
0.00017
0.00017
-0.00022
-3e-05
-0.00042
-3e-05
-0.00042
-0.00022
-0.00022
-0.00042
-0.00061
-0.00061
-0.00081
-0.00061
-0.00042
-0.001
-0.00042
-0.001
-0.00022
-0.00061
-0.00061
-0.00042
-0.001
-0.00081
-0.001
-0.0012
-0.0012
-0.00159
-0.0012
-0.00139
-0.00159
-0.00139
-0.0012
-0.00159
-0.00218
-0.00218
-0.00179
-0.00159
-0.00198
-0.00159
-0.00139
-0.00179
-0.00159
-0.00218
-0.00218
-0.00218
-0.00218
-0.00237
-0.00237
-0.00159
-0.00198
-0.00139
-0.00198
-0.00179
-0.00218
-0.00179
-0.00179
-0.0012
-0.00159
-0.00159
-0.00198
-0.00179
-0.00198
-0.00198
-0.00179
-0.00179
-0.0012
-0.00159
-0.00139
-0.0012
-0.00159
-0.00159
-0.0012
-0.00139
-0.00159
-0.00139
-0.00159
-0.00159
-0.00159
-0.00179
-0.00179
-0.00159
-0.00218
-0.00198
-0.00237
-0.00218
-0.00237
-0.00218
-0.00198
-0.00218
-0.00198
-0.00198
-0.00198
-0.00198
-0.00218
-0.00198
-0.00198
-0.00218
-0.00198
-0.00179
-0.00179
-0.00179
-0.00159
-0.00179
-0.00179
-0.00179
-0.00179
-0.00179
-0.00159
-0.00179
-0.00179
-0.00179
-0.00159
-0.00198
-0.00198
-0.00159
-0.00218
-0.00159
-0.00159
-0.00159
-0.00198
-0.00179
-0.00159
-0.00139
-0.00179
-0.00198
-0.00179
-0.00198
-0.00218
-0.00198
-0.00198
-0.00218
-0.00257
-0.00218
-0.00218
-0.00257
-0.00198
-0.00276
-0.00257
-0.00218
-0.00257
-0.00237
-0.00257
-0.00257
-0.00237
-0.00218
-0.00237
-0.00218
-0.00276
-0.00276
-0.00296
-0.00276
-0.00257
-0.00257
-0.00257
-0.00276
-0.00276
-0.00296
-0.00315
-0.00296
-0.00296
-0.00296
-0.00296
-0.00296
-0.00296
-0.00257
-0.00335
-0.00276
-0.00296
-0.00257
-0.00276
-0.00237
-0.00257
-0.00237
-0.00257
-0.00276
-0.00257
-0.00276
-0.00276
-0.00276
-0.00296
-0.00315
-0.00296
-0.00296
-0.00257
-0.00335
-0.00315
-0.00296
-0.00296
-0.00276
-0.00315
-0.00354
-0.00354
-0.00335
-0.00354
-0.00296
-0.00296
-0.00296
-0.00296
-0.00296
-0.00276
-0.00276
-0.00315
-0.00257
-0.00198
-0.00179
-0.00237
-0.00218
-0.00237
-0.00218
-0.00276
-0.00237
-0.00257
-0.00218
-0.00257
-0.00218
-0.00198
-0.00257
-0.00218
-0.00257
-0.00218
-0.00218
-0.00237
-0.00198
-0.00218
-0.00198
-0.00237
-0.00218
-0.00296
-0.00276
-0.00315
-0.00257
-0.00276
-0.00296
-0.00296
-0.00296
-0.00296
-0.00296
-0.00257
-0.00257
-0.00237
-0.00237
-0.00315
-0.00237
-0.00276
-0.00276
-0.00296
-0.00315
-0.00296
-0.00276
-0.00296
-0.00296
-0.00257
-0.00276
-0.00276
-0.00257
-0.00276
-0.00276
-0.00276
-0.00276
-0.00296
-0.00257
-0.00315
-0.00296
-0.00315
-0.00315
-0.00315
-0.00276
-0.00335
-0.00257
-0.00257
-0.00276
-0.00276
-0.00257
-0.00237
-0.00257
-0.00237
-0.00198
-0.00276
-0.00276
-0.00276
-0.00296
-0.00296
-0.00276
-0.00276
-0.00296
-0.00335
-0.00354
-0.00335
-0.00335
-0.00335
-0.00315
-0.00296
-0.00315
-0.00315
-0.00335
-0.00335
-0.00296
-0.00315
-0.00257
-0.00315
-0.00257
-0.00296
-0.00315
-0.00257
-0.00257
-0.00257
-0.00276
-0.00276
-0.00237
-0.00276
-0.00218
-0.00198
-0.00237
-0.00237
-0.00237
-0.00257
-0.00237
-0.00276
-0.00218
-0.00257
-0.00257
-0.00276
-0.00276
-0.00276
-0.00257
-0.00296
-0.00237
-0.00315
-0.00257
-0.00296
-0.00276
-0.00296
-0.00257
-0.00315
-0.00315
-0.00315
-0.00276
-0.00296
-0.00276
-0.00296
-0.00296
-0.00315
-0.00296
-0.00276
-0.00335
-0.00296
-0.00315
-0.00276
-0.00276
-0.00315
-0.00257
-0.00296
-0.00296
-0.00257
-0.00237
-0.00315
-0.00257
-0.00296
-0.00296
-0.00335
-0.00296
-0.00296
-0.00276
-0.00296
-0.00276
-0.00296
-0.00276
-0.00257
-0.00276
-0.00237
-0.00218
-0.00257
-0.00257
-0.00218
-0.00198
-0.00198
-0.00257
-0.00218
-0.00237
-0.00218
-0.00218
-0.00237
-0.00276
-0.00218
-0.00257
-0.00276
-0.00218
-0.00296
-0.00276
-0.00296
-0.00354
-0.00296
-0.00315
-0.00335
-0.00315
-0.00296
-0.00257
-0.00276
-0.00315
-0.00335
-0.00276
-0.00315
-0.00276
-0.00276
-0.00296
-0.00315
-0.00276
-0.00276
-0.00315
-0.00296
-0.00296
-0.00276
-0.00296
-0.00315
-0.00296
-0.00335
-0.00315
-0.00257
-0.00315
-0.00257
-0.00296
-0.00315
-0.00335
-0.00335
-0.00354
-0.00315
-0.00315
-0.00354
-0.00315
-0.00296
-0.00276
-0.00296
-0.00315
-0.00315
-0.00296
-0.00374
-0.00335
-0.00374
-0.00296
-0.00335
-0.00257
-0.00296
-0.00296
-0.00276
-0.00335
-0.00296
-0.00315
-0.00276
-0.00296
-0.00315
-0.00257
-0.00335
-0.00315
-0.00315
-0.00335
-0.00257
-0.00276
-0.00296
-0.00354
-0.00276
-0.00296
-0.00335
-0.00315
-0.00335
-0.00315
-0.00354
-0.00335
-0.00315
-0.00374
-0.00374
-0.00315
-0.00296
-0.00276
-0.00296
-0.00296
-0.00335
-0.00296
-0.00296
-0.00296
-0.00296
-0.00237
-0.00276
-0.00257
-0.00257
-0.00276
-0.00276
-0.00276
-0.00257
-0.00257
-0.00276
-0.00315
-0.00315
-0.00315
-0.00296
-0.00315
-0.00315
-0.00354
-0.00335
-0.00276
-0.00296
-0.00257
-0.00315
-0.00335
-0.00296
-0.00296
-0.00276
-0.00218
-0.00237
-0.00257
-0.00296
-0.00296
-0.00276
-0.00276
-0.00276
-0.00276
-0.00335
-0.00296
-0.00296
-0.00315
-0.00335
-0.00315
-0.00315
-0.00296
-0.00296
-0.00276
-0.00237
-0.00257
-0.00257
-0.00198
-0.00237
-0.00198
-0.00218
-0.00179
-0.00237
-0.00179
-0.00218
-0.00179
-0.00218
-0.00257
-0.00257
-0.00276
-0.00276
-0.00276
-0.00296
-0.00296
-0.00315
-0.00354
-0.00354
-0.00335
-0.00374
-0.00296
-0.00354
-0.00276
-0.00315
-0.00315
-0.00315
-0.00257
-0.00315
-0.00296
-0.00315
-0.00296
-0.00276
-0.00257
-0.00296
-0.00296
-0.00315
-0.00296
-0.00315
-0.00315
-0.00374
-0.00335
-0.00354
-0.00276
-0.00315
-0.00315
-0.00257
-0.00257
-0.00257
-0.00237
-0.00218
-0.00276
-0.00257
-0.00276
-0.00257
-0.00276
-0.00257
-0.00237
-0.00257
-0.00198
-0.00276
-0.00237
-0.00276
-0.00257
-0.00276
-0.00276
-0.00237
-0.00257
-0.00315
-0.00315
-0.00296
-0.00276
-0.00315
-0.00237
-0.00237
-0.00237
-0.00296
-0.00276
