-1.992000556800E+00

-0.00218
-0.00198
-0.00218
-0.00218
-0.00257
-0.00276
-0.00237
-0.00296
-0.00315
-0.00315
-0.00296
-0.00354
-0.00315
-0.00335
-0.00354
-0.00315
-0.00296
-0.00315
-0.00315
-0.00315
-0.00276
-0.00296
-0.00257
-0.00276
-0.00257
-0.00335
-0.00257
-0.00257
-0.00257
-0.00237
-0.00237
-0.00296
-0.00276
-0.00218
-0.00198
-0.00179
-0.00218
-0.00237
-0.00218
-0.00237
-0.00237
-0.00218
-0.00218
-0.00257
-0.00218
-0.00257
-0.00237
-0.00218
-0.00218
-0.00198
-0.00218
-0.00218
-0.00198
-0.00218
-0.00237
-0.00237
-0.00237
-0.00218
-0.00276
-0.00237
-0.00237
-0.00276
-0.00257
-0.00315
-0.00296
-0.00276
-0.00237
-0.00296
-0.00296
-0.00276
-0.00296
-0.00276
-0.00276
-0.00218
-0.00257
-0.00296
-0.00276
-0.00257
-0.00198
-0.00198
-0.00218
-0.00315
-0.00296
-0.00257
-0.00237
-0.00237
-0.00237
-0.00257
-0.00257
-0.00276
-0.00257
-0.00315
-0.00276
-0.00296
-0.00218
-0.00257
-0.00198
-0.00237
-0.00218
-0.00237
-0.00218
-0.00218
-0.00218
-0.00237
-0.00257
-0.00218
-0.00218
-0.00237
-0.00237
-0.00237
-0.00237
-0.00237
-0.00218
-0.00218
-0.00237
-0.00296
-0.00276
-0.00276
-0.00276
-0.00237
-0.00257
-0.00198
-0.00237
-0.00257
-0.00276
-0.00257
-0.00335
-0.00276
-0.00257
-0.00296
-0.00257
-0.00276
-0.00218
-0.00237
-0.00237
-0.00276
-0.00218
-0.00198
-0.00198
-0.00237
-0.00218
-0.00218
-0.00179
-0.00179
-0.00179
-0.00218
-0.00218
-0.00218
-0.00179
-0.00159
-0.00237
-0.00198
-0.00237
-0.00237
-0.00218
-0.00257
-0.00237
-0.00179
-0.00198
-0.00218
-0.00218
-0.00198
-0.00237
-0.00218
-0.00237
-0.00237
-0.00257
-0.00276
-0.00198
-0.00237
-0.00237
-0.00296
-0.00237
-0.00237
-0.00218
-0.00257
-0.00237
-0.00257
-0.00198
-0.00237
-0.00257
-0.00276
-0.00257
-0.00237
-0.00257
-0.00276
-0.00257
-0.00276
-0.00237
-0.00257
-0.00218
-0.00159
-0.00061
0.00075
0.00134
0.0031
0.00466
0.00681
0.00876
0.01111
0.01364
0.01638
0.02029
0.024
0.02849
0.032
0.03552
0.03904
0.04216
0.04548
0.04841
0.05075
0.05349
0.05544
0.05759
0.05915
0.06071
0.06208
0.06325
0.06423
0.0654
0.06618
0.06677
0.06716
0.06833
0.06872
0.0697
0.07029
0.07185
0.07302
0.07439
0.07575
0.07751
0.07907
0.08064
0.08259
0.08474
0.08689
0.08923
0.09118
0.09314
0.09529
0.09743
0.0988
0.10056
0.10212
0.10349
0.10486
0.10603
0.107
0.107
0.10759
0.10798
0.10837
0.10818
0.10876
0.10818
0.10876
0.10837
0.10779
0.10798
0.10779
0.107
0.10622
0.10564
0.10486
0.10427
0.10349
0.10349
0.10193
0.10114
0.10056
0.099
0.0988
0.09763
0.09646
0.09548
0.09431
0.09372
0.09236
0.09138
0.0906
0.08923
0.08845
0.08747
0.08591
0.08532
0.08435
0.08337
0.08279
0.08142
0.08044
0.07986
0.07888
0.07771
0.07614
0.07517
0.07478
0.0738
0.07302
0.07165
0.07146
0.07009
0.06931
0.06872
0.06755
0.06618
0.0656
0.06423
0.06364
0.06306
0.06267
0.06208
0.06169
0.06052
0.06013
0.05876
0.05837
0.05759
0.05642
0.05603
0.05525
0.05388
0.05368
0.05251
0.05212
0.05134
0.05075
0.05017
0.04978
0.0488
0.04821
0.04802
0.04724
0.04665
0.04587
0.04587
0.04489
0.04411
0.04392
0.04353
0.04275
0.04255
0.04177
0.04157
0.04138
0.0406
0.0404
0.03962
0.03923
0.03884
0.03825
0.03845
0.03806
0.03767
0.0365
0.0365
0.03552
0.03571
0.03513
0.03454
0.03415
0.03376
0.03357
0.03318
0.03259
0.03259
0.03181
0.03181
0.03103
0.03044
0.03005
0.02986
0.02946
0.02927
0.02849
0.0281
0.02829
0.0279
0.02712
0.02712
0.02712
0.02634
0.02614
0.02595
0.02536
0.02517
0.02419
0.02439
0.02439
0.024
0.02361
0.02341
0.02282
0.02263
0.02243
0.02185
0.02126
0.02107
0.02126
0.02107
0.02068
0.02068
0.01989
0.02029
0.01989
0.0197
0.01911
0.01872
0.01853
0.01833
0.01794
0.01814
0.01794
0.01736
0.01716
0.01696
0.01657
0.01657
0.01618
0.01579
0.01599
0.0156
0.0154
0.0154
0.01482
0.01521
0.01462
0.01462
0.01462
0.01384
0.01423
0.01364
0.01345
0.01325
0.01325
0.01306
0.01267
0.01228
0.01267
0.01247
0.01228
0.01208
0.01208
0.01189
0.0115
0.01169
0.01091
0.0113
0.01071
0.01071
0.01052
0.01052
0.01032
0.01091
0.01032
0.01013
0.00974
0.00915
0.00896
0.00915
0.00915
0.00896
0.00915
0.00876
0.00837
0.00857
0.00818
0.00779
0.00798
0.00798
0.00759
0.00798
0.00739
0.00759
0.0072
0.0072
0.007
0.007
0.00661
0.00681
0.00661
0.00642
0.00603
0.00583
0.00564
0.00583
0.00583
0.00564
0.00564
0.00583
0.00583
0.00603
0.00622
0.00583
0.00544
0.00603
0.00583
0.00525
0.00544
0.00486
0.00525
0.00525
0.00486
0.00466
0.00486
0.00505
0.00466
0.00446
0.00427
0.00446
0.00427
0.00466
0.00427
0.00427
0.00388
0.00368
0.00407
0.00407
0.00368
0.00388
0.00407
0.00407
0.00349
0.00329
0.0031
0.0031
0.0029
0.0031
0.0029
0.00271
0.0031
0.0029
0.00271
0.00251
0.00251
0.00232
0.00251
0.0029
0.00251
0.00212
0.00251
0.00193
0.00193
0.00271
0.00232
0.00232
0.00232
0.00193
0.00193
0.00173
0.00154
0.00154
0.00154
0.00193
0.00173
0.00154
0.00134
0.00154
0.00095
0.00114
0.00095
0.00114
0.00095
0.00134
0.00075
0.00114
0.00114
0.00114
0.00134
0.00095
0.00075
0.00075
0.00056
0.00036
0.00017
0.00036
0.00017
0.00056
0.00036
0.00075
0.00036
0.00056
0.00036
0.00017
0.00036
0.00036
0.00036
-3e-05
0.00036
0.00056
-3e-05
0.00017
0.00036
0.00056
0.00017
-3e-05
0.00036
0.00036
-0.00022
-3e-05
-0.00022
-0.00042
-0.00042
-0.00061
-0.00022
0.00017
-0.00022
0.00036
0.00017
-3e-05
0.00017
0.00036
0.00017
0.00056
-0.00022
-3e-05
-3e-05
-3e-05
-0.00042
-3e-05
-0.00022
-0.00042
-0.00081
-0.00061
-0.001
-0.00061
-0.001
-0.00061
-0.001
-0.001
-0.0012
-0.00159
-0.00139
-0.00081
-0.00061
-0.00081
-0.0012
-0.0012
-0.00139
-0.00061
-0.00081
-0.0012
-0.00139
-0.0012
-0.0012
-0.001
-0.0012
-0.00081
-0.00081
-0.00081
-0.0012
-0.0012
-0.0012
-0.00139
-0.0012
-0.00081
-0.00081
-0.00042
-0.00022
-0.001
-0.00081
-0.00061
-0.00042
-0.00042
-0.00042
-0.00061
-0.00042
-0.00061
-0.00081
-0.00061
-0.001
-0.001
-0.001
-0.00042
-0.001
-0.001
-0.00061
-0.0012
-0.00139
-0.00139
-0.001
-0.00139
-0.00159
-0.00159
-0.00159
-0.00139
-0.00159
-0.0012
-0.00159
-0.00159
-0.00159
-0.00139
-0.00159
-0.00198
-0.00179
-0.00198
-0.00198
-0.00179
-0.00218
-0.00198
-0.00237
-0.00237
-0.00198
-0.00198
-0.00179
-0.00198
-0.00179
-0.00257
-0.00218
-0.00198
-0.00179
-0.00198
-0.00198
-0.00179
-0.00179
-0.00179
-0.00159
-0.00198
-0.00159
-0.00179
-0.00139
-0.00159
-0.00218
-0.00198
-0.00179
-0.00198
-0.00218
-0.00218
-0.00139
-0.00159
-0.00179
-0.00198
-0.00237
-0.00218
-0.00159
-0.00179
-0.00179
-0.00257
-0.00159
-0.00198
-0.00198
-0.00139
-0.00179
-0.00198
-0.00198
-0.00179
-0.00179
-0.00237
-0.00237
-0.00237
-0.00276
-0.00218
-0.00218
-0.00179
-0.00179
-0.00159
-0.00179
-0.00218
-0.00218
-0.00198
-0.00218
-0.00237
-0.00218
-0.00198
-0.00198
-0.00198
-0.00198
-0.00198
-0.00218
-0.00218
-0.00237
-0.00198
-0.00198
-0.00237
-0.00257
-0.00257
-0.00257
-0.00218
-0.00198
-0.00218
-0.00237
-0.00237
-0.00257
-0.00257
-0.00296
-0.00257
-0.00257
-0.00276
-0.00257
-0.00257
-0.00257
-0.00257
-0.00237
-0.00276
-0.00257
-0.00257
-0.00257
-0.00237
-0.00276
-0.00257
-0.00296
-0.00296
-0.00296
-0.00257
-0.00257
-0.00257
-0.00257
-0.00237
-0.00218
-0.00218
-0.00237
-0.00218
-0.00237
-0.00237
-0.00276
-0.00218
-0.00257
-0.00159
-0.00198
-0.00218
-0.00237
-0.00198
-0.00218
-0.00237
-0.00159
-0.00159
-0.00198
-0.00159
-0.00159
-0.00179
-0.00237
-0.00159
-0.00257
-0.00218
-0.00257
-0.00218
-0.00237
-0.00237
-0.00218
-0.00237
-0.00218
-0.00237
-0.00257
-0.00257
-0.00257
-0.00276
-0.00315
-0.00257
-0.00257
-0.00276
-0.00276
-0.00296
-0.00257
-0.00257
-0.00296
-0.00276
-0.00296
-0.00276
-0.00315
-0.00257
-0.00296
-0.00237
-0.00276
-0.00237
-0.00296
-0.00296
-0.00315
-0.00276
-0.00276
-0.00276
-0.00296
-0.00296
-0.00276
-0.00276
-0.00296
-0.00257
-0.00257
-0.00257
-0.00296
-0.00257
-0.00257
-0.00296
-0.00296
-0.00257
-0.00296
-0.00257
-0.00296
-0.00237
-0.00237
-0.00257
-0.00237
-0.00257
-0.00218
-0.00198
-0.00257
-0.00218
-0.00257
-0.00218
-0.00276
-0.00257
-0.00198
-0.00257
-0.00257
-0.00257
-0.00218
-0.00257
-0.00257
-0.00257
-0.00237
-0.00257
-0.00315
-0.00276
-0.00296
-0.00276
-0.00296
-0.00276
-0.00276
-0.00257
-0.00257
-0.00237
-0.00218
-0.00179
-0.00179
-0.00198
-0.00198
-0.00198
-0.00218
-0.00179
-0.00218
-0.00198
-0.00218
-0.00218
-0.00276
-0.00257
-0.00276
-0.00257
-0.00257
-0.00218
-0.00237
-0.00257
-0.00276
-0.00237
-0.00276
-0.00257
-0.00257
-0.00218
-0.00237
-0.00237
-0.00218
-0.00237
-0.00257
-0.00296
-0.00237
-0.00276
-0.00276
-0.00296
-0.00296
-0.00296
-0.00296
-0.00315
-0.00296
-0.00296
-0.00296
-0.00276
-0.00315
-0.00257
-0.00276
-0.00315
-0.00257
-0.00276
-0.00276
-0.00257
-0.00237
-0.00257
-0.00276
-0.00218
-0.00237
-0.00237
-0.00257
-0.00237
-0.00218
-0.00218
-0.00237
-0.00257
-0.00218
-0.00237
-0.00237
-0.00276
-0.00257
-0.00257
-0.00237
-0.00198
-0.00257
-0.00315
-0.00296
-0.00257
-0.00237
-0.00257
-0.00296
-0.00218
-0.00198
-0.00237
-0.00257
-0.00276
-0.00257
-0.00315
-0.00296
-0.00276
-0.00335
-0.00354
-0.00335
-0.00335
-0.00335
-0.00335
-0.00315
-0.00354
-0.00335
-0.00335
-0.00335
-0.00335
-0.00335
-0.00276
-0.00335
-0.00276
-0.00315
-0.00354
-0.00354
-0.00315
-0.00335
-0.00296
-0.00315
-0.00335
-0.00354
-0.00354
-0.00354
-0.00374
-0.00374
-0.00374
-0.00315
-0.00354
-0.00354
-0.00296
-0.00296
-0.00296
-0.00315
-0.00335
-0.00315
-0.00296
-0.00296
-0.00296
-0.00335
-0.00315
-0.00315
-0.00257
-0.00296
-0.00276
-0.00296
-0.00296
-0.00315
-0.00335
-0.00257
-0.00276
-0.00296
-0.00276
-0.00296
-0.00335
-0.00354
-0.00374
-0.00335
-0.00276
-0.00335
-0.00296
-0.00276
-0.00296
-0.00296
-0.00276
-0.00296
-0.00296
-0.00296
-0.00315
-0.00296
-0.00276
-0.00296
-0.00335
-0.00315
-0.00335
-0.00296
-0.00296
-0.00374
-0.00354
-0.00354
-0.00315
-0.00335
-0.00315
-0.00296
-0.00296
-0.00276
-0.00257
-0.00257
-0.00276
-0.00257
-0.00237
-0.00276
-0.00296
-0.00257
-0.00315
-0.00296
-0.00296
-0.00315
-0.00296
-0.00315
-0.00257
-0.00257
-0.00276
-0.00296
-0.00296
-0.00257
-0.00276
-0.00276
-0.00257
-0.00257
-0.00296
-0.00257
-0.00218
-0.00218
-0.00218
-0.00179
-0.00179
-0.00218
-0.00237
-0.00198
-0.00237
-0.00179
-0.00179
-0.00198
-0.00198
-0.00257
-0.00198
-0.00159
-0.00218
-0.00198
-0.00198
-0.00257
-0.00257
-0.00257
-0.00237
-0.00257
-0.00257
-0.00257
-0.00257
-0.00257
-0.00276
-0.00257
-0.00257
-0.00296
-0.00237
-0.00237
-0.00276
-0.00237
-0.00257
-0.00296
-0.00276
-0.00296
-0.00315
-0.00315
-0.00237
-0.00276
-0.00296
-0.00296
-0.00257
-0.00257
-0.00296
-0.00276
-0.00276
-0.00257
-0.00257
-0.00257
-0.00257
-0.00257
-0.00257
-0.00296
-0.00335
-0.00335
-0.00335
-0.00276
-0.00237
-0.00296
-0.00276
-0.00315
-0.00296
-0.00335
-0.00296
-0.00296
-0.00276
-0.00296
-0.00296
-0.00296
-0.00276
-0.00315
