-7.740002176000E-01

-0.00335
-0.00335
-0.00335
-0.00354
-0.00296
-0.00315
-0.00335
-0.00296
-0.00315
-0.00335
-0.00276
-0.00296
-0.00276
-0.00315
-0.00257
-0.00296
-0.00276
-0.00296
-0.00296
-0.00335
-0.00276
-0.00335
-0.00315
-0.00315
-0.00296
-0.00296
-0.00354
-0.00354
-0.00315
-0.00315
-0.00315
-0.00335
-0.00296
-0.00335
-0.00315
-0.00315
-0.00354
-0.00335
-0.00257
-0.00315
-0.00296
-0.00296
-0.00257
-0.00276
-0.00218
-0.00296
-0.00276
-0.00315
-0.00296
-0.00315
-0.00276
-0.00296
-0.00315
-0.00335
-0.00276
-0.00296
-0.00315
-0.00315
-0.00276
-0.00315
-0.00218
-0.00315
-0.00315
-0.00315
-0.00296
-0.00315
-0.00296
-0.00257
-0.00276
-0.00276
-0.00296
-0.00257
-0.00276
-0.00335
-0.00296
-0.00276
-0.00276
-0.00296
-0.00296
-0.00315
-0.00257
-0.00276
-0.00315
-0.00296
-0.00315
-0.00296
-0.00276
-0.00315
-0.00276
-0.00296
-0.00257
-0.00296
-0.00276
-0.00315
-0.00315
-0.00257
-0.00276
-0.00257
-0.00257
-0.00237
-0.00296
-0.00315
-0.00257
-0.00257
-0.00237
-0.00296
-0.00257
-0.00276
-0.00218
-0.00257
-0.00296
-0.00276
-0.00218
-0.00218
-0.00257
-0.00257
-0.00257
-0.00237
-0.00198
-0.00276
-0.00257
-0.00276
-0.00276
-0.00296
-0.00218
-0.00237
-0.00237
-0.00296
-0.00257
-0.00276
-0.00315
-0.00296
-0.00315
-0.00315
-0.00296
-0.00354
-0.00354
-0.00335
-0.00315
-0.00315
-0.00296
-0.00335
-0.00296
-0.00335
-0.00335
-0.00276
-0.00335
-0.00315
-0.00296
-0.00315
-0.00276
-0.00335
-0.00335
-0.00354
-0.00335
-0.00335
-0.00276
-0.00315
-0.00335
-0.00393
-0.00374
-0.00393
-0.00374
-0.00374
-0.00354
-0.00335
-0.00296
-0.00335
-0.00315
-0.00296
-0.00315
-0.00335
-0.00296
-0.00335
-0.00315
-0.00315
-0.00315
-0.00335
-0.00354
-0.00354
-0.00374
-0.00335
-0.00335
-0.00315
-0.00276
-0.00237
-0.00179
-0.00042
0.00056
0.00154
0.0029
0.00427
0.00525
0.00583
0.007
0.00779
0.00876
0.01013
0.01052
0.01111
0.01111
0.01208
0.01267
0.01267
0.01345
0.01345
0.01404
0.01423
0.01482
0.01482
0.01482
0.01501
0.01501
0.0154
0.0156
0.0156
0.0156
0.01579
0.01521
0.01521
0.01638
0.01677
0.01794
0.01872
0.02068
0.02165
0.02321
0.02497
0.02849
0.03005
0.03298
0.03532
0.03923
0.04275
0.04568
0.04939
0.05271
0.05603
0.05857
0.06169
0.06423
0.06677
0.06892
0.07068
0.07282
0.074
0.07536
0.07654
0.0781
0.07868
0.07946
0.07966
0.08044
0.08122
0.08122
0.08142
0.082
0.0822
0.08259
0.082
0.08181
0.0822
0.08181
0.08122
0.08103
0.08044
0.08005
0.07907
0.07849
0.0779
0.07732
0.07654
0.07654
0.07556
0.07497
0.07419
0.07361
0.07282
0.07185
0.07107
0.0697
0.0697
0.06872
0.06755
0.06716
0.06579
0.06501
0.06404
0.06404
0.06306
0.06228
0.0615
0.06052
0.06013
0.05935
0.05798
0.05681
0.05622
0.05544
0.05466
0.05407
0.0531
0.05251
0.05173
0.05134
0.05017
0.04939
0.04861
0.04841
0.04763
0.04724
0.04665
0.04665
0.04587
0.04548
0.04489
0.04431
0.0445
0.04333
0.04255
0.04236
0.04157
0.04138
0.04079
0.04001
0.03982
0.03923
0.03845
0.03806
0.03786
0.03747
0.03689
0.0363
0.03591
0.03552
0.03513
0.03493
0.03396
0.03396
0.03318
0.03279
0.03239
0.0322
0.03142
0.03083
0.03025
0.02946
0.02946
0.02907
0.02849
0.0281
0.02771
0.02771
0.02712
0.02673
0.02614
0.02654
0.02575
0.02556
0.02556
0.02536
0.02478
0.024
0.024
0.0238
0.0238
0.02341
0.02282
0.02302
0.02263
0.02263
0.02185
0.02185
0.02185
0.02165
0.02126
0.02087
0.02009
0.02009
0.02029
0.01989
0.0195
0.01892
0.01853
0.01872
0.01872
0.01794
0.01775
0.01755
0.01716
0.01677
0.01638
0.01657
0.01618
0.01618
0.0156
0.0156
0.0154
0.01501
0.01521
0.01501
0.01462
0.01462
0.01423
0.01384
0.01443
0.01404
0.01364
0.01364
0.01364
0.01306
0.01286
0.01325
0.01306
0.01267
0.01267
0.01247
0.01208
0.01228
0.01189
0.01169
0.01169
0.0113
0.01111
0.0113
0.01091
0.01111
0.01032
0.01032
0.00993
0.00993
0.00954
0.01013
0.00935
0.00935
0.00896
0.00896
0.00915
0.00935
0.00857
0.00837
0.00837
0.00798
0.00818
0.00818
0.00759
0.00779
0.00818
0.0072
0.007
0.00661
0.00661
0.007
0.007
0.0072
0.00681
0.00661
0.00583
0.00622
0.00603
0.00564
0.00544
0.00583
0.00544
0.00544
0.00564
0.00564
0.00564
0.00544
0.00486
0.00505
0.00505
0.00505
0.00525
0.00525
0.00486
0.00505
0.00505
0.00466
0.00466
0.00486
0.00505
0.00466
0.00446
0.00407
0.00446
0.00427
0.00427
0.00388
0.00407
0.00407
0.00407
0.00427
0.00368
0.00388
0.00368
0.00349
0.00329
0.00349
0.00388
0.00388
0.00349
0.00329
0.0031
0.00329
0.0031
0.0029
0.0029
0.00329
0.00251
0.00271
0.00251
0.00193
0.00173
0.00232
0.00232
0.00232
0.00251
0.00154
0.00154
0.00193
0.00173
0.00134
0.00173
0.00173
0.00154
0.00154
0.00154
0.00154
0.00173
0.00154
0.00193
0.00114
0.00134
0.00095
0.00114
0.00134
0.00114
0.00095
0.00075
0.00075
0.00036
0.00075
0.00056
0.00056
0.00056
0.00036
0.00075
0.00075
0.00075
0.00056
0.00056
0.00075
0.00036
-3e-05
0.00017
-3e-05
-3e-05
-0.00022
-3e-05
-0.00061
-0.00061
0.00017
0.00017
-0.00061
-0.00042
-0.00022
-0.00022
-0.00042
-3e-05
-0.00042
-0.00042
-0.00022
-0.00042
-0.00042
-0.00061
-0.00042
-0.00081
-0.00042
-0.00022
-3e-05
-0.00042
-0.00022
-3e-05
0.00017
-0.00042
-3e-05
-0.00042
-0.00042
-0.00061
-0.00042
-0.00081
-0.00081
-0.00081
-0.0012
-0.00042
-0.00061
-0.001
-0.001
-0.0012
-0.001
-0.0012
-0.00061
-0.0012
-0.00042
-0.00159
-0.001
-0.00179
-0.00139
-0.001
-0.001
-0.0012
-0.00139
-0.00139
-0.001
-0.00159
-0.00179
-0.00159
-0.00159
-0.00218
-0.00139
-0.00179
-0.00159
-0.00179
-0.00198
-0.00179
-0.00179
-0.00179
-0.00139
-0.0012
-0.00159
-0.00139
-0.00159
-0.00159
-0.00179
-0.00159
-0.00159
-0.00159
-0.00139
-0.00179
-0.00198
-0.00139
-0.00139
-0.00159
-0.0012
-0.00159
-0.00139
-0.00139
-0.00139
-0.00179
-0.00179
-0.00159
-0.00159
-0.00179
-0.0012
-0.00159
-0.0012
-0.00159
-0.00139
-0.00159
-0.00198
-0.00179
-0.00159
-0.00159
-0.00159
-0.00218
-0.00179
-0.00218
-0.00179
-0.00159
-0.00159
-0.00179
-0.00159
-0.00198
-0.00218
-0.00237
-0.00237
-0.00218
-0.00237
-0.00218
-0.00198
-0.00198
-0.00159
-0.00179
-0.00159
-0.00198
-0.00198
-0.00198
-0.00237
-0.00198
-0.00198
-0.00218
-0.00179
-0.00198
-0.00218
-0.00218
-0.00257
-0.00257
-0.00218
-0.00276
-0.00218
-0.00276
-0.00296
-0.00237
-0.00198
-0.00198
-0.00198
-0.00218
-0.00237
-0.00198
-0.00218
-0.00237
-0.00218
-0.00237
-0.00237
-0.00257
-0.00159
-0.00218
-0.00218
-0.00237
-0.00218
-0.00198
-0.00179
-0.00198
-0.00237
-0.00179
-0.00198
-0.00237
-0.00218
-0.00139
-0.00179
-0.00179
-0.00179
-0.00198
-0.00159
-0.00198
-0.00218
-0.00276
-0.00257
-0.00237
-0.00218
-0.00218
-0.00218
-0.00257
-0.00237
-0.00257
-0.00257
-0.00237
-0.00218
-0.00257
-0.00296
-0.00296
-0.00335
-0.00296
-0.00315
-0.00257
-0.00315
-0.00276
-0.00257
-0.00315
-0.00276
-0.00296
-0.00257
-0.00276
-0.00237
-0.00296
-0.00218
-0.00276
-0.00257
-0.00315
-0.00276
-0.00237
-0.00218
-0.00257
-0.00257
-0.00257
-0.00257
-0.00276
-0.00296
-0.00257
-0.00276
-0.00276
-0.00276
-0.00257
-0.00276
-0.00218
-0.00237
-0.00257
-0.00257
-0.00257
-0.00218
-0.00296
-0.00296
-0.00296
-0.00257
-0.00296
-0.00276
-0.00257
-0.00257
-0.00237
-0.00257
-0.00237
-0.00237
-0.00257
-0.00257
-0.00257
-0.00276
-0.00276
-0.00237
-0.00257
-0.00257
-0.00257
-0.00218
-0.00276
-0.00296
-0.00276
-0.00257
-0.00237
-0.00237
-0.00237
-0.00237
-0.00237
-0.00218
-0.00257
-0.00218
-0.00237
-0.00218
-0.00218
-0.00198
-0.00218
-0.00198
-0.00257
-0.00218
-0.00276
-0.00218
-0.00218
-0.00257
-0.00198
-0.00179
-0.00257
-0.00237
-0.00276
-0.00276
-0.00237
-0.00218
-0.00257
-0.00276
-0.00296
-0.00276
-0.00276
-0.00257
-0.00296
-0.00276
-0.00257
-0.00296
-0.00315
-0.00315
-0.00315
-0.00335
-0.00354
-0.00315
-0.00374
-0.00315
-0.00374
-0.00354
-0.00335
-0.00296
-0.00296
-0.00257
-0.00276
-0.00276
-0.00296
-0.00315
-0.00315
-0.00354
-0.00296
-0.00276
-0.00296
-0.00257
-0.00276
-0.00257
-0.00237
-0.00257
-0.00276
-0.00257
-0.00257
-0.00257
-0.00257
-0.00257
-0.00237
-0.00218
-0.00218
-0.00218
-0.00276
-0.00276
-0.00276
-0.00237
-0.00276
-0.00237
-0.00257
-0.00237
-0.00257
-0.00276
-0.00315
-0.00257
-0.00257
-0.00237
-0.00276
-0.00276
-0.00315
-0.00257
-0.00354
-0.00296
-0.00315
-0.00296
-0.00335
-0.00315
-0.00335
-0.00296
-0.00315
-0.00335
-0.00354
-0.00354
-0.00374
-0.00354
-0.00354
-0.00335
-0.00335
-0.00296
-0.00354
-0.00374
-0.00393
-0.00335
-0.00354
-0.00354
-0.00374
-0.00354
-0.00335
-0.00374
-0.00335
-0.00296
-0.00296
-0.00315
-0.00315
-0.00315
-0.00257
-0.00257
-0.00257
-0.00257
-0.00218
-0.00218
-0.00237
-0.00276
-0.00218
-0.00198
-0.00276
-0.00237
-0.00257
-0.00257
-0.00257
-0.00218
-0.00218
-0.00218
-0.00237
-0.00237
-0.00276
-0.00237
-0.00257
-0.00296
-0.00257
-0.00257
-0.00276
-0.00257
-0.00296
-0.00276
-0.00276
-0.00257
-0.00218
-0.00296
-0.00296
-0.00296
-0.00276
-0.00335
-0.00276
-0.00276
-0.00237
-0.00237
-0.00276
-0.00276
-0.00315
-0.00315
-0.00296
-0.00257
-0.00296
-0.00296
-0.00374
-0.00276
-0.00296
-0.00296
-0.00315
-0.00315
-0.00335
-0.00315
-0.00335
-0.00315
-0.00354
-0.00315
-0.00315
-0.00296
-0.00335
-0.00315
-0.00335
-0.00315
-0.00335
-0.00335
-0.00374
-0.00335
-0.00335
-0.00315
-0.00374
-0.00315
-0.00374
-0.00374
-0.00354
-0.00296
-0.00315
-0.00296
-0.00315
-0.00296
-0.00315
-0.00257
-0.00315
-0.00276
-0.00296
-0.00276
-0.00315
-0.00237
-0.00296
-0.00237
-0.00276
-0.00257
-0.00237
-0.00237
-0.00257
-0.00237
-0.00237
-0.00218
-0.00276
-0.00237
-0.00237
-0.00257
-0.00237
-0.00257
-0.00315
-0.00335
-0.00335
-0.00354
-0.00296
-0.00315
-0.00335
-0.00335
-0.00354
-0.00315
-0.00354
-0.00354
-0.00354
-0.00354
-0.00393
-0.00335
-0.00354
-0.00393
-0.00393
-0.00374
-0.00374
-0.00374
-0.00393
-0.00335
-0.00374
-0.00393
-0.00393
-0.00374
-0.00374
-0.00354
-0.00335
-0.00315
-0.00315
-0.00335
-0.00315
-0.00335
-0.00276
-0.00276
-0.00335
-0.00315
-0.00257
-0.00198
-0.00257
-0.00276
-0.00315
-0.00257
-0.00276
-0.00237
-0.00257
-0.00198
-0.00237
-0.00198
-0.00237
-0.00218
-0.00237
-0.00198
-0.00257
-0.00198
-0.00257
-0.00257
-0.00237
-0.00237
-0.00237
-0.00218
-0.00237
-0.00218
-0.00257
-0.00276
-0.00257
-0.00315
-0.00296
-0.00276
-0.00276
-0.00276
-0.00296
-0.00296
-0.00296
-0.00276
-0.00296
-0.00296
-0.00315
-0.00296
-0.00296
-0.00315
-0.00315
-0.00276
-0.00296
-0.00296
-0.00276
-0.00296
-0.00296
-0.00315
-0.00257
-0.00276
-0.00276
-0.00257
-0.00257
-0.00315
-0.00335
-0.00315
-0.00354
-0.00315
-0.00374
-0.00315
-0.00335
-0.00315
-0.00315
-0.00335
-0.00315
-0.00276
-0.00276
-0.00296
-0.00354
-0.00315
-0.00335
-0.00354
-0.00354
-0.00315
-0.00315
-0.00354
-0.00354
-0.00315
-0.00374
-0.00276
-0.00354
-0.00315
-0.00335
-0.00296
-0.00354
-0.00315
-0.00374
-0.00354
-0.00315
-0.00315
-0.00354
-0.00374
-0.00374
-0.00315
-0.00335
-0.00315
-0.00296
-0.00315
-0.00276
-0.00296
-0.00296
-0.00335
-0.00296
