-2.350000672000E-01

-0.00198
-0.00198
-0.00218
-0.00159
-0.00218
-0.00237
-0.00257
-0.00218
-0.00218
-0.00237
-0.00198
-0.00237
-0.00237
-0.00218
-0.00198
-0.00179
-0.00257
-0.00198
-0.00218
-0.00179
-0.00218
-0.00218
-0.00237
-0.00218
-0.00237
-0.00218
-0.00198
-0.00218
-0.00237
-0.00198
-0.00237
-0.00237
-0.00237
-0.00257
-0.00257
-0.00237
-0.00237
-0.00257
-0.00257
-0.00198
-0.00237
-0.00257
-0.00237
-0.00257
-0.00257
-0.00276
-0.00237
-0.00296
-0.00315
-0.00276
-0.00276
-0.00296
-0.00315
-0.00335
-0.00354
-0.00315
-0.00354
-0.00315
-0.00335
-0.00296
-0.00335
-0.00315
-0.00257
-0.00296
-0.00315
-0.00296
-0.00276
-0.00276
-0.00276
-0.00237
-0.00276
-0.00257
-0.00276
-0.00315
-0.00296
-0.00257
-0.00296
-0.00296
-0.00257
-0.00237
-0.00257
-0.00218
-0.00218
-0.00218
-0.00218
-0.00179
-0.00198
-0.00237
-0.00179
-0.00179
-0.00139
-0.00179
-0.00159
-0.0012
-0.00198
-0.00159
-0.0012
-0.0012
-0.00179
-0.00139
-0.00218
-0.00198
-0.00218
-0.00139
-0.00179
-0.00179
-0.00159
-0.00179
-0.00179
-0.00179
-0.00139
-0.00218
-0.00218
-0.00198
-0.00198
-0.00218
-0.00179
-0.00218
-0.00198
-0.00218
-0.00179
-0.00218
-0.00218
-0.00218
-0.00276
-0.00257
-0.00237
-0.00257
-0.00198
-0.00218
-0.00198
-0.00218
-0.00218
-0.00237
-0.00198
-0.00218
-0.00218
-0.00237
-0.00198
-0.00218
-0.00237
-0.00257
-0.00257
-0.00237
-0.00237
-0.00198
-0.00218
-0.00198
-0.00218
-0.00218
-0.00218
-0.00237
-0.00237
-0.00237
-0.00237
-0.00257
-0.00257
-0.00296
-0.00257
-0.00296
-0.00237
-0.00257
-0.00237
-0.00257
-0.00237
-0.00218
-0.00198
-0.00198
-0.00198
-0.00276
-0.00237
-0.00257
-0.00257
-0.00276
-0.00218
-0.00218
-0.00276
-0.00276
-0.00237
-0.00257
-0.00257
-0.00237
-0.00296
-0.00257
-0.00276
-0.00296
-0.00276
-0.00257
-0.00218
-0.00179
-0.00257
-0.00218
-0.00218
-0.00237
-0.00218
-0.00179
-0.00179
-0.00218
-0.00237
-0.00257
-0.00198
-0.00198
-0.00179
-0.00179
-0.00237
-0.00237
-0.00198
-0.00237
-0.00296
-0.00198
-0.00257
-0.00257
-0.00296
-0.00257
-0.00237
-0.00237
-0.00257
-0.00237
-0.00237
-0.00218
-0.00237
-0.00159
-0.00022
0.00134
0.0029
0.00544
0.00837
0.01228
0.01521
0.0195
0.02361
0.02829
0.03279
0.03728
0.04196
0.04665
0.05075
0.05486
0.05876
0.06208
0.06501
0.06853
0.07146
0.07419
0.07595
0.07771
0.07966
0.08103
0.08239
0.08396
0.08513
0.08611
0.0865
0.08728
0.08806
0.08904
0.08923
0.08904
0.08904
0.08904
0.08884
0.08884
0.08864
0.08806
0.08747
0.08689
0.08669
0.08611
0.08532
0.08415
0.08376
0.08318
0.08239
0.08142
0.08064
0.07966
0.07927
0.07849
0.07771
0.07654
0.07536
0.07478
0.07419
0.07321
0.07204
0.07126
0.07048
0.0695
0.06853
0.06814
0.06696
0.06638
0.0654
0.06482
0.06384
0.06267
0.06189
0.06111
0.06071
0.05974
0.05935
0.05896
0.05798
0.0572
0.05642
0.05544
0.05525
0.05427
0.05368
0.0531
0.05232
0.05173
0.05095
0.05036
0.04958
0.04919
0.04841
0.04841
0.04743
0.04704
0.04626
0.04607
0.04509
0.0445
0.04431
0.04372
0.04333
0.04275
0.04177
0.04118
0.04099
0.04001
0.04001
0.03943
0.03884
0.03864
0.03786
0.03708
0.03689
0.0365
0.0363
0.03571
0.03532
0.03493
0.03415
0.03357
0.03318
0.03279
0.03259
0.03239
0.03181
0.032
0.03122
0.03044
0.03005
0.02946
0.02966
0.02907
0.02849
0.0281
0.02771
0.02771
0.02751
0.02732
0.02673
0.02595
0.02614
0.02536
0.02536
0.02497
0.02497
0.02458
0.024
0.0238
0.02321
0.02282
0.02282
0.02224
0.02185
0.02165
0.02146
0.02126
0.02068
0.02029
0.01989
0.0195
0.0195
0.01892
0.01892
0.01892
0.01833
0.01833
0.01775
0.01794
0.01775
0.01775
0.01794
0.01755
0.01696
0.01677
0.01657
0.01638
0.01599
0.01599
0.01579
0.01579
0.01599
0.0154
0.01501
0.0156
0.01521
0.01482
0.01521
0.01462
0.01482
0.01482
0.01404
0.01384
0.01364
0.01364
0.01345
0.01325
0.01306
0.01247
0.01228
0.01228
0.01228
0.01169
0.0115
0.01169
0.01169
0.01169
0.01091
0.01091
0.01032
0.01013
0.00954
0.00993
0.00954
0.00993
0.00974
0.00935
0.00954
0.00915
0.00896
0.00857
0.00876
0.00857
0.00818
0.00798
0.00837
0.00779
0.00759
0.00798
0.0072
0.00739
0.00739
0.0072
0.0072
0.00759
0.0072
0.007
0.00739
0.00739
0.007
0.00661
0.007
0.00642
0.00661
0.00622
0.00622
0.00661
0.00603
0.00603
0.00661
0.00642
0.00642
0.00583
0.00622
0.00583
0.00603
0.00583
0.00603
0.00564
0.00564
0.00564
0.00564
0.00544
0.00525
0.00505
0.00525
0.00486
0.00505
0.00505
0.00466
0.00466
0.00505
0.00486
0.00446
0.00427
0.00388
0.00388
0.00407
0.00427
0.00388
0.00368
0.0031
0.00349
0.00427
0.00368
0.00329
0.00349
0.00349
0.00368
0.0031
0.0029
0.0029
0.0029
0.00271
0.00232
0.00232
0.00212
0.00251
0.00212
0.00193
0.00212
0.00193
0.00212
0.00134
0.00173
0.00193
0.00173
0.00193
0.00173
0.00173
0.00134
0.00173
0.00134
0.00154
0.00154
0.00134
0.00154
0.00114
0.00134
0.00095
0.00173
0.00114
0.00134
0.00114
0.00134
0.00095
0.00114
0.00154
0.00193
0.00134
0.00173
0.00154
0.00154
0.00134
0.00154
0.00114
0.00154
0.00114
0.00114
0.00075
0.00154
0.00134
0.00095
0.00114
0.00114
0.00154
0.00173
0.00134
0.00075
0.00075
0.00075
0.00056
0.00056
0.00095
0.00056
0.00075
-3e-05
0.00017
0.00036
0.00075
0.00075
0.00095
0.00056
0.00056
-3e-05
-0.00022
-0.00061
-0.00042
-3e-05
-3e-05
0.00017
-0.00042
-3e-05
-0.00022
-0.00022
-3e-05
-3e-05
0.00017
-0.00022
-0.00042
-0.00081
-0.001
-0.00022
-0.00061
-3e-05
-0.00022
-0.00061
-0.00081
-0.00022
-0.001
-0.00081
-0.00081
-0.00042
-0.00022
-0.00061
-0.00061
-0.00042
-0.001
-0.00061
-0.001
-0.001
-0.00061
-0.00061
-0.00061
-0.00061
-0.00061
-0.00022
-0.00022
-0.00061
-0.00061
-0.00081
-0.00061
-0.001
-0.00061
-0.00061
-0.00061
-0.00061
-0.001
-0.00061
-0.0012
-0.00081
-0.00159
-0.001
-0.001
-0.001
-0.001
-0.00081
-0.00081
-0.00061
-0.00061
-0.001
-0.0012
-0.0012
-0.00061
-0.0012
-0.00061
-0.00081
-0.001
-0.00139
-0.001
-0.00081
-0.001
-0.0012
-0.00159
-0.00139
-0.00159
-0.00159
-0.00159
-0.0012
-0.001
-0.00139
-0.00218
-0.00159
-0.00198
-0.00159
-0.00179
-0.00179
-0.00159
-0.00179
-0.00198
-0.00139
-0.00218
-0.00179
-0.00237
-0.00218
-0.00218
-0.00179
-0.00218
-0.00198
-0.00257
-0.00237
-0.00218
-0.00218
-0.00198
-0.00257
-0.00218
-0.00179
-0.00218
-0.00218
-0.00257
-0.00218
-0.00218
-0.00237
-0.00218
-0.00218
-0.00218
-0.00198
-0.00198
-0.00179
-0.0012
-0.0012
-0.0012
-0.00159
-0.00179
-0.00198
-0.00218
-0.00198
-0.00159
-0.00159
-0.00139
-0.001
-0.00139
-0.0012
-0.00159
-0.00159
-0.00139
-0.00139
-0.0012
-0.0012
-0.0012
-0.0012
-0.00159
-0.00139
-0.00139
-0.0012
-0.001
-0.0012
-0.00179
-0.00179
-0.00139
-0.00179
-0.00159
-0.00159
-0.00198
-0.00179
-0.00198
-0.00237
-0.00237
-0.00198
-0.00198
-0.00179
-0.00198
-0.00179
-0.00179
-0.00198
-0.00218
-0.00179
-0.00159
-0.00159
-0.00139
-0.00159
-0.00159
-0.00159
-0.00179
-0.00218
-0.00139
-0.00198
-0.00179
-0.00159
-0.00198
-0.00198
-0.00179
-0.00198
-0.00159
-0.00218
-0.00179
-0.00218
-0.00179
-0.00218
-0.00179
-0.00159
-0.00139
-0.00159
-0.00159
-0.0012
-0.00159
-0.00198
-0.00159
-0.00159
-0.00159
-0.00179
-0.00159
-0.00198
-0.00237
-0.00198
-0.00237
-0.00218
-0.00218
-0.00218
-0.00218
-0.00218
-0.00218
-0.00257
-0.00218
-0.00276
-0.00237
-0.00218
-0.00237
-0.00218
-0.00159
-0.00218
-0.00237
-0.00257
-0.00198
-0.00159
-0.00218
-0.00257
-0.00237
-0.00218
-0.00179
-0.00218
-0.00198
-0.00218
-0.00159
-0.00179
-0.00159
-0.00218
-0.00218
-0.00257
-0.00218
-0.00198
-0.00159
-0.00179
-0.00237
-0.00159
-0.00218
-0.00218
-0.00179
-0.00179
-0.00237
-0.00257
-0.00257
-0.00237
-0.00237
-0.00218
-0.00237
-0.00237
-0.00257
-0.00237
-0.00296
-0.00257
-0.00296
-0.00276
-0.00237
-0.00237
-0.00276
-0.00257
-0.00257
-0.00257
-0.00237
-0.00218
-0.00237
-0.00276
-0.00218
-0.00159
-0.00179
-0.00218
-0.00198
-0.00198
-0.00179
-0.00179
-0.00198
-0.00237
-0.00198
-0.00159
-0.00198
-0.00218
-0.00139
-0.00179
-0.00159
-0.00218
-0.00218
-0.00218
-0.00198
-0.00218
-0.00218
-0.00257
-0.00218
-0.00198
-0.00179
-0.00218
-0.00237
-0.00257
-0.00198
-0.00237
-0.00237
-0.00257
-0.00296
-0.00237
-0.00237
-0.00218
-0.00257
-0.00315
-0.00237
-0.00237
-0.00296
-0.00257
-0.00257
-0.00218
-0.00237
-0.00296
-0.00257
-0.00237
-0.00257
-0.00237
-0.00257
-0.00257
-0.00237
-0.00257
-0.00257
-0.00257
-0.00237
-0.00218
-0.00257
-0.00257
-0.00276
-0.00237
-0.00218
-0.00257
-0.00218
-0.00276
-0.00257
-0.00237
-0.00198
-0.00218
-0.00139
-0.00179
-0.0012
-0.00159
-0.00159
-0.00179
-0.00198
-0.00198
-0.00139
-0.00179
-0.00198
-0.00198
-0.00179
-0.00159
-0.00198
-0.00159
-0.00159
-0.00179
-0.00179
-0.00179
-0.00218
-0.00179
-0.00198
-0.00218
-0.00218
-0.00237
-0.00179
-0.00179
-0.00179
-0.00179
-0.00198
-0.00237
-0.00218
-0.00218
-0.00179
-0.00159
-0.00179
-0.00198
-0.00159
-0.00179
-0.00198
-0.00179
-0.00159
-0.00198
-0.00218
-0.00218
-0.00179
-0.00237
-0.00237
-0.00257
-0.00218
-0.00198
-0.00237
-0.00218
-0.00218
-0.00198
-0.00218
-0.00237
-0.00218
-0.00179
-0.00237
-0.00257
-0.00237
-0.00276
-0.00276
-0.00276
-0.00276
-0.00257
-0.00296
-0.00276
-0.00257
-0.00335
-0.00315
-0.00257
-0.00315
-0.00335
-0.00296
-0.00296
-0.00218
-0.00257
-0.00276
-0.00276
-0.00296
-0.00276
-0.00237
-0.00276
-0.00296
-0.00296
-0.00257
-0.00237
-0.00296
-0.00237
-0.00257
-0.00276
-0.00218
-0.00218
-0.00237
-0.00237
-0.00218
-0.00257
-0.00257
-0.00257
-0.00218
-0.00237
-0.00257
-0.00218
-0.00198
-0.00218
-0.00179
-0.00218
-0.00179
-0.00198
-0.00179
-0.00218
-0.00237
-0.00198
-0.00276
-0.00218
-0.00257
-0.00237
-0.00257
-0.00218
-0.00218
-0.00257
-0.00237
-0.00276
-0.00218
-0.00237
-0.00237
-0.00276
-0.00276
-0.00237
-0.00257
-0.00276
-0.00257
-0.00296
-0.00257
-0.00257
-0.00218
-0.00257
-0.00296
-0.00296
-0.00218
-0.00257
-0.00237
-0.00237
-0.00296
-0.00237
-0.00257
-0.00276
-0.00198
-0.00218
-0.00218
-0.00218
-0.00218
-0.00198
-0.00237
-0.00257
-0.00237
-0.00257
-0.00198
-0.00276
-0.00257
-0.00237
-0.00257
-0.00257
-0.00257
-0.00257
-0.00218
-0.00218
-0.00218
-0.00257
-0.00237
-0.00257
-0.00237
-0.00237
-0.00257
-0.00257
-0.00179
-0.00179
-0.00257
-0.00237
-0.00237
-0.00237
-0.00257
-0.00218
-0.00218
-0.00237
-0.00218
-0.00237
-0.00218
-0.00218
-0.00237
-0.00237
-0.00218
-0.00218
-0.00237
-0.00257
-0.00237
-0.00237
-0.00276
-0.00257
-0.00296
-0.00257
-0.00276
-0.00276
-0.00218
-0.00257
-0.00257
-0.00276
-0.00276
-0.00276
-0.00296
-0.00276
-0.00257
-0.00237
-0.00237
-0.00257
-0.00237
-0.00257
-0.00296
-0.00257
-0.00296
-0.00315
-0.00315
-0.00257
-0.00276
-0.00276
-0.00315
-0.00296
-0.00257
-0.00237
-0.00218
-0.00257
-0.00257
-0.00237
-0.00237
-0.00218
-0.00237
-0.00237
-0.00257
-0.00198
-0.00159
-0.0012
-0.00218
-0.00159
-0.00198
-0.00198
-0.00198
-0.00218
-0.00198
-0.00198
-0.00237
-0.00179
-0.00179
-0.00237
-0.00218
-0.00198
-0.00237
-0.00237
