-1.000000000000E-03

-0.00237
-0.00296
-0.00218
-0.00276
-0.00257
-0.00257
-0.00276
-0.00276
-0.00237
-0.00257
-0.00237
-0.00276
-0.00218
-0.00237
-0.00257
-0.00257
-0.00237
-0.00296
-0.00296
-0.00276
-0.00296
-0.00276
-0.00296
-0.00276
-0.00257
-0.00276
-0.00257
-0.00296
-0.00296
-0.00296
-0.00257
-0.00276
-0.00276
-0.00296
-0.00276
-0.00296
-0.00276
-0.00276
-0.00257
-0.00257
-0.00276
-0.00257
-0.00257
-0.00276
-0.00315
-0.00296
-0.00296
-0.00335
-0.00296
-0.00315
-0.00296
-0.00315
-0.00296
-0.00296
-0.00276
-0.00276
-0.00237
-0.00237
-0.00237
-0.00237
-0.00276
-0.00257
-0.00237
-0.00198
-0.00198
-0.00257
-0.00237
-0.00237
-0.00237
-0.00257
-0.00257
-0.00276
-0.00296
-0.00276
-0.00237
-0.00276
-0.00276
-0.00296
-0.00237
-0.00237
-0.00218
-0.00237
-0.00237
-0.00257
-0.00198
-0.00218
-0.00237
-0.00257
-0.00237
-0.00218
-0.00237
-0.00237
-0.00218
-0.00237
-0.00237
-0.00218
-0.00237
-0.00257
-0.00218
-0.00257
-0.00257
-0.00257
-0.00237
-0.00257
-0.00257
-0.00257
-0.00237
-0.00237
-0.00198
-0.00257
-0.00237
-0.00276
-0.00218
-0.00218
-0.00257
-0.00276
-0.00296
-0.00257
-0.00296
-0.00296
-0.00257
-0.00257
-0.00335
-0.00257
-0.00296
-0.00296
-0.00276
-0.00276
-0.00218
-0.00335
-0.00276
-0.00315
-0.00296
-0.00296
-0.00276
-0.00296
-0.00257
-0.00257
-0.00257
-0.00237
-0.00237
-0.00237
-0.00237
-0.00276
-0.00218
-0.00276
-0.00257
-0.00276
-0.00257
-0.00237
-0.00198
-0.00276
-0.00257
-0.00237
-0.00237
-0.00237
-0.00257
-0.00257
-0.00237
-0.00257
-0.00257
-0.00296
-0.00296
-0.00276
-0.00257
-0.00315
-0.00315
-0.00315
-0.00276
-0.00315
-0.00276
-0.00315
-0.00354
-0.00315
-0.00276
-0.00315
-0.00315
-0.00296
-0.00315
-0.00296
-0.00296
-0.00276
-0.00276
-0.00296
-0.00315
-0.00257
-0.00237
-0.00296
-0.00276
-0.00296
-0.00315
-0.00296
-0.00296
-0.00296
-0.00276
-0.00276
-0.00237
-0.00257
-0.00276
-0.00257
-0.00237
-0.00257
-0.00237
-0.00159
-0.00081
0.00036
0.00114
0.00271
0.00446
0.00505
0.00583
0.00642
0.00759
0.00896
0.00993
0.00993
0.01111
0.01306
0.01482
0.01696
0.0195
0.02224
0.02497
0.02849
0.03181
0.03532
0.03786
0.04099
0.0447
0.04743
0.05056
0.05251
0.05446
0.05661
0.05818
0.05954
0.06111
0.06247
0.06384
0.06462
0.06579
0.06618
0.06696
0.06736
0.06814
0.06833
0.06872
0.06872
0.06892
0.06872
0.06911
0.06872
0.06853
0.06814
0.06794
0.06775
0.06736
0.06696
0.06618
0.06579
0.06521
0.06482
0.06423
0.06306
0.06286
0.06208
0.0615
0.06071
0.06032
0.05974
0.05915
0.05857
0.05798
0.0572
0.05661
0.05603
0.05505
0.05466
0.05388
0.05329
0.05193
0.05173
0.05095
0.05075
0.04997
0.04958
0.04861
0.04763
0.04743
0.04685
0.04607
0.04607
0.04509
0.0447
0.04372
0.04372
0.04314
0.04236
0.04138
0.04118
0.04079
0.04099
0.04001
0.03962
0.03943
0.03864
0.03786
0.03767
0.03747
0.03669
0.03591
0.03571
0.03493
0.03513
0.03415
0.03396
0.03357
0.03279
0.03259
0.032
0.03239
0.03122
0.03044
0.03005
0.02966
0.02966
0.02966
0.02849
0.0281
0.0281
0.02771
0.02712
0.02712
0.02673
0.02654
0.02614
0.02556
0.02497
0.02458
0.02439
0.02439
0.0238
0.02361
0.02282
0.02302
0.02282
0.02243
0.02243
0.02204
0.02185
0.02126
0.02126
0.02087
0.02068
0.02009
0.01989
0.02029
0.01931
0.01911
0.01892
0.01872
0.01892
0.01892
0.01814
0.01794
0.01833
0.01775
0.01696
0.01736
0.01677
0.01618
0.01638
0.01599
0.01618
0.01599
0.01521
0.0156
0.0154
0.01501
0.01501
0.01443
0.01423
0.01384
0.01384
0.01364
0.01384
0.01306
0.01306
0.01306
0.01267
0.01228
0.01267
0.01208
0.01208
0.01169
0.01169
0.0115
0.01169
0.0115
0.01111
0.01111
0.01091
0.01052
0.01071
0.01071
0.01052
0.01032
0.00974
0.00993
0.01013
0.00974
0.00954
0.00915
0.00915
0.00876
0.00876
0.00915
0.00837
0.00857
0.00818
0.00798
0.00798
0.00798
0.00779
0.0072
0.00739
0.00739
0.007
0.00681
0.00681
0.00661
0.00603
0.00642
0.00622
0.00642
0.00583
0.00583
0.00583
0.00544
0.00583
0.00564
0.00564
0.00583
0.00544
0.00564
0.00525
0.00544
0.00525
0.00525
0.00564
0.00505
0.00505
0.00486
0.00505
0.00525
0.00505
0.00466
0.00505
0.00466
0.00505
0.00486
0.00466
0.00446
0.00466
0.00486
0.00407
0.00446
0.00388
0.00388
0.00407
0.00407
0.00407
0.00368
0.00349
0.00329
0.0029
0.00271
0.0031
0.00271
0.00251
0.00251
0.00251
0.00232
0.00212
0.00212
0.00193
0.00193
0.00212
0.00232
0.00212
0.00193
0.00193
0.00154
0.00193
0.00173
0.00114
0.00154
0.00134
0.00095
0.00173
0.00114
0.00154
0.00095
0.00134
0.00075
0.00134
0.00095
0.00095
0.00056
0.00075
0.00056
0.00075
0.00134
0.00095
0.00114
0.00075
0.00056
0.00075
0.00056
0.00075
0.00017
0.00056
0.00056
0.00075
-3e-05
0.00017
0.00036
0.00036
0.00075
0.00075
0.00095
0.00036
0.00036
0.00036
0.00017
0.00017
0.00017
-3e-05
0.00017
0.00017
0.00017
0.00017
0.00017
-3e-05
0.00056
0.00056
0.00056
0.00017
0.00036
0.00036
0.00036
-3e-05
0.00036
0.00056
-3e-05
-3e-05
-3e-05
-3e-05
-3e-05
-0.00042
0.00017
0.00017
-3e-05
-3e-05
-3e-05
-0.00022
-0.00022
-0.00022
0.00017
0.00036
-3e-05
-0.00042
0.00036
-3e-05
0.00017
-0.00022
-0.00022
-0.00061
-0.00042
-0.00022
-0.00022
-0.00022
-0.00022
-0.00042
-0.00061
-0.00061
-0.00081
-0.001
-0.001
-0.001
-0.0012
-0.001
-0.0012
-0.001
-0.001
-0.0012
-0.00081
-0.0012
-0.0012
-0.0012
-0.0012
-0.00081
-0.001
-0.00061
-0.00061
-0.0012
-0.00081
-0.00139
-0.0012
-0.00179
-0.0012
-0.00081
-0.00081
-0.001
-0.00081
-0.00139
-0.0012
-0.001
-0.001
-0.001
-0.0012
-0.00159
-0.00139
-0.001
-0.0012
-0.00159
-0.00159
-0.00179
-0.00198
-0.00179
-0.00179
-0.00159
-0.0012
-0.00179
-0.00179
-0.00179
-0.00198
-0.00179
-0.00237
-0.00198
-0.00218
-0.00198
-0.00218
-0.00179
-0.00198
-0.00198
-0.00179
-0.00218
-0.00198
-0.00198
-0.00198
-0.00198
-0.00198
-0.00179
-0.00179
-0.00159
-0.00159
-0.00159
-0.0012
-0.00179
-0.00159
-0.00159
-0.00139
-0.00179
-0.00179
-0.00179
-0.00139
-0.00179
-0.00179
-0.00198
-0.00179
-0.00198
-0.00218
-0.00179
-0.00257
-0.00237
-0.00218
-0.00218
-0.00237
-0.00237
-0.00237
-0.00218
-0.00198
-0.00257
-0.00257
-0.00257
-0.00218
-0.00218
-0.00198
-0.00237
-0.00257
-0.00218
-0.00237
-0.00237
-0.00237
-0.00218
-0.00237
-0.00276
-0.00237
-0.00237
-0.00257
-0.00296
-0.00296
-0.00296
-0.00218
-0.00257
-0.00296
-0.00257
-0.00257
-0.00276
-0.00218
-0.00237
-0.00198
-0.00257
-0.00237
-0.00237
-0.00257
-0.00257
-0.00237
-0.00218
-0.00159
-0.00179
-0.00198
-0.00237
-0.00218
-0.00198
-0.00198
-0.00218
-0.00237
-0.00198
-0.00237
-0.00237
-0.00218
-0.00237
-0.00237
-0.00276
-0.00237
-0.00237
-0.00237
-0.00276
-0.00257
-0.00237
-0.00276
-0.00276
-0.00276
-0.00315
-0.00296
-0.00296
-0.00374
-0.00335
-0.00354
-0.00354
-0.00296
-0.00335
-0.00315
-0.00315
-0.00296
-0.00315
-0.00296
-0.00296
-0.00296
-0.00296
-0.00335
-0.00335
-0.00335
-0.00257
-0.00257
-0.00257
-0.00237
-0.00237
-0.00198
-0.00237
-0.00179
-0.00257
-0.00159
-0.00218
-0.00179
-0.00179
-0.00198
-0.00198
-0.00198
-0.00237
-0.00218
-0.00218
-0.00218
-0.00218
-0.00218
-0.00237
-0.00237
-0.00198
-0.00257
-0.00276
-0.00276
-0.00237
-0.00218
-0.00237
-0.00237
-0.00237
-0.00237
-0.00237
-0.00237
-0.00296
-0.00276
-0.00257
-0.00257
-0.00276
-0.00276
-0.00296
-0.00296
-0.00315
-0.00296
-0.00315
-0.00276
-0.00315
-0.00276
-0.00296
-0.00257
-0.00257
-0.00296
-0.00257
-0.00257
-0.00276
-0.00296
-0.00296
-0.00237
-0.00237
-0.00257
-0.00237
-0.00237
-0.00257
-0.00296
-0.00276
-0.00237
-0.00237
-0.00237
-0.00315
-0.00335
-0.00257
-0.00257
-0.00218
-0.00257
-0.00198
-0.00218
-0.00237
-0.00276
-0.00237
-0.00237
-0.00218
-0.00218
-0.00257
-0.00237
-0.00237
-0.00198
-0.00218
-0.00276
-0.00276
-0.00276
-0.00237
-0.00257
-0.00276
-0.00276
-0.00315
-0.00257
-0.00276
-0.00237
-0.00276
-0.00296
-0.00296
-0.00296
-0.00257
-0.00276
-0.00296
-0.00315
-0.00296
-0.00237
-0.00237
-0.00237
-0.00257
-0.00296
-0.00296
-0.00276
-0.00257
-0.00276
-0.00296
-0.00276
-0.00315
-0.00276
-0.00276
-0.00276
-0.00257
-0.00276
-0.00257
-0.00276
-0.00276
-0.00315
-0.00296
-0.00315
-0.00335
-0.00315
-0.00296
-0.00296
-0.00296
-0.00296
-0.00276
-0.00296
-0.00315
-0.00276
-0.00296
-0.00335
-0.00296
-0.00276
-0.00276
-0.00276
-0.00296
-0.00257
-0.00296
-0.00335
-0.00237
-0.00315
-0.00296
-0.00335
-0.00296
-0.00296
-0.00257
-0.00257
-0.00237
-0.00198
-0.00237
-0.00218
-0.00276
-0.00237
-0.00257
-0.00237
-0.00237
-0.00237
-0.00218
-0.00218
-0.00218
-0.00237
-0.00257
-0.00276
-0.00276
-0.00257
-0.00257
-0.00257
-0.00257
-0.00315
-0.00276
-0.00257
-0.00257
-0.00257
-0.00296
-0.00296
-0.00315
-0.00237
-0.00296
-0.00276
-0.00237
-0.00335
-0.00296
-0.00276
-0.00296
-0.00315
-0.00315
-0.00315
-0.00315
-0.00315
-0.00315
-0.00276
-0.00296
-0.00315
-0.00315
-0.00315
-0.00296
-0.00315
-0.00276
-0.00276
-0.00296
-0.00276
-0.00315
-0.00276
-0.00257
-0.00276
-0.00218
-0.00257
-0.00237
-0.00257
-0.00237
-0.00257
-0.00237
-0.00276
-0.00276
-0.00218
-0.00257
-0.00257
-0.00296
-0.00237
-0.00237
-0.00237
-0.00296
-0.00276
-0.00276
-0.00296
-0.00276
-0.00257
-0.00296
-0.00296
-0.00276
-0.00237
-0.00257
-0.00257
-0.00257
-0.00276
-0.00276
-0.00315
-0.00276
-0.00296
-0.00296
-0.00296
-0.00276
-0.00315
-0.00257
-0.00257
-0.00276
-0.00276
-0.00296
-0.00296
-0.00276
-0.00218
-0.00218
-0.00257
-0.00237
-0.00237
-0.00237
-0.00218
-0.00237
-0.00218
-0.00218
-0.00257
-0.00218
-0.00218
-0.00276
-0.00257
-0.00276
-0.00237
-0.00257
-0.00257
-0.00257
-0.00296
-0.00296
-0.00276
-0.00296
-0.00315
-0.00335
-0.00257
-0.00276
-0.00296
-0.00335
-0.00335
-0.00374
-0.00393
-0.00413
-0.00374
-0.00354
-0.00335
-0.00335
-0.00335
-0.00335
-0.00296
-0.00354
-0.00335
-0.00374
-0.00296
-0.00315
-0.00315
-0.00393
-0.00354
-0.00296
-0.00296
-0.00296
-0.00276
-0.00276
-0.00257
-0.00276
-0.00257
-0.00257
-0.00296
-0.00296
-0.00276
-0.00276
-0.00296
-0.00296
-0.00276
-0.00276
-0.00296
-0.00296
-0.00315
-0.00237
-0.00257
-0.00257
-0.00276
-0.00276
-0.00296
-0.00354
-0.00296
-0.00276
-0.00296
-0.00276
-0.00296
-0.00335
-0.00315
-0.00296
-0.00296
-0.00276
-0.00296
-0.00315
-0.00296
-0.00335
-0.00296
-0.00335
-0.00335
-0.00335
-0.00296
-0.00335
-0.00315
-0.00335
-0.00296
-0.00296
-0.00296
-0.00276
-0.00315
-0.00296
-0.00296
-0.00335
-0.00296
-0.00276
-0.00315
-0.00315
-0.00296
-0.00315
-0.00296
-0.00354
-0.00315
-0.00296
-0.00315
-0.00335
-0.00335
-0.00276
-0.00257
-0.00257
-0.00276
-0.00315
-0.00315
-0.00315
-0.00315
-0.00315
-0.00276
-0.00276
-0.00257
-0.00257
-0.00257
-0.00257
-0.00257
-0.00257
-0.00257
-0.00237
-0.00218
-0.00237
-0.00257
-0.00237
-0.00257
-0.00276
-0.00296
-0.00257
-0.00257
-0.00296
-0.00257
-0.00296
-0.00257
-0.00315
-0.00257
-0.00257
-0.00296
-0.00237
-0.00218
-0.00257
-0.00276
-0.00296
-0.00296
-0.00237
-0.00296
-0.00276
-0.00296
-0.00315
-0.00315
-0.00335
-0.00296
-0.00335
-0.00354
-0.00354
