-1.636000457600E+00

-0.00296
-0.00315
-0.00296
-0.00315
-0.00315
-0.00296
-0.00315
-0.00296
-0.00276
-0.00335
-0.00335
-0.00354
-0.00354
-0.00335
-0.00315
-0.00315
-0.00315
-0.00335
-0.00335
-0.00374
-0.00413
-0.00354
-0.00374
-0.00374
-0.00354
-0.00374
-0.00315
-0.00335
-0.00335
-0.00315
-0.00335
-0.00296
-0.00257
-0.00315
-0.00335
-0.00354
-0.00315
-0.00315
-0.00276
-0.00296
-0.00315
-0.00335
-0.00354
-0.00374
-0.00374
-0.00374
-0.00393
-0.00335
-0.00354
-0.00335
-0.00315
-0.00335
-0.00296
-0.00296
-0.00374
-0.00335
-0.00257
-0.00257
-0.00315
-0.00335
-0.00315
-0.00335
-0.00335
-0.00335
-0.00315
-0.00296
-0.00354
-0.00315
-0.00276
-0.00296
-0.00296
-0.00315
-0.00315
-0.00296
-0.00296
-0.00315
-0.00276
-0.00276
-0.00335
-0.00276
-0.00276
-0.00257
-0.00257
-0.00315
-0.00296
-0.00296
-0.00315
-0.00296
-0.00257
-0.00315
-0.00276
-0.00315
-0.00296
-0.00335
-0.00354
-0.00315
-0.00354
-0.00354
-0.00354
-0.00354
-0.00354
-0.00374
-0.00354
-0.00296
-0.00276
-0.00296
-0.00335
-0.00315
-0.00354
-0.00315
-0.00276
-0.00315
-0.00296
-0.00276
-0.00257
-0.00257
-0.00276
-0.00257
-0.00257
-0.00296
-0.00237
-0.00218
-0.00237
-0.00237
-0.00237
-0.00257
-0.00179
-0.00179
-0.00237
-0.00179
-0.00237
-0.00198
-0.00237
-0.00237
-0.00179
-0.00218
-0.00139
-0.00218
-0.00237
-0.00179
-0.00218
-0.00179
-0.00218
-0.00179
-0.00198
-0.00237
-0.00237
-0.00257
-0.00218
-0.00237
-0.00198
-0.00257
-0.00237
-0.00257
-0.00257
-0.00218
-0.00276
-0.00257
-0.00276
-0.00296
-0.00296
-0.00315
-0.00315
-0.00276
-0.00276
-0.00257
-0.00276
-0.00335
-0.00257
-0.00315
-0.00354
-0.00354
-0.00335
-0.00335
-0.00354
-0.00374
-0.00276
-0.00296
-0.00257
-0.00218
-0.0012
-0.00042
0.00056
0.00173
0.0031
0.00349
0.00505
0.00603
0.0072
0.00779
0.00837
0.00954
0.01013
0.01071
0.01111
0.01169
0.01189
0.01286
0.01286
0.01286
0.01325
0.01345
0.01404
0.01423
0.01482
0.01443
0.01501
0.01521
0.01501
0.01462
0.01482
0.01462
0.0156
0.01521
0.01501
0.01462
0.01482
0.01404
0.01462
0.01521
0.01618
0.01716
0.01931
0.02126
0.02439
0.0279
0.03064
0.03454
0.03747
0.0404
0.04333
0.04607
0.0488
0.05075
0.05251
0.05368
0.05544
0.05759
0.05935
0.06111
0.06306
0.06462
0.06657
0.06872
0.07048
0.07224
0.074
0.07478
0.07595
0.07732
0.0781
0.07829
0.07946
0.07966
0.08005
0.07986
0.08025
0.07986
0.08025
0.08025
0.08025
0.08025
0.07966
0.07888
0.07868
0.07849
0.07751
0.07732
0.07654
0.07693
0.07575
0.07497
0.07439
0.074
0.07341
0.07224
0.07204
0.07126
0.07029
0.0697
0.06931
0.06853
0.06814
0.06775
0.06677
0.06599
0.06501
0.06384
0.06345
0.06286
0.06247
0.0615
0.06052
0.05993
0.05896
0.05818
0.05739
0.05661
0.05603
0.05505
0.05466
0.05427
0.05329
0.05212
0.05134
0.05095
0.04978
0.04958
0.04919
0.04861
0.04763
0.04704
0.04665
0.04587
0.04568
0.04431
0.04431
0.04294
0.04275
0.04196
0.04196
0.04118
0.0404
0.03982
0.03923
0.03923
0.03864
0.03806
0.03747
0.03728
0.03728
0.0363
0.0363
0.03552
0.03493
0.03415
0.03396
0.03357
0.03298
0.03298
0.0322
0.03161
0.03161
0.03122
0.03103
0.03064
0.02986
0.02907
0.02927
0.02868
0.02888
0.0279
0.02771
0.02771
0.02751
0.02732
0.02712
0.02614
0.02614
0.02556
0.02556
0.02575
0.02497
0.02458
0.0238
0.02341
0.02321
0.02243
0.02263
0.02224
0.02224
0.02126
0.02107
0.02126
0.02107
0.02029
0.01989
0.0197
0.0195
0.01872
0.01911
0.01892
0.01853
0.01872
0.01814
0.01794
0.01814
0.01794
0.01716
0.01716
0.01716
0.01677
0.01696
0.01657
0.01677
0.01638
0.0156
0.0154
0.0156
0.01501
0.01443
0.01521
0.01462
0.01482
0.01423
0.01423
0.01364
0.01404
0.01345
0.01345
0.01306
0.01267
0.01247
0.01228
0.01228
0.01228
0.01208
0.0113
0.01169
0.0115
0.0115
0.01071
0.0113
0.01052
0.01071
0.01013
0.00954
0.00974
0.00993
0.00935
0.00954
0.00896
0.00935
0.00954
0.00896
0.00974
0.00915
0.00974
0.00935
0.00954
0.00935
0.00915
0.00954
0.00896
0.00876
0.00857
0.00876
0.00876
0.00896
0.00876
0.00876
0.00818
0.00798
0.00759
0.00739
0.007
0.00759
0.0072
0.007
0.007
0.00622
0.00661
0.00661
0.00661
0.00681
0.00642
0.00642
0.00642
0.00583
0.00603
0.00622
0.00622
0.00583
0.00564
0.00583
0.00525
0.00544
0.00564
0.00525
0.00564
0.00544
0.00486
0.00486
0.00486
0.00486
0.00466
0.00486
0.00486
0.00505
0.00466
0.00427
0.00446
0.00427
0.00407
0.00486
0.00427
0.00407
0.00407
0.00388
0.00368
0.00349
0.00368
0.00329
0.00329
0.0031
0.0031
0.00271
0.00212
0.00212
0.00212
0.00232
0.00193
0.00173
0.00173
0.00095
0.00134
0.00154
0.00114
0.00154
0.00114
0.00154
0.00134
0.00134
0.00114
0.00095
0.00134
0.00095
0.00075
0.00036
0.00056
0.00017
0.00056
0.00017
0.00036
-0.00022
0.00017
-0.00022
-0.00022
-3e-05
-3e-05
0.00017
0.00017
0.00036
-0.00042
-3e-05
0.00017
0.00056
0.00075
0.00017
0.00017
0.00036
0.00017
-3e-05
-0.00042
-0.00042
-3e-05
-0.00042
-0.001
-0.00042
-0.001
-0.0012
-0.00139
-0.0012
-0.001
-0.001
-0.0012
-0.0012
-0.00218
-0.00179
-0.00159
-0.0012
-0.00139
-0.00139
-0.00159
-0.0012
-0.00179
-0.00139
-0.00179
-0.00159
-0.00139
-0.00179
-0.00139
-0.00139
-0.00139
-0.00139
-0.001
-0.0012
-0.00081
-0.00139
-0.001
-0.00061
-0.00061
-0.0012
-0.00042
-0.00022
-0.00022
-0.00022
0.00017
0.00017
0.00036
-3e-05
-0.00022
-3e-05
-3e-05
0.00017
-3e-05
-3e-05
-3e-05
-0.00022
-3e-05
0.00036
-0.00042
-0.00061
-0.00022
-0.00042
-3e-05
-0.00042
-0.001
-0.00081
-0.00081
-3e-05
-0.001
-0.00061
-0.001
-0.00061
-0.0012
-0.001
-0.001
-0.001
-0.00061
-0.00061
-0.001
-0.0012
-0.00159
-0.001
-0.00139
-0.00139
-0.001
-0.00139
-0.00159
-0.00139
-0.0012
-0.001
-0.0012
-0.0012
-0.0012
-0.001
-0.0012
-0.0012
-0.0012
-0.001
-0.00139
-0.001
-0.00081
-0.001
-0.0012
-0.0012
-0.00081
-0.00081
-0.00139
-0.00139
-0.00139
-0.00218
-0.00179
-0.00198
-0.00179
-0.00198
-0.00159
-0.00179
-0.00198
-0.00198
-0.00218
-0.00218
-0.00198
-0.00198
-0.00218
-0.00198
-0.00237
-0.00198
-0.00198
-0.00198
-0.00198
-0.00198
-0.00237
-0.00198
-0.00179
-0.00218
-0.00198
-0.00198
-0.00237
-0.00257
-0.00296
-0.00218
-0.00276
-0.00218
-0.00257
-0.00257
-0.00218
-0.00218
-0.00218
-0.00218
-0.00198
-0.00218
-0.00198
-0.00179
-0.00179
-0.00179
-0.00198
-0.00179
-0.00198
-0.00179
-0.00218
-0.00179
-0.00218
-0.00198
-0.00257
-0.00198
-0.00276
-0.00257
-0.00276
-0.00296
-0.00315
-0.00296
-0.00296
-0.00276
-0.00257
-0.00296
-0.00257
-0.00276
-0.00296
-0.00296
-0.00276
-0.00296
-0.00315
-0.00335
-0.00315
-0.00393
-0.00315
-0.00374
-0.00374
-0.00354
-0.00335
-0.00354
-0.00335
-0.00354
-0.00354
-0.00354
-0.00335
-0.00296
-0.00354
-0.00296
-0.00296
-0.00315
-0.00335
-0.00296
-0.00276
-0.00257
-0.00237
-0.00276
-0.00237
-0.00257
-0.00257
-0.00257
-0.00218
-0.00276
-0.00276
-0.00276
-0.00315
-0.00315
-0.00296
-0.00257
-0.00296
-0.00276
-0.00335
-0.00276
-0.00296
-0.00296
-0.00276
-0.00218
-0.00276
-0.00296
-0.00296
-0.00257
-0.00296
-0.00218
-0.00218
-0.00257
-0.00276
-0.00257
-0.00257
-0.00237
-0.00237
-0.00198
-0.00257
-0.00198
-0.00276
-0.00296
-0.00218
-0.00257
-0.00218
-0.00237
-0.00198
-0.00218
-0.00237
-0.00218
-0.00179
-0.00179
-0.00218
-0.00237
-0.00257
-0.00198
-0.00198
-0.00237
-0.00218
-0.00218
-0.00218
-0.00179
-0.00218
-0.00237
-0.00257
-0.00257
-0.00237
-0.00237
-0.00257
-0.00257
-0.00296
-0.00276
-0.00257
-0.00218
-0.00276
-0.00257
-0.00276
-0.00198
-0.00218
-0.00257
-0.00237
-0.00257
-0.00198
-0.00218
-0.00237
-0.00198
-0.00218
-0.00237
-0.00237
-0.00218
-0.00179
-0.00198
-0.00218
-0.00296
-0.00237
-0.00237
-0.00257
-0.00237
-0.00218
-0.00218
-0.00218
-0.00198
-0.00198
-0.00179
-0.00179
-0.00159
-0.00139
-0.0012
-0.00179
-0.00179
-0.00159
-0.00159
-0.00218
-0.00237
-0.00257
-0.00237
-0.00237
-0.00237
-0.00276
-0.00257
-0.00296
-0.00296
-0.00315
-0.00315
-0.00354
-0.00315
-0.00335
-0.00276
-0.00315
-0.00354
-0.00354
-0.00296
-0.00335
-0.00315
-0.00296
-0.00276
-0.00315
-0.00315
-0.00315
-0.00315
-0.00315
-0.00315
-0.00335
-0.00335
-0.00296
-0.00315
-0.00315
-0.00296
-0.00276
-0.00257
-0.00257
-0.00257
-0.00276
-0.00237
-0.00218
-0.00237
-0.00218
-0.00198
-0.00198
-0.00198
-0.00237
-0.00218
-0.00218
-0.00198
-0.00237
-0.00139
-0.00198
-0.00257
-0.00257
-0.00296
-0.00276
-0.00257
-0.00276
-0.00296
-0.00276
-0.00296
-0.00276
-0.00237
-0.00276
-0.00296
-0.00315
-0.00257
-0.00315
-0.00354
-0.00296
-0.00296
-0.00296
-0.00276
-0.00296
-0.00296
-0.00296
-0.00218
-0.00237
-0.00315
-0.00296
-0.00276
-0.00296
-0.00257
-0.00296
-0.00257
-0.00237
-0.00218
-0.00296
-0.00276
-0.00296
-0.00296
-0.00276
-0.00257
-0.00237
-0.00296
-0.00237
-0.00257
-0.00257
-0.00218
-0.00257
-0.00257
-0.00257
-0.00276
-0.00237
-0.00276
-0.00296
-0.00276
-0.00315
-0.00276
-0.00257
-0.00276
-0.00296
-0.00296
-0.00296
-0.00237
-0.00315
-0.00315
-0.00237
-0.00276
-0.00257
-0.00257
-0.00276
-0.00257
-0.00218
-0.00218
-0.00257
-0.00237
-0.00198
-0.00179
-0.00237
-0.00198
-0.00198
-0.00179
-0.00159
-0.00198
-0.00198
-0.00179
-0.00179
-0.00179
-0.00198
-0.00179
-0.00159
-0.00139
-0.00139
-0.00179
-0.0012
-0.00139
-0.00139
-0.00139
-0.00159
-0.00179
-0.00179
-0.00218
-0.00159
-0.00179
-0.00218
-0.00198
-0.00257
-0.00257
-0.00237
-0.00296
-0.00276
-0.00257
-0.00257
-0.00257
-0.00315
-0.00335
-0.00276
-0.00296
-0.00335
-0.00354
-0.00335
-0.00374
-0.00413
-0.00413
-0.00374
-0.00335
-0.00335
-0.00315
-0.00354
-0.00374
-0.00335
-0.00374
-0.00335
-0.00335
-0.00335
-0.00315
-0.00315
-0.00296
-0.00315
-0.00315
-0.00276
-0.00218
-0.00257
-0.00237
-0.00257
-0.00257
-0.00237
-0.00218
-0.00257
-0.00276
-0.00296
-0.00276
-0.00296
-0.00257
-0.00276
-0.00296
-0.00315
-0.00335
-0.00354
-0.00335
-0.00354
-0.00335
-0.00374
-0.00354
-0.00335
-0.00374
-0.00413
-0.00393
-0.00413
-0.00413
-0.00452
-0.00432
-0.00432
-0.00452
-0.00432
-0.00374
-0.00452
-0.00413
-0.00471
-0.00432
-0.00491
-0.00432
-0.00432
-0.00393
-0.00374
-0.00413
-0.00374
-0.00374
-0.00393
-0.00354
-0.00374
-0.00335
-0.00315
-0.00335
-0.00296
-0.00276
-0.00276
-0.00257
-0.00296
-0.00237
-0.00276
-0.00237
-0.00237
-0.00198
-0.00198
-0.00237
-0.00237
-0.00218
-0.00218
-0.00237
-0.00237
-0.00237
-0.00276
-0.00257
-0.00296
-0.00276
-0.00296
-0.00296
-0.00276
-0.00296
-0.00296
-0.00315
-0.00315
-0.00354
-0.00354
-0.00335
-0.00335
-0.00315
-0.00354
-0.00413
-0.00335
-0.00276
-0.00315
-0.00296
-0.00276
-0.00296
-0.00276
-0.00315
-0.00315
-0.00257
-0.00315
-0.00296
-0.00276
-0.00237
-0.00257
-0.00276
-0.00237
-0.00257
-0.00237
-0.00257
-0.00257
-0.00237
-0.00179
-0.00237
-0.00198
-0.00198
-0.00218
-0.00198
-0.00237
-0.00198
-0.00237
-0.00218
-0.00276
-0.00237
-0.00276
-0.00237
-0.00296
-0.00276
-0.00276
-0.00335
-0.00335
-0.00335
-0.00354
-0.00354
-0.00335
-0.00413
-0.00335
-0.00354
-0.00354
