-2.290000672000E-01

-0.00276
-0.00218
-0.00276
-0.00237
-0.00296
-0.00218
-0.00276
-0.00257
-0.00257
-0.00276
-0.00276
-0.00257
-0.00276
-0.00296
-0.00276
-0.00257
-0.00276
-0.00276
-0.00237
-0.00237
-0.00218
-0.00218
-0.00237
-0.00237
-0.00276
-0.00237
-0.00218
-0.00257
-0.00218
-0.00257
-0.00237
-0.00257
-0.00296
-0.00257
-0.00276
-0.00296
-0.00315
-0.00276
-0.00237
-0.00257
-0.00257
-0.00237
-0.00237
-0.00218
-0.00237
-0.00218
-0.00257
-0.00218
-0.00237
-0.00218
-0.00257
-0.00237
-0.00237
-0.00218
-0.00237
-0.00237
-0.00218
-0.00257
-0.00218
-0.00237
-0.00257
-0.00257
-0.00218
-0.00276
-0.00296
-0.00218
-0.00257
-0.00237
-0.00257
-0.00257
-0.00257
-0.00257
-0.00296
-0.00276
-0.00296
-0.00276
-0.00315
-0.00296
-0.00315
-0.00276
-0.00257
-0.00257
-0.00257
-0.00237
-0.00276
-0.00257
-0.00276
-0.00296
-0.00218
-0.00257
-0.00218
-0.00257
-0.00237
-0.00257
-0.00237
-0.00179
-0.00237
-0.00218
-0.00198
-0.00179
-0.00198
-0.00218
-0.00198
-0.00237
-0.00237
-0.00179
-0.00198
-0.00159
-0.00198
-0.00198
-0.00139
-0.00159
-0.00179
-0.00198
-0.00237
-0.00198
-0.00237
-0.00237
-0.00218
-0.00237
-0.00218
-0.00218
-0.00276
-0.00237
-0.00257
-0.00276
-0.00237
-0.00257
-0.00276
-0.00257
-0.00315
-0.00276
-0.00276
-0.00296
-0.00276
-0.00296
-0.00296
-0.00257
-0.00237
-0.00237
-0.00237
-0.00276
-0.00257
-0.00276
-0.00237
-0.00257
-0.00237
-0.00237
-0.00257
-0.00257
-0.00198
-0.00237
-0.00276
-0.00237
-0.00218
-0.00198
-0.00179
-0.00198
-0.00198
-0.00237
-0.00218
-0.00237
-0.00257
-0.00237
-0.00237
-0.00218
-0.00179
-0.00179
-0.00218
-0.00198
-0.00179
-0.00179
-0.00179
-0.00218
-0.00218
-0.00218
-0.00198
-0.00218
-0.00218
-0.00198
-0.00218
-0.00218
-0.00237
-0.00237
-0.00237
-0.00257
-0.00218
-0.00237
-0.00237
-0.00257
-0.00218
-0.00237
-0.00237
-0.00237
-0.00276
-0.00257
-0.00296
-0.00276
-0.00237
-0.00257
-0.00179
-0.00198
-0.00061
0.00017
0.00134
0.00232
0.00349
0.00427
0.00564
0.00681
0.00759
0.00857
0.00954
0.00993
0.01071
0.01111
0.01169
0.01267
0.01404
0.01501
0.01618
0.01814
0.02009
0.02263
0.02517
0.02849
0.03142
0.03493
0.03825
0.04236
0.04685
0.05173
0.05603
0.06111
0.06677
0.07224
0.07712
0.08142
0.0863
0.09079
0.09392
0.09782
0.10095
0.10427
0.10661
0.10876
0.11091
0.11306
0.11482
0.11618
0.11755
0.11892
0.12048
0.12224
0.12361
0.12478
0.12634
0.12732
0.12868
0.12966
0.13025
0.13142
0.13142
0.13181
0.13161
0.13181
0.13181
0.132
0.13122
0.13083
0.13005
0.12927
0.12907
0.1281
0.12771
0.12693
0.12595
0.12497
0.12439
0.12224
0.12185
0.1199
0.11931
0.11755
0.11638
0.1156
0.11423
0.11325
0.1115
0.11052
0.10896
0.10857
0.10681
0.10603
0.10486
0.1031
0.10212
0.10095
0.09939
0.09841
0.09743
0.09568
0.0945
0.09372
0.09294
0.09236
0.09196
0.09138
0.09079
0.0906
0.09001
0.09001
0.08943
0.08923
0.08845
0.08786
0.08767
0.0863
0.0865
0.08571
0.08493
0.08435
0.08396
0.08357
0.0822
0.08161
0.08161
0.08064
0.07986
0.07907
0.07907
0.07732
0.07693
0.07614
0.07497
0.07478
0.07341
0.07341
0.07185
0.07126
0.07029
0.0697
0.06872
0.06814
0.06716
0.06677
0.06657
0.0654
0.06404
0.06345
0.06267
0.0615
0.06111
0.06052
0.06013
0.05896
0.05876
0.05798
0.057
0.05642
0.05583
0.05544
0.05466
0.05349
0.0529
0.05251
0.05212
0.05154
0.05036
0.05017
0.04861
0.049
0.04802
0.04763
0.04704
0.04665
0.04568
0.04509
0.04431
0.0445
0.04353
0.04294
0.04216
0.04216
0.04177
0.04079
0.0406
0.04021
0.03962
0.03884
0.03806
0.03845
0.03728
0.03669
0.0363
0.03591
0.03571
0.03474
0.03435
0.03376
0.03357
0.03318
0.03279
0.032
0.03161
0.03161
0.03122
0.03103
0.03044
0.03025
0.03044
0.03005
0.02927
0.02868
0.02829
0.0279
0.02849
0.0279
0.02732
0.02751
0.02693
0.02693
0.02614
0.02595
0.02536
0.02497
0.02497
0.02478
0.02439
0.0238
0.02341
0.02321
0.02282
0.02263
0.02204
0.02243
0.02165
0.02107
0.02165
0.02146
0.02087
0.02009
0.01989
0.01989
0.0197
0.01931
0.01911
0.01892
0.01911
0.01833
0.01794
0.01814
0.01736
0.01755
0.01677
0.01696
0.01677
0.01677
0.01618
0.01677
0.01599
0.01579
0.0156
0.0154
0.01521
0.0156
0.01501
0.01482
0.01462
0.01423
0.01443
0.01404
0.01384
0.01364
0.01384
0.01325
0.01325
0.01325
0.01267
0.01267
0.01208
0.01208
0.01189
0.0115
0.0115
0.01169
0.01169
0.01169
0.01111
0.01091
0.01071
0.01091
0.01013
0.00974
0.01032
0.00974
0.00974
0.00974
0.00915
0.00954
0.00896
0.00954
0.00935
0.00935
0.00896
0.00915
0.00818
0.00876
0.00915
0.00915
0.00876
0.00857
0.00818
0.00837
0.00818
0.00818
0.00798
0.00798
0.00779
0.00759
0.0072
0.0072
0.00681
0.007
0.00681
0.00661
0.00661
0.00642
0.00622
0.00603
0.00622
0.00622
0.00583
0.00564
0.00564
0.00544
0.00583
0.00564
0.00564
0.00505
0.00525
0.00505
0.00446
0.00466
0.00446
0.00446
0.00388
0.00388
0.00329
0.00368
0.00368
0.00368
0.0031
0.0031
0.00329
0.00329
0.0031
0.00368
0.0031
0.00329
0.0029
0.0031
0.00329
0.0029
0.0029
0.0029
0.0029
0.00329
0.0029
0.0031
0.0031
0.0031
0.0029
0.00271
0.00271
0.00271
0.00251
0.00232
0.00232
0.00212
0.00232
0.00251
0.00251
0.00232
0.00212
0.00232
0.00232
0.00193
0.00212
0.00173
0.00173
0.00154
0.00154
0.00114
0.00134
0.00154
0.00114
0.00173
0.00114
0.00095
0.00114
0.00095
0.00075
0.00114
0.00075
0.00075
0.00134
0.00154
0.00134
0.00095
0.00075
0.00114
0.00075
0.00075
0.00056
0.00056
0.00017
0.00056
0.00056
0.00075
0.00056
0.00095
0.00036
0.00056
0.00036
0.00056
0.00036
0.00036
0.00017
-0.00022
0.00017
0.00114
0.00036
0.00036
0.00095
0.00075
0.00056
0.00056
0.00036
0.00056
0.00036
0.00056
0.00036
-3e-05
0.00017
-3e-05
0.00036
0.00036
-0.00022
-0.00022
-0.00022
-0.00022
-3e-05
-3e-05
0.00017
-0.00022
-0.00042
-0.00042
-0.00042
-0.00042
-0.00061
-0.00081
-0.00042
-0.00061
-3e-05
-0.00022
-0.00042
-0.00022
-3e-05
-0.00042
-0.00042
-0.00042
-3e-05
-0.00042
-0.00022
-0.00061
-0.00061
-0.00042
-0.00061
-0.001
-0.00081
-0.00061
-0.00042
-0.00022
-0.00042
-0.00042
-0.00061
-0.00042
-0.00081
-0.00081
-0.001
-0.00081
-0.001
-0.0012
-0.001
-0.0012
-0.0012
-0.0012
-0.001
-0.0012
-0.00179
-0.00159
-0.00179
-0.00179
-0.00179
-0.00198
-0.00198
-0.00179
-0.00179
-0.00218
-0.00237
-0.00159
-0.00198
-0.00198
-0.00179
-0.00159
-0.00159
-0.0012
-0.00139
-0.001
-0.00139
-0.0012
-0.00159
-0.001
-0.00139
-0.001
-0.00139
-0.0012
-0.0012
-0.00081
-0.00081
-0.0012
-0.0012
-0.00081
-0.001
-0.00081
-0.001
-0.0012
-0.00159
-0.00159
-0.0012
-0.0012
-0.001
-0.00081
-0.001
-0.00139
-0.00139
-0.00159
-0.00159
-0.0012
-0.0012
-0.00139
-0.00159
-0.00159
-0.00139
-0.00159
-0.00159
-0.00159
-0.00159
-0.00179
-0.00159
-0.00179
-0.00198
-0.00179
-0.00218
-0.00257
-0.00237
-0.00198
-0.00179
-0.00139
-0.00179
-0.00198
-0.00218
-0.00198
-0.00159
-0.00237
-0.00218
-0.00218
-0.00198
-0.00218
-0.00237
-0.00237
-0.00218
-0.00198
-0.00198
-0.00218
-0.00218
-0.00198
-0.00179
-0.00179
-0.00198
-0.00159
-0.00218
-0.00218
-0.00218
-0.00179
-0.00179
-0.00218
-0.00218
-0.00179
-0.00159
-0.00198
-0.00218
-0.00198
-0.00218
-0.00198
-0.00218
-0.00237
-0.00218
-0.00218
-0.00237
-0.00257
-0.00237
-0.00198
-0.00179
-0.00139
-0.00159
-0.00179
-0.00218
-0.00198
-0.00218
-0.00198
-0.00159
-0.00198
-0.00179
-0.00159
-0.00159
-0.00159
-0.00139
-0.0012
-0.0012
-0.00139
-0.00218
-0.00198
-0.00218
-0.00179
-0.00237
-0.00237
-0.00218
-0.00198
-0.00198
-0.00198
-0.00198
-0.00179
-0.00198
-0.00179
-0.00218
-0.00198
-0.00218
-0.00198
-0.00218
-0.00179
-0.00218
-0.00218
-0.00198
-0.00257
-0.00237
-0.00237
-0.00257
-0.00276
-0.00257
-0.00257
-0.00218
-0.00218
-0.00237
-0.00237
-0.00276
-0.00198
-0.00237
-0.00237
-0.00257
-0.00257
-0.00257
-0.00257
-0.00237
-0.00218
-0.00257
-0.00218
-0.00198
-0.00198
-0.00198
-0.00257
-0.00179
-0.00198
-0.00218
-0.00218
-0.00218
-0.00218
-0.00237
-0.00198
-0.00179
-0.00218
-0.00257
-0.00198
-0.00198
-0.00218
-0.00218
-0.00198
-0.00198
-0.00198
-0.00218
-0.00276
-0.00179
-0.00198
-0.00198
-0.00257
-0.00218
-0.00237
-0.00257
-0.00257
-0.00276
-0.00237
-0.00218
-0.00198
-0.00276
-0.00276
-0.00276
-0.00296
-0.00257
-0.00257
-0.00296
-0.00257
-0.00276
-0.00237
-0.00257
-0.00276
-0.00296
-0.00257
-0.00237
-0.00257
-0.00257
-0.00257
-0.00257
-0.00276
-0.00276
-0.00276
-0.00296
-0.00237
-0.00296
-0.00237
-0.00257
-0.00276
-0.00276
-0.00237
-0.00218
-0.00218
-0.00218
-0.00276
-0.00296
-0.00257
-0.00276
-0.00218
-0.00218
-0.00257
-0.00257
-0.00257
-0.00276
-0.00276
-0.00276
-0.00257
-0.00257
-0.00257
-0.00296
-0.00237
-0.00257
-0.00218
-0.00257
-0.00257
-0.00276
-0.00237
-0.00257
-0.00257
-0.00296
-0.00276
-0.00257
-0.00296
-0.00296
-0.00296
-0.00315
-0.00296
-0.00296
-0.00335
-0.00315
-0.00257
-0.00257
-0.00237
-0.00276
-0.00276
-0.00296
-0.00218
-0.00257
-0.00179
-0.00218
-0.00237
-0.00218
-0.00257
-0.00276
-0.00237
-0.00296
-0.00296
-0.00276
-0.00257
-0.00257
-0.00296
-0.00276
-0.00296
-0.00296
-0.00276
-0.00276
-0.00276
-0.00315
-0.00335
-0.00315
-0.00335
-0.00315
-0.00296
-0.00296
-0.00335
-0.00354
-0.00296
-0.00296
-0.00296
-0.00276
-0.00335
-0.00296
-0.00315
-0.00335
-0.00296
-0.00315
-0.00315
-0.00276
-0.00296
-0.00276
-0.00257
-0.00237
-0.00257
-0.00257
-0.00296
-0.00257
-0.00257
-0.00257
-0.00218
-0.00218
-0.00159
-0.00159
-0.00218
-0.00198
-0.00257
-0.00296
-0.00179
-0.00218
-0.00179
-0.00218
-0.00237
-0.00198
-0.00237
-0.00237
-0.00218
-0.00237
-0.00257
-0.00257
-0.00237
-0.00276
-0.00276
-0.00315
-0.00218
-0.00218
-0.00237
-0.00276
-0.00276
-0.00257
-0.00276
-0.00198
-0.00218
-0.00257
-0.00257
-0.00237
-0.00276
-0.00257
-0.00257
-0.00276
-0.00276
-0.00296
-0.00335
-0.00315
-0.00296
-0.00237
-0.00276
-0.00237
-0.00257
-0.00257
-0.00257
-0.00237
-0.00257
-0.00237
-0.00257
-0.00257
-0.00257
-0.00237
-0.00237
-0.00218
-0.00237
-0.00296
-0.00276
-0.00257
-0.00257
-0.00257
-0.00237
-0.00276
-0.00218
-0.00257
-0.00237
-0.00296
-0.00257
-0.00257
-0.00296
-0.00296
-0.00276
-0.00315
-0.00276
-0.00296
-0.00237
-0.00276
-0.00276
-0.00237
-0.00276
-0.00257
-0.00257
-0.00296
-0.00257
-0.00296
-0.00296
-0.00296
-0.00276
-0.00276
-0.00257
-0.00276
-0.00237
-0.00276
-0.00237
-0.00296
-0.00257
-0.00276
-0.00276
-0.00257
-0.00276
-0.00257
-0.00257
-0.00257
-0.00218
-0.00237
-0.00237
-0.00296
-0.00237
-0.00276
-0.00315
-0.00296
-0.00276
-0.00276
-0.00257
-0.00296
-0.00276
-0.00296
-0.00335
-0.00315
-0.00296
-0.00296
-0.00296
-0.00296
-0.00276
-0.00354
-0.00315
-0.00335
-0.00315
-0.00296
-0.00315
-0.00296
-0.00296
-0.00276
-0.00296
-0.00315
-0.00276
-0.00296
-0.00276
-0.00296
-0.00296
-0.00296
-0.00276
-0.00276
-0.00257
-0.00276
-0.00296
-0.00276
-0.00276
-0.00276
-0.00276
-0.00315
-0.00276
-0.00257
-0.00257
