-1.840000515200E+00

-0.00257
-0.00237
-0.00237
-0.00257
-0.00257
-0.00198
-0.00179
-0.00159
-0.00179
-0.00218
-0.00198
-0.00198
-0.00237
-0.00159
-0.00257
-0.00159
-0.00218
-0.00257
-0.00257
-0.00237
-0.00198
-0.00218
-0.00198
-0.00257
-0.00237
-0.00276
-0.00218
-0.00218
-0.00237
-0.00218
-0.00237
-0.00198
-0.00237
-0.00257
-0.00257
-0.00257
-0.00237
-0.00276
-0.00237
-0.00237
-0.00237
-0.00218
-0.00237
-0.00237
-0.00276
-0.00257
-0.00257
-0.00257
-0.00237
-0.00257
-0.00276
-0.00237
-0.00237
-0.00276
-0.00257
-0.00276
-0.00257
-0.00257
-0.00237
-0.00237
-0.00179
-0.00218
-0.00237
-0.00218
-0.00257
-0.00237
-0.00218
-0.00276
-0.00257
-0.00257
-0.00257
-0.00276
-0.00257
-0.00315
-0.00218
-0.00276
-0.00257
-0.00257
-0.00237
-0.00257
-0.00257
-0.00257
-0.00296
-0.00276
-0.00315
-0.00296
-0.00296
-0.00315
-0.00276
-0.00276
-0.00276
-0.00315
-0.00315
-0.00296
-0.00315
-0.00315
-0.00296
-0.00296
-0.00296
-0.00335
-0.00315
-0.00315
-0.00315
-0.00296
-0.00315
-0.00315
-0.00354
-0.00276
-0.00257
-0.00276
-0.00257
-0.00218
-0.00218
-0.00237
-0.00218
-0.00276
-0.00257
-0.00237
-0.00218
-0.00257
-0.00218
-0.00257
-0.00218
-0.00237
-0.00257
-0.00237
-0.00257
-0.00257
-0.00276
-0.00296
-0.00257
-0.00276
-0.00257
-0.00276
-0.00237
-0.00257
-0.00198
-0.00237
-0.00218
-0.00237
-0.00296
-0.00218
-0.00296
-0.00257
-0.00257
-0.00296
-0.00276
-0.00276
-0.00296
-0.00276
-0.00257
-0.00315
-0.00315
-0.00335
-0.00296
-0.00276
-0.00315
-0.00315
-0.00296
-0.00296
-0.00296
-0.00237
-0.00257
-0.00257
-0.00296
-0.00296
-0.00257
-0.00296
-0.00315
-0.00296
-0.00257
-0.00276
-0.00237
-0.00296
-0.00296
-0.00276
-0.00257
-0.00315
-0.00276
-0.00335
-0.00296
-0.00335
-0.00276
-0.00354
-0.00276
-0.00296
-0.00276
-0.00218
-0.00257
-0.00237
-0.00257
-0.00218
-0.00237
-0.00237
-0.00257
-0.00237
-0.00237
-0.00257
-0.00237
-0.00257
-0.00218
-0.00237
-0.00218
-0.00218
-0.00179
-0.0012
-0.00022
0.00017
0.00193
0.00329
0.00505
0.0072
0.00935
0.01208
0.01501
0.01775
0.02048
0.0238
0.02673
0.02927
0.03181
0.03376
0.03571
0.03864
0.04138
0.04392
0.04568
0.04821
0.05056
0.05271
0.05505
0.057
0.05837
0.05993
0.06169
0.06325
0.06579
0.06775
0.07068
0.07361
0.07673
0.07966
0.08239
0.08493
0.08728
0.08923
0.0906
0.09236
0.09392
0.0945
0.09568
0.09665
0.09782
0.09821
0.09821
0.09919
0.099
0.0988
0.09939
0.0988
0.09939
0.0988
0.0988
0.09861
0.09841
0.09802
0.09743
0.09626
0.09607
0.09568
0.09489
0.0945
0.09333
0.09255
0.09138
0.09079
0.09021
0.08943
0.08845
0.08728
0.08669
0.08532
0.08513
0.08396
0.08298
0.08161
0.08083
0.08005
0.07927
0.07829
0.07751
0.07634
0.07556
0.07458
0.0738
0.07282
0.07165
0.07107
0.07009
0.06892
0.06833
0.06696
0.06657
0.0654
0.06462
0.06384
0.06286
0.06208
0.0615
0.06091
0.06013
0.05896
0.05857
0.05759
0.057
0.05661
0.05603
0.05466
0.05446
0.05368
0.05329
0.0529
0.05232
0.05134
0.05075
0.05017
0.04939
0.049
0.04802
0.04724
0.04704
0.04607
0.04489
0.04431
0.04392
0.04372
0.04333
0.04275
0.04177
0.04177
0.04157
0.04079
0.04079
0.04021
0.03962
0.03923
0.03923
0.03825
0.03806
0.03728
0.03708
0.03669
0.03611
0.03532
0.03532
0.03493
0.03357
0.03337
0.03298
0.03239
0.032
0.03142
0.03083
0.03083
0.03025
0.03044
0.02946
0.02986
0.02927
0.02907
0.0281
0.0279
0.02732
0.02771
0.02751
0.02712
0.02693
0.02654
0.02654
0.02556
0.02517
0.02478
0.02478
0.02439
0.024
0.02341
0.02321
0.02302
0.02243
0.02243
0.02204
0.02185
0.02146
0.02126
0.02087
0.02087
0.02087
0.02048
0.02009
0.01989
0.0197
0.01911
0.01892
0.01814
0.01755
0.01736
0.01755
0.01677
0.01677
0.01638
0.01599
0.01579
0.01618
0.0156
0.01482
0.0154
0.01462
0.01462
0.01443
0.01462
0.01443
0.01443
0.01443
0.01345
0.01384
0.01364
0.01364
0.01364
0.01364
0.01286
0.01345
0.01325
0.01267
0.01267
0.01267
0.01247
0.01247
0.01169
0.01228
0.01189
0.01208
0.0113
0.0115
0.01111
0.01111
0.01111
0.01111
0.01091
0.01111
0.01032
0.00974
0.00974
0.00993
0.00974
0.00935
0.00915
0.00896
0.00896
0.00837
0.00857
0.00857
0.00837
0.00779
0.00798
0.00798
0.00759
0.00759
0.00759
0.007
0.00739
0.00779
0.0072
0.007
0.0072
0.00661
0.00681
0.00661
0.00661
0.00622
0.00681
0.00642
0.00642
0.00642
0.00622
0.00603
0.00603
0.00564
0.00544
0.00583
0.00564
0.00583
0.00583
0.00583
0.00544
0.00564
0.00525
0.00564
0.00525
0.00505
0.00525
0.00486
0.00525
0.00525
0.00525
0.00505
0.00446
0.00446
0.00486
0.00446
0.00427
0.00427
0.00446
0.00368
0.00407
0.00407
0.00388
0.00368
0.00349
0.00349
0.00368
0.00349
0.0031
0.0031
0.00349
0.0031
0.0029
0.0031
0.0029
0.0031
0.0031
0.0031
0.00329
0.00329
0.0031
0.00349
0.0031
0.0031
0.00271
0.0031
0.00251
0.00271
0.00251
0.00212
0.00271
0.00212
0.00212
0.00173
0.00173
0.00154
0.00193
0.00173
0.00154
0.00193
0.00193
0.00134
0.00134
0.00114
0.00075
0.00134
0.00095
0.00114
0.00114
0.00056
0.00075
0.00095
0.00075
0.00095
0.00095
0.00036
0.00036
0.00017
0.00036
0.00017
0.00017
-3e-05
-0.00022
0.00036
-3e-05
-3e-05
-3e-05
-0.00022
0.00017
-3e-05
-3e-05
0.00056
0.00036
0.00017
0.00036
0.00017
0.00075
0.00017
-3e-05
0.00056
-0.00042
-3e-05
-3e-05
-3e-05
-3e-05
-3e-05
0.00017
-3e-05
-3e-05
-0.00022
0.00036
-3e-05
-3e-05
0.00056
0.00036
0.00017
-0.00022
-3e-05
-0.00022
0.00017
-3e-05
-0.00022
-0.00042
-0.00081
-0.00081
-0.00042
-0.00022
-0.00042
-0.00042
-0.00081
-0.00061
-0.001
-0.0012
-0.00081
-0.00061
-0.0012
-0.00081
-0.00081
-0.00061
-0.00061
-0.00042
-0.00061
-0.00022
-0.00081
-0.0012
-0.0012
-0.0012
-0.00139
-0.00081
-0.00061
-0.0012
-0.00061
-0.00081
-0.001
-0.001
-0.00139
-0.001
-0.0012
-0.00159
-0.001
-0.0012
-0.00139
-0.00139
-0.001
-0.00139
-0.0012
-0.001
-0.0012
-0.0012
-0.001
-0.001
-0.001
-0.0012
-0.001
-0.00139
-0.0012
-0.0012
-0.00139
-0.00159
-0.00179
-0.00198
-0.00198
-0.00198
-0.00159
-0.00159
-0.00179
-0.00218
-0.00139
-0.00139
-0.00139
-0.00139
-0.0012
-0.00159
-0.00081
-0.001
-0.001
-0.00159
-0.0012
-0.00139
-0.00179
-0.001
-0.00139
-0.0012
-0.00198
-0.00179
-0.00179
-0.00198
-0.00139
-0.00218
-0.00218
-0.00198
-0.00179
-0.00159
-0.00159
-0.00159
-0.00159
-0.00139
-0.00159
-0.00139
-0.00179
-0.00159
-0.00159
-0.00159
-0.00179
-0.00218
-0.00159
-0.00198
-0.00179
-0.00179
-0.00198
-0.00218
-0.00218
-0.00218
-0.00179
-0.00159
-0.00179
-0.00159
-0.00159
-0.00159
-0.00159
-0.00159
-0.00179
-0.00198
-0.00159
-0.00139
-0.00179
-0.00159
-0.0012
-0.00139
-0.001
-0.0012
-0.00139
-0.0012
-0.00159
-0.0012
-0.0012
-0.00159
-0.00159
-0.00139
-0.00139
-0.00159
-0.00198
-0.00139
-0.00179
-0.00081
-0.0012
-0.00159
-0.00159
-0.00179
-0.00198
-0.00139
-0.00139
-0.00159
-0.00139
-0.00179
-0.00179
-0.00198
-0.00218
-0.00218
-0.00198
-0.00198
-0.00179
-0.00218
-0.00218
-0.00218
-0.00218
-0.00198
-0.00179
-0.00198
-0.00159
-0.00198
-0.00218
-0.00198
-0.00198
-0.00218
-0.00179
-0.00159
-0.00198
-0.00179
-0.00159
-0.00237
-0.00179
-0.00218
-0.00237
-0.00257
-0.00218
-0.00257
-0.00276
-0.00257
-0.00335
-0.00276
-0.00218
-0.00218
-0.00198
-0.00218
-0.00218
-0.00257
-0.00198
-0.00179
-0.00237
-0.00179
-0.00198
-0.00159
-0.00179
-0.00159
-0.00198
-0.00198
-0.00159
-0.00218
-0.00218
-0.00179
-0.00198
-0.00139
-0.00218
-0.00179
-0.00218
-0.00198
-0.00218
-0.00198
-0.00198
-0.00198
-0.00198
-0.00198
-0.00179
-0.00218
-0.00237
-0.00179
-0.00198
-0.00198
-0.00198
-0.00198
-0.00237
-0.00257
-0.00179
-0.00198
-0.00237
-0.00276
-0.00218
-0.00198
-0.00198
-0.00218
-0.00218
-0.00237
-0.00218
-0.00198
-0.00218
-0.00198
-0.00237
-0.00218
-0.00257
-0.00218
-0.00276
-0.00237
-0.00218
-0.00237
-0.00237
-0.00257
-0.00257
-0.00257
-0.00237
-0.00315
-0.00315
-0.00354
-0.00276
-0.00296
-0.00315
-0.00296
-0.00296
-0.00374
-0.00315
-0.00276
-0.00296
-0.00335
-0.00237
-0.00257
-0.00257
-0.00276
-0.00257
-0.00276
-0.00257
-0.00237
-0.00257
-0.00198
-0.00218
-0.00276
-0.00296
-0.00237
-0.00257
-0.00276
-0.00276
-0.00218
-0.00276
-0.00218
-0.00237
-0.00198
-0.00237
-0.00179
-0.00257
-0.00218
-0.00218
-0.00218
-0.00179
-0.00198
-0.00198
-0.00159
-0.00179
-0.00198
-0.00179
-0.00218
-0.00218
-0.00237
-0.00218
-0.00237
-0.00237
-0.00218
-0.00218
-0.00218
-0.00276
-0.00198
-0.00198
-0.00257
-0.00276
-0.00276
-0.00237
-0.00276
-0.00257
-0.00315
-0.00296
-0.00257
-0.00276
-0.00257
-0.00276
-0.00257
-0.00296
-0.00237
-0.00296
-0.00296
-0.00237
-0.00218
-0.00237
-0.00276
-0.00276
-0.00296
-0.00257
-0.00257
-0.00257
-0.00257
-0.00257
-0.00276
-0.00257
-0.00218
-0.00218
-0.00237
-0.00218
-0.00159
-0.00198
-0.00237
-0.00237
-0.00237
-0.00257
-0.00257
-0.00218
-0.00257
-0.00276
-0.00237
-0.00198
-0.00296
-0.00257
-0.00276
-0.00237
-0.00257
-0.00257
-0.00315
-0.00257
-0.00257
-0.00257
-0.00237
-0.00276
-0.00218
-0.00296
-0.00315
-0.00354
-0.00296
-0.00335
-0.00335
-0.00296
-0.00296
-0.00315
-0.00315
-0.00315
-0.00296
-0.00335
-0.00296
-0.00315
-0.00276
-0.00296
-0.00296
-0.00296
-0.00296
-0.00257
-0.00257
-0.00257
-0.00257
-0.00257
-0.00237
-0.00257
-0.00257
-0.00276
-0.00296
-0.00257
-0.00257
-0.00276
-0.00276
-0.00257
-0.00315
-0.00296
-0.00276
-0.00296
-0.00296
-0.00335
-0.00335
-0.00335
-0.00354
-0.00335
-0.00315
-0.00354
-0.00335
-0.00296
-0.00315
-0.00296
-0.00257
-0.00257
-0.00296
-0.00276
-0.00315
-0.00237
-0.00257
-0.00218
-0.00237
-0.00237
-0.00276
-0.00257
-0.00296
-0.00257
-0.00257
-0.00276
-0.00237
-0.00237
-0.00237
-0.00257
-0.00237
-0.00237
-0.00237
-0.00218
-0.00218
-0.00179
-0.00276
-0.00237
-0.00237
-0.00237
-0.00276
-0.00257
-0.00237
-0.00257
-0.00276
-0.00257
-0.00257
-0.00276
-0.00315
-0.00315
-0.00296
-0.00335
-0.00296
-0.00257
-0.00257
-0.00296
-0.00335
-0.00296
-0.00315
-0.00296
-0.00257
-0.00276
-0.00257
-0.00257
-0.00276
-0.00257
-0.00276
-0.00296
-0.00296
-0.00296
-0.00276
-0.00257
-0.00296
-0.00296
-0.00257
-0.00257
-0.00276
-0.00276
-0.00296
-0.00315
-0.00296
-0.00257
-0.00257
-0.00276
-0.00276
-0.00257
-0.00237
-0.00218
-0.00237
-0.00257
-0.00218
-0.00237
-0.00257
-0.00257
-0.00257
-0.00296
-0.00237
-0.00218
-0.00198
-0.00257
-0.00276
-0.00237
-0.00237
-0.00257
-0.00257
-0.00276
-0.00296
-0.00296
-0.00276
-0.00237
-0.00296
-0.00276
-0.00276
-0.00276
-0.00276
-0.00257
-0.00276
-0.00257
-0.00257
-0.00257
-0.00257
-0.00276
-0.00237
-0.00276
-0.00237
-0.00257
-0.00276
-0.00237
-0.00335
-0.00276
-0.00296
-0.00257
-0.00276
-0.00276
-0.00257
-0.00237
-0.00257
-0.00257
-0.00218
-0.00237
-0.00257
-0.00296
-0.00237
-0.00276
-0.00257
-0.00276
-0.00257
-0.00354
-0.00315
-0.00335
-0.00315
-0.00296
-0.00276
-0.00315
-0.00296
-0.00296
-0.00276
-0.00257
-0.00315
-0.00296
-0.00354
-0.00296
-0.00335
-0.00335
-0.00393
-0.00354
-0.00354
