-5.500001568000E-01

-0.00237
-0.00257
-0.00218
-0.00237
-0.00237
-0.00218
-0.00218
-0.00237
-0.00218
-0.00198
-0.00218
-0.00218
-0.00198
-0.00198
-0.00218
-0.00179
-0.00218
-0.00179
-0.00237
-0.00257
-0.00237
-0.00218
-0.00218
-0.00237
-0.00237
-0.00218
-0.00218
-0.00237
-0.00218
-0.00237
-0.00218
-0.00198
-0.00159
-0.00237
-0.00198
-0.00198
-0.00198
-0.00159
-0.00159
-0.00179
-0.00198
-0.00237
-0.00218
-0.00237
-0.00218
-0.00218
-0.00237
-0.00218
-0.00198
-0.00198
-0.00257
-0.00198
-0.00159
-0.00159
-0.00198
-0.00198
-0.00218
-0.00218
-0.00218
-0.00218
-0.00218
-0.00179
-0.00218
-0.00237
-0.00218
-0.00179
-0.00198
-0.00237
-0.00237
-0.00237
-0.00218
-0.00237
-0.00276
-0.00257
-0.00296
-0.00257
-0.00315
-0.00296
-0.00237
-0.00276
-0.00237
-0.00218
-0.00237
-0.00237
-0.00276
-0.00237
-0.00276
-0.00296
-0.00296
-0.00257
-0.00257
-0.00296
-0.00257
-0.00276
-0.00296
-0.00296
-0.00315
-0.00237
-0.00276
-0.00257
-0.00296
-0.00315
-0.00296
-0.00315
-0.00315
-0.00315
-0.00354
-0.00393
-0.00393
-0.00393
-0.00315
-0.00354
-0.00335
-0.00296
-0.00296
-0.00354
-0.00413
-0.00354
-0.00335
-0.00315
-0.00335
-0.00354
-0.00393
-0.00354
-0.00413
-0.00393
-0.00374
-0.00335
-0.00354
-0.00315
-0.00354
-0.00335
-0.00315
-0.00296
-0.00354
-0.00315
-0.00315
-0.00296
-0.00276
-0.00315
-0.00315
-0.00296
-0.00257
-0.00276
-0.00276
-0.00198
-0.00218
-0.00237
-0.00237
-0.00257
-0.00276
-0.00237
-0.00237
-0.00198
-0.00257
-0.00237
-0.00237
-0.00218
-0.00237
-0.00237
-0.00237
-0.00276
-0.00296
-0.00237
-0.00257
-0.00296
-0.00237
-0.00257
-0.00257
-0.00276
-0.00257
-0.00296
-0.00276
-0.00276
-0.00276
-0.00257
-0.00276
-0.00276
-0.00257
-0.00276
-0.00276
-0.00296
-0.00257
-0.00237
-0.001
0.00017
0.0029
0.00525
0.00857
0.0113
0.01521
0.01853
0.02165
0.02497
0.02849
0.03181
0.03513
0.03884
0.04196
0.04489
0.04704
0.04997
0.05251
0.05446
0.05681
0.05857
0.05993
0.06111
0.06228
0.06384
0.06443
0.06501
0.06638
0.06657
0.06736
0.06775
0.06833
0.06853
0.06833
0.06872
0.06853
0.06853
0.06872
0.06853
0.06833
0.06775
0.06775
0.06716
0.06599
0.06599
0.0656
0.0656
0.06482
0.06404
0.06364
0.06325
0.06247
0.06169
0.0613
0.06071
0.06032
0.05935
0.05896
0.05818
0.057
0.05642
0.05603
0.05505
0.05407
0.05349
0.0531
0.05251
0.05134
0.05114
0.05017
0.04978
0.0488
0.04802
0.04763
0.04704
0.04568
0.04587
0.04489
0.04411
0.04353
0.04333
0.04255
0.04177
0.04118
0.0404
0.0404
0.03943
0.03904
0.03806
0.03786
0.03747
0.03669
0.0365
0.03591
0.03532
0.03474
0.03474
0.03454
0.03357
0.03357
0.03357
0.03239
0.03239
0.03181
0.032
0.03103
0.03064
0.03044
0.03025
0.02966
0.02946
0.02888
0.02868
0.02849
0.02829
0.02771
0.02751
0.02732
0.02654
0.02654
0.02614
0.02595
0.02614
0.02517
0.02536
0.02458
0.02439
0.024
0.02361
0.02361
0.02321
0.02302
0.02204
0.02224
0.02107
0.02126
0.02107
0.02048
0.02048
0.01989
0.0195
0.0197
0.0195
0.01853
0.01892
0.01814
0.01833
0.01794
0.01775
0.01755
0.01736
0.01677
0.01677
0.01657
0.01657
0.01618
0.01579
0.0154
0.0154
0.01521
0.0154
0.0154
0.01501
0.01521
0.01462
0.01443
0.01384
0.01443
0.01384
0.01364
0.01325
0.01306
0.01364
0.01345
0.01345
0.01286
0.01286
0.01247
0.01247
0.01267
0.01267
0.01247
0.01208
0.01189
0.01189
0.0115
0.01169
0.01091
0.01052
0.01091
0.01091
0.01052
0.01032
0.01032
0.01032
0.00954
0.00974
0.00974
0.00954
0.00954
0.00915
0.00915
0.00857
0.00857
0.00857
0.00876
0.00837
0.00818
0.00798
0.00779
0.00739
0.00739
0.00759
0.00759
0.00739
0.007
0.007
0.007
0.00739
0.007
0.00681
0.00661
0.00642
0.00603
0.00661
0.00661
0.00622
0.00603
0.00603
0.00603
0.00583
0.00564
0.00525
0.00505
0.00505
0.00486
0.00446
0.00427
0.00427
0.00427
0.00388
0.00427
0.00388
0.00388
0.00349
0.00349
0.00349
0.00368
0.00349
0.0031
0.00349
0.00329
0.00388
0.00368
0.00368
0.00329
0.00349
0.00349
0.00329
0.00329
0.00368
0.00368
0.00329
0.00329
0.00329
0.0029
0.0029
0.0031
0.0031
0.0029
0.00271
0.0031
0.00329
0.0031
0.0029
0.0029
0.0029
0.00212
0.00212
0.00232
0.00271
0.00232
0.00212
0.00212
0.00154
0.00173
0.00193
0.00193
0.00212
0.00154
0.00154
0.00114
0.00114
0.00114
0.00154
0.00075
0.00075
0.00075
0.00056
0.00036
0.00036
-0.00022
0.00017
0.00036
-3e-05
0.00017
-3e-05
-3e-05
0.00017
0.00056
0.00017
0.00036
-3e-05
-3e-05
-3e-05
0.00017
-3e-05
0.00017
0.00017
-3e-05
-0.00022
-0.00022
-0.00061
-3e-05
-3e-05
0.00017
-0.00022
0.00017
-3e-05
-0.00042
-3e-05
-0.00042
-0.00022
-0.00022
-0.00022
-0.00022
-0.00022
0.00056
0.00036
-0.00022
-0.00022
-0.00042
-3e-05
-0.00042
-0.00022
-0.00022
-0.00022
0.00017
0.00017
0.00036
-0.00042
-3e-05
-0.00022
-0.00042
-0.00022
-0.00042
-0.00061
-3e-05
-3e-05
-0.00022
-0.00022
0.00017
0.00017
0.00017
0.00036
0.00017
0.00036
0.00017
0.00017
0.00075
0.00056
0.00056
0.00017
0.00036
0.00056
0.00017
0.00017
0.00017
0.00036
-3e-05
-0.00061
-3e-05
-3e-05
-0.00042
0.00017
-0.00022
-0.00022
-0.00061
-3e-05
-0.00022
-0.00022
-0.00081
-0.00061
-0.00081
-0.001
-0.00081
-0.0012
-0.00139
-0.00159
-0.0012
-0.001
-0.00081
-0.00159
-0.0012
-0.001
-0.00139
-0.00159
-0.00159
-0.00179
-0.00139
-0.00139
-0.00139
-0.00159
-0.00198
-0.00159
-0.00159
-0.00179
-0.00179
-0.00159
-0.00159
-0.00139
-0.00179
-0.00179
-0.00218
-0.00179
-0.00179
-0.00198
-0.00218
-0.00218
-0.00179
-0.00237
-0.00198
-0.00237
-0.00218
-0.00218
-0.00237
-0.00198
-0.00218
-0.00237
-0.00218
-0.00218
-0.00276
-0.00237
-0.00257
-0.00237
-0.00276
-0.00276
-0.00296
-0.00296
-0.00276
-0.00276
-0.00257
-0.00296
-0.00296
-0.00257
-0.00276
-0.00315
-0.00296
-0.00296
-0.00315
-0.00335
-0.00335
-0.00315
-0.00315
-0.00315
-0.00296
-0.00276
-0.00276
-0.00315
-0.00276
-0.00276
-0.00257
-0.00257
-0.00296
-0.00257
-0.00296
-0.00257
-0.00296
-0.00296
-0.00257
-0.00296
-0.00257
-0.00257
-0.00257
-0.00257
-0.00296
-0.00257
-0.00296
-0.00315
-0.00335
-0.00315
-0.00296
-0.00335
-0.00296
-0.00315
-0.00315
-0.00315
-0.00276
-0.00237
-0.00296
-0.00257
-0.00276
-0.00237
-0.00237
-0.00218
-0.00218
-0.00198
-0.00276
-0.00237
-0.00257
-0.00257
-0.00296
-0.00276
-0.00276
-0.00257
-0.00276
-0.00218
-0.00237
-0.00276
-0.00257
-0.00218
-0.00237
-0.00237
-0.00179
-0.00218
-0.00237
-0.00198
-0.00198
-0.00198
-0.00218
-0.00198
-0.00179
-0.00179
-0.0012
-0.00179
-0.00159
-0.00218
-0.00218
-0.00159
-0.00198
-0.00159
-0.00198
-0.00218
-0.00179
-0.00179
-0.00179
-0.00198
-0.00237
-0.00218
-0.00218
-0.00218
-0.00218
-0.00198
-0.00218
-0.00257
-0.00257
-0.00218
-0.00276
-0.00257
-0.00257
-0.00198
-0.00198
-0.00179
-0.00198
-0.00218
-0.00218
-0.00198
-0.00198
-0.00179
-0.00179
-0.00198
-0.00237
-0.00198
-0.00198
-0.00218
-0.00198
-0.00218
-0.00198
-0.00179
-0.00159
-0.0012
-0.00179
-0.00179
-0.00159
-0.00159
-0.00139
-0.00139
-0.001
-0.00139
-0.00139
-0.00139
-0.00179
-0.00139
-0.00159
-0.00179
-0.00218
-0.00198
-0.00218
-0.00198
-0.00257
-0.00237
-0.00257
-0.00257
-0.00296
-0.00276
-0.00276
-0.00257
-0.00296
-0.00257
-0.00315
-0.00276
-0.00276
-0.00257
-0.00296
-0.00354
-0.00335
-0.00315
-0.00335
-0.00315
-0.00335
-0.00354
-0.00335
-0.00315
-0.00335
-0.00335
-0.00354
-0.00354
-0.00354
-0.00315
-0.00315
-0.00296
-0.00315
-0.00335
-0.00296
-0.00315
-0.00315
-0.00296
-0.00276
-0.00257
-0.00335
-0.00335
-0.00335
-0.00276
-0.00296
-0.00257
-0.00315
-0.00296
-0.00296
-0.00315
-0.00315
-0.00315
-0.00315
-0.00276
-0.00218
-0.00296
-0.00276
-0.00257
-0.00315
-0.00257
-0.00296
-0.00296
-0.00257
-0.00237
-0.00276
-0.00237
-0.00276
-0.00257
-0.00315
-0.00257
-0.00257
-0.00276
-0.00296
-0.00257
-0.00237
-0.00237
-0.00257
-0.00257
-0.00237
-0.00276
-0.00237
-0.00237
-0.00257
-0.00257
-0.00296
-0.00257
-0.00237
-0.00296
-0.00257
-0.00257
-0.00237
-0.00218
-0.00237
-0.00218
-0.00237
-0.00296
-0.00276
-0.00257
-0.00276
-0.00237
-0.00198
-0.00237
-0.00237
-0.00218
-0.00257
-0.00237
-0.00237
-0.00237
-0.00257
-0.00237
-0.00198
-0.00218
-0.00237
-0.00198
-0.00237
-0.00218
-0.00218
-0.00257
-0.00257
-0.00237
-0.00257
-0.00257
-0.00237
-0.00276
-0.00296
-0.00257
-0.00257
-0.00296
-0.00276
-0.00218
-0.00218
-0.00237
-0.00237
-0.00257
-0.00198
-0.00218
-0.00198
-0.00218
-0.00198
-0.00237
-0.00198
-0.00179
-0.00218
-0.00198
-0.00237
-0.00198
-0.00179
-0.00198
-0.00198
-0.00198
-0.00218
-0.00179
-0.00198
-0.00218
-0.00179
-0.00218
-0.00179
-0.00218
-0.00237
-0.00237
-0.00237
-0.00218
-0.00257
-0.00315
-0.00296
-0.00276
-0.00296
-0.00296
-0.00276
-0.00257
-0.00257
-0.00296
-0.00315
-0.00354
-0.00315
-0.00315
-0.00374
-0.00315
-0.00374
-0.00335
-0.00393
-0.00354
-0.00393
-0.00354
-0.00374
-0.00354
-0.00354
-0.00354
-0.00374
-0.00354
-0.00393
-0.00354
-0.00374
-0.00315
-0.00354
-0.00335
-0.00393
-0.00374
-0.00374
-0.00315
-0.00335
-0.00315
-0.00335
-0.00335
-0.00335
-0.00315
-0.00315
-0.00276
-0.00296
-0.00276
-0.00315
-0.00276
-0.00315
-0.00296
-0.00315
-0.00296
-0.00276
-0.00296
-0.00276
-0.00315
-0.00296
-0.00335
-0.00315
-0.00335
-0.00374
-0.00335
-0.00354
-0.00374
-0.00354
-0.00354
-0.00374
-0.00413
-0.00374
-0.00315
-0.00335
-0.00335
-0.00354
-0.00315
-0.00315
-0.00315
-0.00276
-0.00257
-0.00276
-0.00257
-0.00257
-0.00257
-0.00296
-0.00257
-0.00296
-0.00315
-0.00315
-0.00276
-0.00296
-0.00276
-0.00296
-0.00296
-0.00296
-0.00315
-0.00335
-0.00276
-0.00276
-0.00296
-0.00276
-0.00257
-0.00257
-0.00257
-0.00218
-0.00257
-0.00276
-0.00218
-0.00276
-0.00296
-0.00276
-0.00257
-0.00257
-0.00257
-0.00276
-0.00257
-0.00276
-0.00296
-0.00237
-0.00257
-0.00257
-0.00257
-0.00257
-0.00237
-0.00296
-0.00237
-0.00276
-0.00198
-0.00218
-0.00237
-0.00237
-0.00218
-0.00237
-0.00257
-0.00218
-0.00218
-0.00218
-0.00218
-0.00257
-0.00218
-0.00296
-0.00237
-0.00237
-0.00237
-0.00237
-0.00237
-0.00296
-0.00257
-0.00257
-0.00276
-0.00237
-0.00257
-0.00276
-0.00276
-0.00335
-0.00276
-0.00296
-0.00276
-0.00296
-0.00296
-0.00276
-0.00315
-0.00315
-0.00257
-0.00276
-0.00296
-0.00296
-0.00335
-0.00315
-0.00335
-0.00296
-0.00276
-0.00276
-0.00296
-0.00296
-0.00296
-0.00276
-0.00315
-0.00354
-0.00315
-0.00296
-0.00276
-0.00296
-0.00276
-0.00315
-0.00257
-0.00276
-0.00315
-0.00335
-0.00354
-0.00315
-0.00296
-0.00257
-0.00296
-0.00315
-0.00354
-0.00257
-0.00296
-0.00257
-0.00296
-0.00296
-0.00296
-0.00296
-0.00315
-0.00296
-0.00315
-0.00315
-0.00315
-0.00296
-0.00257
-0.00276
-0.00257
-0.00276
-0.00315
-0.00315
-0.00315
-0.00296
-0.00276
-0.00296
-0.00335
-0.00315
-0.00335
-0.00315
-0.00354
-0.00354
-0.00354
-0.00335
-0.00374
-0.00315
-0.00276
-0.00335
-0.00335
-0.00315
-0.00276
-0.00335
-0.00354
-0.00335
-0.00296
-0.00335
-0.00335
-0.00315
-0.00315
-0.00335
-0.00296
-0.00315
-0.00335
-0.00315
-0.00335
-0.00296
-0.00315
-0.00315
-0.00374
-0.00296
-0.00335
