-1.424000400000E+00

-0.00218
-0.00198
-0.00198
-0.00198
-0.00218
-0.00237
-0.00218
-0.00159
-0.00179
-0.00218
-0.00198
-0.00218
-0.00198
-0.00198
-0.00198
-0.00198
-0.00198
-0.00198
-0.00218
-0.00237
-0.00218
-0.00237
-0.00237
-0.00218
-0.00237
-0.00237
-0.00237
-0.00257
-0.00218
-0.00218
-0.00276
-0.00198
-0.00237
-0.00218
-0.00257
-0.00198
-0.00218
-0.00296
-0.00276
-0.00237
-0.00237
-0.00276
-0.00237
-0.00257
-0.00296
-0.00296
-0.00257
-0.00257
-0.00237
-0.00276
-0.00237
-0.00257
-0.00237
-0.00237
-0.00257
-0.00198
-0.00276
-0.00257
-0.00257
-0.00237
-0.00237
-0.00198
-0.00218
-0.00218
-0.00257
-0.00237
-0.00218
-0.00257
-0.00276
-0.00237
-0.00257
-0.00218
-0.00237
-0.00218
-0.00198
-0.00257
-0.00257
-0.00237
-0.00198
-0.00218
-0.00237
-0.00237
-0.00237
-0.00218
-0.00237
-0.00237
-0.00257
-0.00296
-0.00296
-0.00218
-0.00237
-0.00257
-0.00218
-0.00198
-0.00179
-0.00218
-0.00257
-0.00237
-0.00218
-0.00218
-0.00237
-0.00218
-0.00218
-0.00218
-0.00237
-0.00198
-0.00198
-0.00179
-0.00218
-0.00179
-0.00198
-0.00296
-0.00296
-0.00315
-0.00257
-0.00257
-0.00276
-0.00218
-0.00257
-0.00296
-0.00276
-0.00237
-0.00257
-0.00276
-0.00237
-0.00257
-0.00257
-0.00257
-0.00296
-0.00276
-0.00257
-0.00296
-0.00296
-0.00296
-0.00354
-0.00335
-0.00335
-0.00315
-0.00296
-0.00276
-0.00296
-0.00257
-0.00276
-0.00276
-0.00276
-0.00257
-0.00257
-0.00276
-0.00257
-0.00257
-0.00296
-0.00276
-0.00237
-0.00218
-0.00198
-0.00198
-0.00218
-0.00257
-0.00237
-0.00218
-0.00257
-0.00198
-0.00159
-0.00179
-0.00257
-0.00237
-0.00276
-0.00257
-0.00257
-0.00257
-0.00237
-0.00237
-0.00218
-0.00257
-0.00257
-0.00237
-0.00276
-0.00257
-0.00218
-0.00237
-0.00296
-0.00237
-0.00237
-0.00237
-0.00237
-0.00237
-0.00315
-0.00315
-0.00296
-0.00315
-0.00296
-0.00296
-0.00296
-0.00276
-0.00218
-0.00198
-0.00198
-0.00139
-0.00042
0.00036
0.00154
0.0029
0.00446
0.00583
0.00759
0.00935
0.0113
0.01345
0.01501
0.01657
0.01931
0.02087
0.02263
0.02517
0.02751
0.02946
0.03181
0.03435
0.03611
0.03806
0.03923
0.04099
0.04333
0.04411
0.04568
0.04646
0.04782
0.04821
0.049
0.04939
0.04997
0.05036
0.05036
0.05114
0.05134
0.05134
0.05134
0.05193
0.05212
0.05251
0.05271
0.0531
0.0529
0.05329
0.05329
0.05349
0.0531
0.05349
0.0529
0.0531
0.05212
0.05251
0.05212
0.05173
0.05212
0.05251
0.05232
0.0531
0.0531
0.05368
0.05486
0.05544
0.05564
0.05603
0.0572
0.05798
0.05798
0.05798
0.05818
0.05818
0.05876
0.05876
0.05857
0.05857
0.05818
0.05798
0.05818
0.05779
0.05779
0.05779
0.057
0.05661
0.05642
0.05622
0.05544
0.05466
0.05486
0.05427
0.05427
0.05329
0.05271
0.05251
0.05173
0.05134
0.05036
0.05017
0.04958
0.04958
0.049
0.04821
0.04763
0.04685
0.04626
0.04646
0.04607
0.04568
0.04489
0.04431
0.04372
0.04353
0.04314
0.04216
0.04177
0.04099
0.04021
0.04021
0.03943
0.03962
0.03884
0.03825
0.03767
0.03747
0.0363
0.03611
0.03571
0.03552
0.03493
0.03415
0.03357
0.03396
0.03318
0.03279
0.0322
0.032
0.03181
0.03122
0.03044
0.02986
0.03025
0.02927
0.02927
0.02888
0.02849
0.02751
0.02732
0.02693
0.02673
0.02634
0.02556
0.02556
0.02595
0.02556
0.02497
0.02478
0.02419
0.024
0.02361
0.02361
0.02321
0.02282
0.02224
0.02243
0.02185
0.02165
0.02126
0.02087
0.02107
0.02029
0.02048
0.01989
0.01911
0.01911
0.01931
0.01892
0.01911
0.01872
0.01775
0.01775
0.01736
0.01755
0.01736
0.01716
0.01696
0.01657
0.01657
0.01638
0.01638
0.0156
0.0156
0.0156
0.01501
0.01482
0.01423
0.01482
0.01404
0.01384
0.01345
0.01384
0.01345
0.01286
0.01306
0.01286
0.01267
0.01267
0.01208
0.01208
0.01189
0.01228
0.01208
0.01208
0.01189
0.01169
0.01169
0.0113
0.01111
0.01111
0.01071
0.01013
0.01071
0.01013
0.01013
0.01091
0.00993
0.00974
0.00974
0.00993
0.00993
0.00935
0.00915
0.00896
0.00876
0.00857
0.00857
0.00857
0.00837
0.00759
0.00818
0.00818
0.00739
0.00739
0.007
0.00739
0.0072
0.0072
0.007
0.00681
0.0072
0.00642
0.00622
0.00603
0.00583
0.00622
0.00622
0.00603
0.00544
0.00544
0.00583
0.00583
0.00583
0.00564
0.00564
0.00564
0.00583
0.00583
0.00544
0.00505
0.00486
0.00466
0.00466
0.00486
0.00466
0.00486
0.00486
0.00486
0.00466
0.00486
0.00446
0.00486
0.00466
0.00407
0.00388
0.00388
0.00407
0.00388
0.00388
0.00388
0.00407
0.00368
0.00368
0.00368
0.00349
0.00368
0.0031
0.00271
0.0031
0.0031
0.0029
0.00271
0.00271
0.0029
0.00271
0.00271
0.00232
0.00212
0.0029
0.0029
0.0029
0.00232
0.00251
0.00232
0.00271
0.00232
0.00251
0.00212
0.00212
0.00193
0.00212
0.00212
0.00212
0.00193
0.00212
0.00173
0.00154
0.00134
0.00134
0.00154
0.00173
0.00193
0.00154
0.00173
0.00173
0.00114
0.00134
0.00134
0.00154
0.00095
0.00134
0.00114
0.00114
0.00075
0.00075
0.00036
0.00075
0.00075
0.00075
0.00095
0.00095
0.00095
0.00095
0.00095
0.00036
0.00036
0.00036
0.00075
0.00036
0.00017
0.00075
0.00056
0.00075
0.00114
0.00056
0.00036
0.00095
0.00075
0.00075
0.00056
0.00056
-0.00022
0.00075
0.00017
-3e-05
-0.00022
-0.00022
0.00036
0.00036
0.00017
-0.00022
-0.00022
0.00017
0.00036
-0.00022
-3e-05
-0.00022
-0.00042
-0.00042
-0.00081
-0.001
-0.00061
-0.001
-0.00081
-0.00081
-0.001
-0.001
-0.001
-0.0012
-0.00081
-0.001
-0.00042
-0.001
-0.00139
-0.00159
-0.00139
-0.0012
-0.00139
-0.0012
-0.00179
-0.0012
-0.00139
-0.00179
-0.00179
-0.00139
-0.00179
-0.00139
-0.00198
-0.00159
-0.00139
-0.00159
-0.0012
-0.00139
-0.00159
-0.001
-0.00159
-0.00081
-0.00139
-0.0012
-0.0012
-0.0012
-0.00139
-0.00139
-0.001
-0.00139
-0.001
-0.001
-0.0012
-0.00139
-0.001
-0.0012
-0.0012
-0.00139
-0.00139
-0.0012
-0.001
-0.0012
-0.001
-0.00159
-0.00139
-0.0012
-0.00139
-0.00179
-0.00159
-0.00139
-0.0012
-0.0012
-0.00179
-0.00179
-0.00218
-0.00198
-0.00139
-0.00179
-0.00218
-0.00179
-0.0012
-0.00179
-0.00159
-0.00179
-0.00179
-0.00159
-0.00198
-0.00218
-0.00179
-0.00179
-0.00218
-0.00179
-0.00198
-0.00179
-0.00179
-0.00198
-0.00218
-0.00237
-0.00198
-0.00218
-0.00159
-0.0012
-0.00179
-0.00198
-0.00179
-0.00159
-0.00139
-0.00139
-0.00179
-0.00139
-0.00139
-0.00159
-0.00159
-0.00218
-0.00159
-0.00198
-0.00218
-0.00179
-0.00179
-0.00198
-0.00198
-0.00237
-0.00218
-0.00218
-0.00237
-0.00237
-0.00237
-0.00179
-0.00179
-0.00237
-0.00198
-0.00198
-0.00179
-0.00218
-0.00237
-0.00237
-0.00218
-0.00198
-0.00237
-0.00237
-0.00296
-0.00257
-0.00218
-0.00218
-0.00218
-0.00237
-0.00159
-0.00218
-0.00179
-0.00179
-0.00139
-0.00159
-0.00179
-0.00159
-0.00159
-0.00159
-0.00198
-0.00218
-0.00218
-0.00237
-0.00257
-0.00257
-0.00257
-0.00237
-0.00218
-0.00198
-0.00237
-0.00276
-0.00296
-0.00257
-0.00257
-0.00257
-0.00257
-0.00257
-0.00257
-0.00257
-0.00257
-0.00296
-0.00276
-0.00276
-0.00257
-0.00276
-0.00276
-0.00296
-0.00296
-0.00276
-0.00257
-0.00296
-0.00315
-0.00296
-0.00218
-0.00276
-0.00237
-0.00257
-0.00237
-0.00257
-0.00237
-0.00198
-0.00198
-0.00198
-0.00237
-0.00179
-0.00179
-0.00237
-0.00257
-0.00257
-0.00218
-0.00237
-0.00179
-0.00179
-0.00179
-0.00198
-0.00218
-0.00198
-0.00237
-0.00218
-0.00198
-0.00218
-0.00179
-0.00218
-0.00257
-0.00218
-0.00237
-0.00296
-0.00237
-0.00237
-0.00218
-0.00257
-0.00237
-0.00276
-0.00276
-0.00218
-0.00257
-0.00296
-0.00276
-0.00218
-0.00276
-0.00335
-0.00296
-0.00276
-0.00296
-0.00257
-0.00257
-0.00296
-0.00257
-0.00296
-0.00257
-0.00257
-0.00257
-0.00276
-0.00237
-0.00257
-0.00257
-0.00276
-0.00276
-0.00276
-0.00315
-0.00296
-0.00315
-0.00296
-0.00276
-0.00276
-0.00315
-0.00257
-0.00276
-0.00296
-0.00335
-0.00276
-0.00257
-0.00276
-0.00296
-0.00296
-0.00237
-0.00237
-0.00218
-0.00237
-0.00257
-0.00198
-0.00237
-0.00218
-0.00257
-0.00237
-0.00257
-0.00257
-0.00237
-0.00257
-0.00218
-0.00218
-0.00218
-0.00257
-0.00237
-0.00276
-0.00257
-0.00237
-0.00257
-0.00296
-0.00257
-0.00179
-0.00198
-0.00198
-0.00179
-0.00237
-0.00237
-0.00218
-0.00159
-0.00179
-0.00218
-0.00218
-0.00237
-0.00179
-0.00237
-0.00257
-0.00237
-0.00218
-0.00237
-0.00257
-0.00276
-0.00276
-0.00257
-0.00257
-0.00218
-0.00296
-0.00315
-0.00296
-0.00276
-0.00276
-0.00257
-0.00296
-0.00276
-0.00276
-0.00257
-0.00296
-0.00335
-0.00315
-0.00296
-0.00296
-0.00276
-0.00257
-0.00257
-0.00276
-0.00296
-0.00276
-0.00276
-0.00335
-0.00296
-0.00296
-0.00237
-0.00276
-0.00218
-0.00198
-0.00276
-0.00296
-0.00257
-0.00257
-0.00218
-0.00198
-0.00257
-0.00296
-0.00276
-0.00237
-0.00237
-0.00218
-0.00218
-0.00237
-0.00218
-0.00237
-0.00218
-0.00198
-0.00218
-0.00218
-0.00237
-0.00198
-0.00198
-0.00218
-0.00257
-0.00218
-0.00218
-0.00218
-0.00257
-0.00237
-0.00276
-0.00237
-0.00257
-0.00276
-0.00218
-0.00198
-0.00257
-0.00257
-0.00257
-0.00237
-0.00257
-0.00237
-0.00276
-0.00237
-0.00276
-0.00237
-0.00276
-0.00276
-0.00257
-0.00296
-0.00237
-0.00296
-0.00315
-0.00335
-0.00296
-0.00335
-0.00315
-0.00335
-0.00276
-0.00354
-0.00276
-0.00315
-0.00276
-0.00257
-0.00296
-0.00276
-0.00257
-0.00296
-0.00296
-0.00315
-0.00296
-0.00315
-0.00257
-0.00296
-0.00257
-0.00257
-0.00237
-0.00257
-0.00257
-0.00237
-0.00257
-0.00276
-0.00237
-0.00296
-0.00296
-0.00296
-0.00257
-0.00237
-0.00257
-0.00296
-0.00315
-0.00257
-0.00237
-0.00276
-0.00296
-0.00257
-0.00257
-0.00257
-0.00276
-0.00315
-0.00257
-0.00237
-0.00296
-0.00257
-0.00276
-0.00237
-0.00276
-0.00257
-0.00276
-0.00296
-0.00257
-0.00237
-0.00257
-0.00276
-0.00276
-0.00237
-0.00257
-0.00257
-0.00198
-0.00218
-0.00237
-0.00237
-0.00276
-0.00257
-0.00296
-0.00237
-0.00296
-0.00237
-0.00296
-0.00276
-0.00237
-0.00257
-0.00276
-0.00296
-0.00276
-0.00296
-0.00257
-0.00276
-0.00257
-0.00276
-0.00296
-0.00296
-0.00276
-0.00315
-0.00237
-0.00296
-0.00276
-0.00276
-0.00335
-0.00296
-0.00257
-0.00257
-0.00257
-0.00218
-0.00198
-0.00159
-0.00179
-0.00237
-0.00257
-0.00198
-0.00237
-0.00179
-0.00198
-0.00218
-0.00218
-0.00237
-0.00218
-0.00198
-0.00218
-0.00237
-0.00257
-0.00218
-0.00218
-0.00276
-0.00257
-0.00257
-0.00237
-0.00276
-0.00276
-0.00257
-0.00237
-0.00276
-0.00276
-0.00237
-0.00276
-0.00296
-0.00257
-0.00276
-0.00237
-0.00315
-0.00276
-0.00257
-0.00257
-0.00276
-0.00315
-0.00315
-0.00296
-0.00335
-0.00354
-0.00335
-0.00276
-0.00315
-0.00315
-0.00315
-0.00296
-0.00335
-0.00276
-0.00335
-0.00276
-0.00276
-0.00257
-0.00296
-0.00257
-0.00296
-0.00257
-0.00276
-0.00237
-0.00276
-0.00315
-0.00296
-0.00257
-0.00296
-0.00257
-0.00276
-0.00218
-0.00218
-0.00179
-0.00237
-0.00276
-0.00257
-0.00237
-0.00218
-0.00237
-0.00257
-0.00257
-0.00198
-0.00218
-0.00257
-0.00276
-0.00237
-0.00237
-0.00257
-0.00257
-0.00296
-0.00276
-0.00315
-0.00296
-0.00296
-0.00276
-0.00315
-0.00315
-0.00315
-0.00257
-0.00315
-0.00296
-0.00276
-0.00237
-0.00237
-0.00257
-0.00257
-0.00276
-0.00276
-0.00276
-0.00296
-0.00315
-0.00315
-0.00257
-0.00257
-0.00276
