-7.500002112000E-01

-0.00139
-0.00198
-0.00218
-0.00179
-0.00159
-0.00179
-0.00198
-0.00218
-0.00218
-0.00179
-0.00159
-0.00159
-0.00159
-0.00139
-0.00179
-0.00159
-0.00179
-0.00179
-0.00218
-0.00179
-0.00198
-0.00237
-0.00198
-0.00198
-0.00218
-0.00218
-0.00237
-0.00198
-0.00198
-0.00198
-0.00179
-0.00218
-0.00296
-0.00257
-0.00257
-0.00237
-0.00257
-0.00237
-0.00218
-0.00218
-0.00218
-0.00179
-0.00218
-0.00198
-0.00179
-0.00198
-0.00198
-0.00159
-0.00159
-0.00159
-0.00159
-0.00159
-0.00198
-0.00139
-0.0012
-0.0012
-0.00139
-0.00198
-0.00218
-0.00218
-0.00139
-0.00198
-0.00237
-0.00198
-0.00218
-0.00237
-0.00257
-0.00218
-0.00198
-0.00218
-0.00237
-0.00218
-0.00198
-0.00237
-0.00218
-0.00237
-0.00237
-0.00237
-0.00257
-0.00218
-0.00198
-0.00179
-0.00179
-0.00218
-0.00198
-0.00198
-0.00198
-0.00198
-0.00198
-0.00218
-0.00198
-0.00218
-0.00237
-0.00179
-0.00179
-0.00159
-0.00198
-0.00198
-0.00218
-0.00218
-0.00198
-0.00179
-0.00139
-0.00179
-0.00179
-0.00198
-0.00218
-0.00218
-0.00218
-0.00257
-0.00237
-0.00218
-0.00218
-0.00179
-0.00237
-0.00218
-0.00179
-0.00237
-0.00237
-0.00257
-0.00237
-0.00218
-0.00237
-0.00218
-0.00218
-0.00218
-0.00198
-0.00198
-0.00179
-0.00179
-0.00139
-0.00139
-0.0012
-0.00139
-0.00159
-0.00139
-0.00139
-0.0012
-0.00159
-0.00179
-0.00198
-0.00198
-0.00159
-0.00159
-0.00179
-0.00159
-0.00159
-0.00159
-0.00159
-0.00159
-0.00159
-0.00159
-0.0012
-0.00159
-0.00159
-0.00139
-0.00179
-0.00179
-0.00179
-0.00159
-0.00179
-0.00179
-0.00218
-0.00218
-0.00237
-0.00218
-0.00218
-0.00198
-0.00218
-0.00218
-0.00198
-0.00179
-0.00218
-0.00237
-0.00237
-0.00179
-0.00237
-0.00218
-0.00218
-0.00198
-0.00218
-0.00198
-0.00218
-0.00198
-0.00198
-0.00198
-0.00159
-0.00218
-0.00198
-0.00198
-0.00198
-0.00198
-0.00218
-0.00159
-0.001
0.00056
0.00251
0.00466
0.00661
0.00915
0.01208
0.01384
0.01618
0.01814
0.01931
0.02146
0.02263
0.02458
0.02556
0.02693
0.02732
0.02888
0.03064
0.03259
0.03454
0.0363
0.03786
0.0406
0.04333
0.04587
0.04763
0.05017
0.05232
0.05466
0.05661
0.05876
0.06052
0.06267
0.06501
0.06755
0.07048
0.0738
0.07673
0.07966
0.08181
0.08435
0.08708
0.08845
0.09021
0.09196
0.09333
0.09489
0.09529
0.09665
0.09704
0.09802
0.09821
0.09861
0.09958
0.099
0.09978
0.09978
0.09939
0.09978
0.099
0.09939
0.09958
0.09841
0.09841
0.09821
0.09782
0.09743
0.09665
0.09607
0.09568
0.09489
0.09372
0.09314
0.09255
0.09177
0.0906
0.08962
0.08904
0.08845
0.08728
0.08669
0.08591
0.08513
0.08435
0.08357
0.08259
0.082
0.08064
0.08025
0.07927
0.0779
0.07673
0.07595
0.07556
0.074
0.07243
0.07165
0.07126
0.07068
0.06989
0.06872
0.06775
0.06716
0.06677
0.06579
0.06501
0.06423
0.06325
0.06228
0.0615
0.06091
0.05993
0.05954
0.05876
0.05798
0.0572
0.05622
0.05622
0.05505
0.05446
0.05407
0.0531
0.0529
0.05173
0.05134
0.05056
0.05036
0.04919
0.0488
0.04821
0.04763
0.04743
0.04685
0.04646
0.04568
0.04509
0.0447
0.04411
0.04372
0.04275
0.04236
0.04196
0.04099
0.04021
0.03982
0.04001
0.03923
0.03884
0.03845
0.03786
0.03786
0.03708
0.03689
0.03611
0.0363
0.03513
0.03493
0.03435
0.03376
0.03357
0.03318
0.03279
0.032
0.03181
0.03142
0.03122
0.03064
0.03044
0.03005
0.02986
0.02946
0.02868
0.02888
0.02849
0.0279
0.0279
0.0279
0.02712
0.02693
0.02654
0.02556
0.02556
0.02517
0.02497
0.02458
0.02439
0.02419
0.024
0.0238
0.02302
0.02321
0.02243
0.02224
0.02224
0.02165
0.02146
0.02107
0.02068
0.02048
0.02087
0.02009
0.02029
0.01989
0.0197
0.01931
0.01931
0.01872
0.01794
0.01794
0.01755
0.01755
0.01716
0.01677
0.01657
0.01657
0.01599
0.01618
0.01618
0.01618
0.01579
0.01599
0.01521
0.01501
0.01462
0.01462
0.01482
0.01443
0.01443
0.01423
0.01345
0.01247
0.01286
0.01325
0.01247
0.01228
0.01228
0.01228
0.01189
0.01189
0.01189
0.0115
0.01169
0.01169
0.01111
0.01111
0.01091
0.01013
0.01052
0.01071
0.01013
0.01091
0.01032
0.01032
0.01013
0.01013
0.00993
0.01013
0.00993
0.00993
0.00935
0.00896
0.00935
0.00896
0.00876
0.00896
0.00876
0.00857
0.00818
0.00837
0.00779
0.00798
0.00837
0.00739
0.0072
0.0072
0.00739
0.0072
0.00759
0.00661
0.00661
0.0072
0.00681
0.00661
0.00661
0.00661
0.00661
0.00622
0.00622
0.00583
0.00603
0.00603
0.00622
0.00603
0.00564
0.00544
0.00544
0.00505
0.00505
0.00525
0.00466
0.00525
0.00446
0.00486
0.00446
0.00505
0.00466
0.00466
0.00466
0.00466
0.00427
0.00427
0.00427
0.00427
0.00427
0.00446
0.00388
0.00407
0.00407
0.00427
0.00368
0.00407
0.00427
0.00427
0.00407
0.00368
0.00349
0.00368
0.00368
0.00349
0.00388
0.00368
0.00368
0.00349
0.00349
0.00349
0.00368
0.00329
0.00349
0.00368
0.0029
0.0031
0.00271
0.0029
0.0029
0.0031
0.00271
0.0029
0.00251
0.00251
0.0029
0.0029
0.00271
0.00271
0.00232
0.00251
0.00251
0.00271
0.00173
0.00212
0.00173
0.00212
0.00232
0.00212
0.00154
0.00154
0.00173
0.00173
0.00173
0.00134
0.00173
0.00154
0.00154
0.00154
0.00095
0.00095
0.00114
0.00075
0.00114
0.00114
0.00095
0.00075
0.00114
0.00114
0.00134
0.00114
0.00134
0.00114
0.00075
0.00017
0.00056
-3e-05
0.00017
0.00056
0.00036
0.00036
-3e-05
-3e-05
0.00036
0.00017
0.00075
0.00056
0.00075
0.00056
0.00056
0.00036
0.00036
0.00036
0.00017
0.00036
-0.00022
-3e-05
0.00017
-3e-05
0.00036
-0.00022
-3e-05
0.00017
0.00056
0.00036
-3e-05
0.00017
-0.00022
-0.00022
-3e-05
-3e-05
0.00017
-0.00022
-0.00061
-0.00022
0.00017
-0.00042
-0.00042
-3e-05
-3e-05
-0.00061
-0.00061
-0.00081
-0.00061
-0.00042
-0.00042
-0.00042
-0.00042
-0.00042
-0.00061
-3e-05
-0.00022
-0.00022
-0.00061
-0.00042
-0.00061
-0.00061
-0.00042
-0.00022
-0.00022
-0.00061
-0.0012
-0.0012
-0.0012
-0.00081
-0.001
-0.00061
-0.001
-0.001
-0.0012
-0.00081
-0.00081
-0.001
-0.001
-0.0012
-0.00139
-0.00159
-0.0012
-0.0012
-0.0012
-0.001
-0.00159
-0.0012
-0.001
-0.001
-0.0012
-0.0012
-0.0012
-0.001
-0.00081
-0.00081
-0.00061
-0.00081
-0.001
-0.00061
-0.00042
-0.00061
-0.00081
-0.00081
-0.00061
-0.00042
-0.00081
-0.00081
-0.00022
-0.00022
-0.00022
-0.00061
-0.00061
-0.00061
-0.001
-0.00022
-0.00022
0.00017
-0.00042
-0.00022
-0.001
-0.00061
-0.001
-0.00061
-0.001
-0.001
-0.00081
-0.00042
-0.00081
-0.00061
-0.00081
-0.00042
-0.001
-0.00042
-0.00061
-0.00022
-0.00042
-0.00042
-0.00061
-0.00081
-0.00081
-0.001
-0.0012
-0.00139
-0.00139
-0.0012
-0.0012
-0.001
-0.00139
-0.00159
-0.00179
-0.00179
-0.00159
-0.00159
-0.00159
-0.00218
-0.00198
-0.00179
-0.00179
-0.00198
-0.00139
-0.00179
-0.00179
-0.00198
-0.00159
-0.00179
-0.00218
-0.00159
-0.00159
-0.00139
-0.00179
-0.00179
-0.00159
-0.00179
-0.00198
-0.00159
-0.00159
-0.00159
-0.00159
-0.00159
-0.00179
-0.00159
-0.00198
-0.00179
-0.00139
-0.00139
-0.00139
-0.001
-0.00139
-0.00159
-0.00159
-0.00159
-0.00159
-0.00198
-0.00159
-0.0012
-0.00139
-0.00179
-0.00179
-0.00218
-0.00179
-0.00179
-0.00159
-0.00139
-0.00159
-0.00179
-0.00237
-0.00198
-0.00179
-0.00198
-0.00218
-0.00159
-0.00218
-0.00179
-0.00218
-0.00218
-0.00218
-0.00159
-0.00179
-0.00179
-0.00179
-0.00179
-0.00159
-0.00198
-0.00218
-0.00198
-0.00198
-0.00179
-0.00198
-0.00159
-0.00198
-0.00179
-0.00179
-0.00237
-0.00218
-0.00237
-0.00198
-0.00159
-0.00198
-0.00218
-0.00179
-0.00198
-0.00159
-0.00139
-0.00179
-0.00159
-0.00198
-0.00179
-0.00179
-0.00179
-0.00179
-0.00179
-0.00198
-0.00179
-0.00237
-0.00218
-0.00237
-0.00237
-0.00198
-0.00218
-0.00198
-0.00237
-0.00218
-0.00198
-0.00198
-0.00198
-0.00179
-0.00159
-0.0012
-0.001
-0.00139
-0.0012
-0.00139
-0.00159
-0.00179
-0.00179
-0.00198
-0.00159
-0.00198
-0.00198
-0.00179
-0.00179
-0.00198
-0.00139
-0.00159
-0.00179
-0.00198
-0.00198
-0.00159
-0.00198
-0.00179
-0.00179
-0.00198
-0.00159
-0.00179
-0.00198
-0.00179
-0.00139
-0.00198
-0.00159
-0.00198
-0.00179
-0.00198
-0.00179
-0.00257
-0.00179
-0.00198
-0.00159
-0.00218
-0.00237
-0.00198
-0.00198
-0.00218
-0.00179
-0.00257
-0.00218
-0.00218
-0.00237
-0.00237
-0.00218
-0.00198
-0.00179
-0.00218
-0.00218
-0.00198
-0.00198
-0.00198
-0.00198
-0.00237
-0.00179
-0.00198
-0.00179
-0.00237
-0.00218
-0.00218
-0.00218
-0.00179
-0.00218
-0.00198
-0.00179
-0.00179
-0.00198
-0.00198
-0.00159
-0.00198
-0.00139
-0.00179
-0.00159
-0.00139
-0.00159
-0.00179
-0.00198
-0.00179
-0.00159
-0.00159
-0.0012
-0.00179
-0.00159
-0.00218
-0.00198
-0.00198
-0.00218
-0.00218
-0.00218
-0.00159
-0.00179
-0.00218
-0.00218
-0.00179
-0.00179
-0.00179
-0.00198
-0.00237
-0.00198
-0.00237
-0.00218
-0.00218
-0.00179
-0.00198
-0.00218
-0.00218
-0.00237
-0.00237
-0.00257
-0.00237
-0.00218
-0.00257
-0.00257
-0.00257
-0.00257
-0.00237
-0.00218
-0.00237
-0.00237
-0.00276
-0.00257
-0.00276
-0.00257
-0.00218
-0.00218
-0.00257
-0.00276
-0.00237
-0.00218
-0.00179
-0.00198
-0.00257
-0.00237
-0.00296
-0.00296
-0.00237
-0.00179
-0.00218
-0.00218
-0.00237
-0.00257
-0.00257
-0.00257
-0.00237
-0.00237
-0.00257
-0.00276
-0.00257
-0.00276
-0.00237
-0.00218
-0.00218
-0.00218
-0.00179
-0.00237
-0.00218
-0.00198
-0.00237
-0.00218
-0.00198
-0.00198
-0.00198
-0.00179
-0.00159
-0.00198
-0.00179
-0.00179
-0.00179
-0.00139
-0.00159
-0.00139
-0.00198
-0.00198
-0.00198
-0.00179
-0.00198
-0.00179
-0.00179
-0.00159
-0.00179
-0.00179
-0.00198
-0.00159
-0.00218
-0.00179
-0.00198
-0.00139
-0.00218
-0.00198
-0.00257
-0.00237
-0.00198
-0.00179
-0.00198
-0.00198
-0.00198
-0.00218
-0.00218
-0.00237
-0.00237
-0.00218
-0.00218
-0.00237
-0.00257
-0.00218
-0.00179
-0.00218
-0.00159
-0.00179
-0.00179
-0.00139
-0.00139
-0.00179
-0.00179
-0.00218
-0.00159
-0.00218
-0.00198
-0.00179
-0.00198
-0.00218
-0.00159
-0.00179
-0.00198
-0.00198
-0.00179
-0.00198
-0.00179
-0.00159
-0.00179
-0.00237
-0.00159
-0.00198
-0.00198
-0.00179
-0.00198
-0.00218
-0.00198
-0.00198
-0.00218
-0.00218
-0.00218
-0.00257
-0.00257
-0.00257
-0.00276
-0.00276
-0.00296
-0.00237
-0.00276
-0.00276
-0.00315
-0.00276
-0.00276
-0.00276
-0.00276
-0.00257
-0.00276
-0.00257
-0.00237
-0.00296
-0.00276
-0.00257
-0.00296
-0.00237
-0.00237
-0.00257
-0.00296
-0.00276
-0.00276
-0.00257
-0.00237
-0.00237
-0.00257
-0.00237
-0.00237
-0.00237
-0.00237
-0.00218
-0.00159
-0.00198
-0.00237
-0.00198
-0.00237
-0.00218
-0.00218
-0.00218
-0.00198
-0.00198
-0.00257
-0.00179
-0.00237
-0.00237
-0.00198
-0.00237
-0.00179
-0.00237
-0.00218
-0.00237
-0.00276
-0.00276
-0.00257
-0.00198
-0.00257
-0.00237
-0.00276
-0.00257
-0.00257
-0.00257
-0.00237
-0.00237
-0.00218
-0.00257
-0.00218
-0.00237
-0.00218
-0.00257
-0.00257
-0.00257
-0.00257
-0.00218
-0.00198
-0.00198
-0.00237
-0.00257
-0.00237
-0.00257
-0.00237
-0.00218
-0.00218
-0.00237
-0.00237
-0.00198
-0.00237
-0.00257
-0.00218
-0.00218
-0.00198
-0.00198
-0.00276
-0.00257
