-1.918000537600E+00

-0.00237
-0.00198
-0.00179
-0.00198
-0.00198
-0.00198
-0.00218
-0.00198
-0.00159
-0.00159
-0.00179
-0.00159
-0.00159
-0.00179
-0.00179
-0.00218
-0.00159
-0.00198
-0.00139
-0.00198
-0.00257
-0.00218
-0.00257
-0.00257
-0.00257
-0.00257
-0.00237
-0.00218
-0.00198
-0.00276
-0.00296
-0.00276
-0.00257
-0.00276
-0.00257
-0.00237
-0.00257
-0.00257
-0.00237
-0.00237
-0.00257
-0.00257
-0.00276
-0.00276
-0.00257
-0.00315
-0.00315
-0.00276
-0.00296
-0.00257
-0.00257
-0.00276
-0.00218
-0.00257
-0.00276
-0.00257
-0.00315
-0.00257
-0.00257
-0.00237
-0.00237
-0.00218
-0.00296
-0.00198
-0.00237
-0.00218
-0.00237
-0.00237
-0.00257
-0.00257
-0.00237
-0.00237
-0.00276
-0.00257
-0.00257
-0.00237
-0.00218
-0.00237
-0.00218
-0.00218
-0.00237
-0.00198
-0.00218
-0.00198
-0.00237
-0.00218
-0.00198
-0.00237
-0.00218
-0.00276
-0.00276
-0.00257
-0.00218
-0.00237
-0.00198
-0.00257
-0.00257
-0.00218
-0.00276
-0.00276
-0.00257
-0.00257
-0.00237
-0.00237
-0.00218
-0.00237
-0.00179
-0.00237
-0.00198
-0.00198
-0.00198
-0.00198
-0.00218
-0.00237
-0.00276
-0.00237
-0.00257
-0.00257
-0.00276
-0.00276
-0.00257
-0.00257
-0.00315
-0.00315
-0.00296
-0.00335
-0.00315
-0.00237
-0.00257
-0.00276
-0.00315
-0.00354
-0.00315
-0.00335
-0.00335
-0.00354
-0.00354
-0.00335
-0.00335
-0.00276
-0.00296
-0.00296
-0.00315
-0.00315
-0.00296
-0.00315
-0.00257
-0.00276
-0.00296
-0.00218
-0.00218
-0.00237
-0.00276
-0.00237
-0.00257
-0.00257
-0.00198
-0.00237
-0.00237
-0.00257
-0.00296
-0.00257
-0.00218
-0.00257
-0.00315
-0.00218
-0.00257
-0.00237
-0.00276
-0.00276
-0.00257
-0.00276
-0.00257
-0.00276
-0.00296
-0.00237
-0.00335
-0.00276
-0.00335
-0.00237
-0.00296
-0.00315
-0.00276
-0.00296
-0.00296
-0.00257
-0.00276
-0.00276
-0.00276
-0.00296
-0.00257
-0.00198
-0.0012
-3e-05
0.00075
0.00232
0.0031
0.00505
0.00564
0.00681
0.00779
0.00837
0.00935
0.00993
0.01052
0.0113
0.01208
0.01267
0.01345
0.01462
0.0156
0.01677
0.01814
0.0197
0.02146
0.02263
0.0238
0.02517
0.02732
0.02888
0.03161
0.03493
0.03884
0.04372
0.04821
0.0529
0.05739
0.06208
0.06716
0.07146
0.07536
0.07849
0.08142
0.08396
0.0865
0.08923
0.09099
0.09275
0.0947
0.09568
0.09704
0.09821
0.099
0.10036
0.10036
0.10075
0.10095
0.10173
0.10212
0.10173
0.10212
0.10212
0.10193
0.10154
0.10095
0.10036
0.10017
0.09939
0.0988
0.09841
0.09724
0.09626
0.09548
0.0947
0.09372
0.09275
0.09157
0.09099
0.08982
0.08962
0.08864
0.08825
0.08786
0.08728
0.08611
0.08591
0.08552
0.08532
0.08435
0.08396
0.08357
0.08279
0.082
0.08161
0.08103
0.08044
0.07907
0.07829
0.07771
0.07732
0.07654
0.07497
0.07439
0.074
0.07263
0.07243
0.07126
0.07068
0.07029
0.0697
0.06892
0.06814
0.06696
0.06618
0.06599
0.06521
0.06501
0.06384
0.06345
0.06286
0.06189
0.06091
0.06071
0.05954
0.05935
0.05837
0.05779
0.05642
0.05583
0.05544
0.05486
0.05427
0.05368
0.05271
0.05232
0.05134
0.05075
0.05056
0.04978
0.0488
0.04861
0.04782
0.04724
0.04646
0.04626
0.04548
0.04509
0.04411
0.04411
0.04333
0.04275
0.04236
0.04099
0.04099
0.0404
0.04001
0.03982
0.04021
0.0404
0.04138
0.04196
0.04255
0.04353
0.0445
0.04529
0.04568
0.04626
0.04626
0.04646
0.04724
0.04704
0.04704
0.04685
0.04704
0.04763
0.04743
0.04704
0.04685
0.04685
0.04646
0.04646
0.04646
0.04607
0.04568
0.04587
0.04529
0.04529
0.0445
0.0445
0.04431
0.04431
0.04372
0.04314
0.04294
0.04255
0.04196
0.04196
0.04177
0.04118
0.0404
0.03982
0.03943
0.03904
0.03825
0.03806
0.03747
0.03708
0.03689
0.03591
0.03591
0.03571
0.03552
0.03474
0.03474
0.03415
0.03396
0.03298
0.03279
0.0322
0.03181
0.03161
0.03122
0.03142
0.03083
0.03025
0.02946
0.02927
0.02927
0.02829
0.02829
0.02771
0.0279
0.02732
0.02712
0.02634
0.02634
0.02595
0.02575
0.02556
0.02458
0.024
0.02341
0.02361
0.02302
0.02321
0.02263
0.02243
0.02204
0.02185
0.02126
0.02068
0.02029
0.02009
0.02029
0.02029
0.0197
0.01931
0.01911
0.01872
0.01853
0.01794
0.01814
0.01794
0.01736
0.01696
0.01677
0.01677
0.01657
0.01677
0.01638
0.01599
0.01579
0.0156
0.01579
0.01521
0.0154
0.0154
0.01521
0.01482
0.01462
0.01443
0.01462
0.01462
0.01423
0.01364
0.01364
0.01345
0.01345
0.01325
0.01286
0.01306
0.01267
0.01247
0.01247
0.01189
0.01208
0.01208
0.0115
0.01111
0.01091
0.01091
0.0115
0.01071
0.01071
0.00993
0.00993
0.01032
0.01013
0.00974
0.00935
0.00915
0.00915
0.00896
0.00935
0.00896
0.00915
0.00857
0.00857
0.00818
0.00798
0.00779
0.00837
0.00818
0.00818
0.00759
0.00739
0.007
0.00759
0.0072
0.0072
0.00661
0.007
0.00661
0.00661
0.00642
0.00603
0.00642
0.00603
0.00642
0.00681
0.00622
0.00622
0.00583
0.00564
0.00583
0.00622
0.00622
0.00583
0.00583
0.00544
0.00564
0.00564
0.00544
0.00486
0.00486
0.00486
0.00486
0.00505
0.00466
0.00427
0.00407
0.00388
0.00427
0.00427
0.00446
0.00388
0.00349
0.00349
0.00349
0.00388
0.00388
0.00368
0.00368
0.00329
0.0031
0.00329
0.0031
0.00329
0.00349
0.0029
0.00251
0.00271
0.00271
0.00251
0.00251
0.00251
0.00251
0.00251
0.00193
0.00173
0.00154
0.00154
0.00134
0.00154
0.00154
0.00134
0.00154
0.00095
0.00154
0.00134
0.00114
0.00134
0.00095
0.00114
0.00173
0.00075
0.00095
0.00056
0.00036
0.00056
0.00017
0.00056
0.00056
0.00017
0.00056
-3e-05
0.00017
-3e-05
-3e-05
0.00017
0.00056
0.00017
0.00095
0.00056
0.00075
-3e-05
0.00056
0.00075
0.00056
0.00017
0.00075
0.00075
-0.00042
0.00036
0.00036
0.00036
0.00056
0.00056
0.00017
-3e-05
-0.00022
-3e-05
0.00017
-0.00042
-3e-05
-0.00061
-0.00022
-0.00042
-0.00042
-0.00061
-3e-05
-0.00022
0.00017
-0.00022
-3e-05
-0.00022
-0.00042
-0.00061
-0.00061
-0.001
-0.001
-0.0012
-0.001
-0.00081
-0.001
-0.0012
-0.00179
-0.001
-0.001
-0.0012
-0.00081
-0.0012
-0.001
-0.00139
-0.00081
-0.00081
-0.00081
-0.001
-0.0012
-0.001
-0.001
-0.0012
-0.00139
-0.0012
-0.0012
-0.0012
-0.0012
-0.001
-0.00139
-0.00159
-0.00139
-0.0012
-0.0012
-0.00159
-0.0012
-0.00139
-0.0012
-0.00139
-0.001
-0.0012
-0.00139
-0.001
-0.00139
-0.00139
-0.00081
-0.0012
-0.001
-0.00081
-0.001
-0.00159
-0.001
-0.0012
-0.00081
-0.001
-0.0012
-0.00198
-0.00179
-0.00159
-0.00179
-0.00198
-0.00179
-0.00198
-0.00179
-0.0012
-0.00139
-0.0012
-0.0012
-0.00159
-0.0012
-0.0012
-0.00139
-0.00159
-0.00139
-0.0012
-0.00139
-0.00159
-0.00159
-0.00179
-0.00198
-0.00159
-0.00179
-0.00159
-0.00218
-0.00159
-0.00218
-0.00198
-0.00218
-0.00198
-0.00198
-0.00218
-0.00218
-0.00218
-0.00257
-0.00257
-0.00257
-0.00198
-0.00218
-0.00218
-0.00218
-0.00198
-0.00237
-0.00218
-0.00237
-0.00218
-0.00237
-0.00237
-0.00237
-0.00198
-0.00218
-0.00198
-0.00257
-0.00276
-0.00257
-0.00237
-0.00237
-0.00276
-0.00237
-0.00257
-0.00296
-0.00218
-0.00198
-0.00179
-0.00198
-0.00198
-0.00218
-0.00237
-0.00237
-0.00139
-0.00179
-0.00218
-0.00198
-0.00159
-0.00198
-0.00218
-0.00218
-0.00159
-0.00179
-0.00237
-0.00237
-0.00257
-0.00237
-0.00198
-0.00237
-0.00218
-0.00159
-0.00179
-0.00218
-0.00237
-0.00198
-0.00179
-0.00198
-0.00198
-0.00218
-0.00218
-0.00179
-0.00218
-0.00237
-0.00237
-0.00237
-0.00237
-0.00296
-0.00257
-0.00257
-0.00257
-0.00257
-0.00276
-0.00237
-0.00218
-0.00257
-0.00257
-0.00237
-0.00257
-0.00237
-0.00257
-0.00257
-0.00257
-0.00257
-0.00296
-0.00257
-0.00296
-0.00257
-0.00276
-0.00276
-0.00237
-0.00276
-0.00296
-0.00257
-0.00276
-0.00257
-0.00296
-0.00257
-0.00296
-0.00257
-0.00296
-0.00237
-0.00296
-0.00276
-0.00276
-0.00315
-0.00257
-0.00257
-0.00257
-0.00276
-0.00296
-0.00276
-0.00237
-0.00257
-0.00218
-0.00198
-0.00237
-0.00237
-0.00276
-0.00257
-0.00237
-0.00237
-0.00276
-0.00276
-0.00257
-0.00276
-0.00257
-0.00257
-0.00276
-0.00257
-0.00257
-0.00218
-0.00276
-0.00198
-0.00218
-0.00198
-0.00237
-0.00218
-0.00218
-0.00257
-0.00276
-0.00276
-0.00257
-0.00296
-0.00315
-0.00296
-0.00296
-0.00257
-0.00315
-0.00237
-0.00237
-0.00257
-0.00237
-0.00276
-0.00296
-0.00257
-0.00296
-0.00257
-0.00257
-0.00237
-0.00257
-0.00315
-0.00296
-0.00276
-0.00276
-0.00257
-0.00315
-0.00296
-0.00354
-0.00296
-0.00335
-0.00315
-0.00335
-0.00335
-0.00354
-0.00335
-0.00315
-0.00335
-0.00257
-0.00296
-0.00296
-0.00296
-0.00296
-0.00276
-0.00276
-0.00237
-0.00257
-0.00257
-0.00296
-0.00257
-0.00237
-0.00257
-0.00218
-0.00276
-0.00237
-0.00257
-0.00276
-0.00237
-0.00237
-0.00257
-0.00237
-0.00257
-0.00237
-0.00257
-0.00296
-0.00257
-0.00237
-0.00179
-0.00218
-0.00257
-0.00257
-0.00218
-0.00257
-0.00276
-0.00276
-0.00315
-0.00276
-0.00276
-0.00276
-0.00276
-0.00276
-0.00296
-0.00237
-0.00237
-0.00276
-0.00296
-0.00296
-0.00296
-0.00335
-0.00315
-0.00354
-0.00315
-0.00335
-0.00354
-0.00315
-0.00296
-0.00315
-0.00315
-0.00315
-0.00296
-0.00276
-0.00354
-0.00296
-0.00276
-0.00276
-0.00315
-0.00276
-0.00257
-0.00296
-0.00257
-0.00276
-0.00257
-0.00257
-0.00237
-0.00276
-0.00276
-0.00237
-0.00276
-0.00218
-0.00257
-0.00218
-0.00237
-0.00237
-0.00237
-0.00276
-0.00276
-0.00296
-0.00276
-0.00276
-0.00257
-0.00257
-0.00237
-0.00276
-0.00296
-0.00296
-0.00374
-0.00432
-0.00374
-0.00393
-0.00393
-0.00413
-0.00374
-0.00296
-0.00374
-0.00315
-0.00354
-0.00354
-0.00335
-0.00315
-0.00354
-0.00315
-0.00335
-0.00315
-0.00315
-0.00296
-0.00335
-0.00296
-0.00257
-0.00315
-0.00276
-0.00296
-0.00296
-0.00296
-0.00296
-0.00315
-0.00354
-0.00296
-0.00335
-0.00296
-0.00315
-0.00315
-0.00296
-0.00374
-0.00296
-0.00335
-0.00276
-0.00315
-0.00354
-0.00354
-0.00315
-0.00354
-0.00335
-0.00296
-0.00354
-0.00354
-0.00315
-0.00374
-0.00393
-0.00393
-0.00335
-0.00393
-0.00413
-0.00393
-0.00335
-0.00315
-0.00354
-0.00315
-0.00296
-0.00257
-0.00237
-0.00237
-0.00257
-0.00257
-0.00237
-0.00218
-0.00218
-0.00218
-0.00179
-0.00237
-0.00179
-0.00218
-0.00139
-0.00179
-0.00218
-0.00218
-0.00179
-0.00218
-0.00218
-0.00218
-0.00257
-0.00237
-0.00257
-0.00257
-0.00237
-0.00257
-0.00257
-0.00296
-0.00276
-0.00315
-0.00315
-0.00237
-0.00276
-0.00276
-0.00257
-0.00296
-0.00296
-0.00335
-0.00335
-0.00335
-0.00335
-0.00296
-0.00335
-0.00335
-0.00354
-0.00393
-0.00335
-0.00354
-0.00354
-0.00374
-0.00335
-0.00354
-0.00354
-0.00374
-0.00374
-0.00354
-0.00354
-0.00296
-0.00276
-0.00296
-0.00296
-0.00296
-0.00276
-0.00296
-0.00315
-0.00296
-0.00296
-0.00296
-0.00315
-0.00315
-0.00296
-0.00296
-0.00315
-0.00335
-0.00315
-0.00296
-0.00296
-0.00335
-0.00315
-0.00296
-0.00315
-0.00296
-0.00296
-0.00315
-0.00354
-0.00315
-0.00335
-0.00296
-0.00315
-0.00335
-0.00257
-0.00276
-0.00296
-0.00335
-0.00296
-0.00296
-0.00354
-0.00315
-0.00335
-0.00335
-0.00315
-0.00335
-0.00315
-0.00335
-0.00335
-0.00335
-0.00315
-0.00296
-0.00257
-0.00296
-0.00296
-0.00315
-0.00296
-0.00315
-0.00296
-0.00315
-0.00257
-0.00296
