-1.759000492800E+00

-0.00198
-0.00237
-0.00237
-0.00198
-0.00198
-0.00218
-0.00257
-0.00237
-0.00237
-0.00276
-0.00198
-0.00237
-0.00218
-0.00237
-0.00198
-0.00237
-0.00198
-0.00198
-0.00198
-0.00139
-0.00179
-0.00159
-0.00179
-0.00198
-0.00198
-0.00218
-0.00276
-0.00257
-0.00296
-0.00296
-0.00276
-0.00257
-0.00296
-0.00296
-0.00296
-0.00335
-0.00335
-0.00335
-0.00354
-0.00315
-0.00315
-0.00335
-0.00315
-0.00335
-0.00315
-0.00393
-0.00354
-0.00393
-0.00393
-0.00374
-0.00374
-0.00393
-0.00374
-0.00432
-0.00432
-0.00432
-0.00452
-0.00432
-0.00393
-0.00374
-0.00413
-0.00432
-0.00432
-0.00452
-0.00393
-0.00413
-0.00471
-0.00432
-0.00452
-0.00452
-0.00452
-0.00432
-0.00452
-0.00413
-0.00413
-0.00413
-0.00354
-0.00374
-0.00393
-0.00413
-0.00393
-0.00413
-0.00393
-0.00393
-0.00354
-0.00393
-0.00413
-0.00374
-0.00393
-0.00432
-0.00413
-0.00413
-0.00413
-0.00413
-0.00374
-0.00393
-0.00432
-0.00393
-0.00393
-0.00354
-0.00354
-0.00315
-0.00354
-0.00354
-0.00393
-0.00335
-0.00374
-0.00354
-0.00374
-0.00374
-0.00354
-0.00315
-0.00315
-0.00374
-0.00374
-0.00354
-0.00374
-0.00393
-0.00335
-0.00335
-0.00335
-0.00296
-0.00335
-0.00276
-0.00296
-0.00257
-0.00276
-0.00315
-0.00276
-0.00257
-0.00257
-0.00276
-0.00315
-0.00315
-0.00315
-0.00276
-0.00296
-0.00296
-0.00257
-0.00257
-0.00257
-0.00296
-0.00237
-0.00276
-0.00237
-0.00257
-0.00296
-0.00257
-0.00257
-0.00237
-0.00237
-0.00218
-0.00198
-0.00237
-0.00237
-0.00257
-0.00237
-0.00237
-0.00218
-0.00218
-0.00218
-0.00237
-0.00218
-0.00218
-0.00237
-0.00159
-0.00179
-0.00198
-0.00198
-0.00237
-0.00179
-0.00139
-0.00159
-0.0012
-0.00198
-0.00198
-0.00159
-0.0012
-0.00159
-0.001
-0.00139
-0.00139
-0.00139
-0.00139
-0.0012
-0.00179
-0.00159
-0.00179
-0.00139
-0.00139
-0.00159
-0.00159
-0.00198
-0.00198
-0.00198
-0.00179
-0.00237
-0.00237
-0.00198
-0.0012
-0.00081
-0.00022
0.00114
0.00232
0.0031
0.00427
0.00544
0.00622
0.007
0.00779
0.00857
0.00954
0.01013
0.01091
0.01169
0.01306
0.01462
0.01618
0.01833
0.02107
0.02321
0.02654
0.03005
0.03376
0.03786
0.04157
0.04607
0.05017
0.05407
0.0572
0.06032
0.06345
0.0654
0.06833
0.07068
0.07282
0.07478
0.07634
0.07751
0.07888
0.07986
0.08044
0.08142
0.08239
0.08298
0.08318
0.08337
0.08376
0.08435
0.08454
0.08396
0.08337
0.08318
0.08318
0.08337
0.08279
0.082
0.08142
0.08103
0.08005
0.08005
0.07907
0.07771
0.07732
0.07654
0.07517
0.07517
0.074
0.07341
0.07263
0.07204
0.07126
0.06989
0.0695
0.06794
0.06736
0.06677
0.06599
0.06579
0.06462
0.06404
0.06286
0.06208
0.0613
0.06013
0.05993
0.05974
0.05896
0.05798
0.05739
0.05642
0.05564
0.05505
0.05466
0.05407
0.0529
0.05251
0.05134
0.05114
0.04997
0.04919
0.049
0.04821
0.04763
0.04743
0.04685
0.04626
0.04548
0.04509
0.0445
0.04392
0.04353
0.04314
0.04216
0.04177
0.04138
0.04079
0.04001
0.04001
0.03943
0.03904
0.03923
0.03845
0.03786
0.03767
0.03747
0.03669
0.0365
0.03591
0.03552
0.03474
0.03415
0.03376
0.03318
0.03279
0.03239
0.03181
0.03122
0.03122
0.03044
0.03064
0.03025
0.02966
0.02946
0.02907
0.02868
0.02868
0.0281
0.0279
0.02771
0.02712
0.02673
0.02654
0.02614
0.02634
0.02536
0.02556
0.02478
0.02458
0.02439
0.02419
0.02439
0.02302
0.02263
0.02243
0.02263
0.02263
0.02243
0.02185
0.02126
0.02107
0.02068
0.02009
0.02029
0.01989
0.02048
0.01911
0.01931
0.01872
0.01814
0.01814
0.01755
0.01794
0.01657
0.01657
0.01618
0.01521
0.0156
0.0154
0.01521
0.01501
0.01443
0.01423
0.01404
0.01345
0.01404
0.01364
0.01423
0.01345
0.01364
0.01325
0.01286
0.01247
0.01286
0.01247
0.01247
0.01208
0.01189
0.01247
0.0115
0.01189
0.0115
0.0113
0.01052
0.01091
0.01052
0.01091
0.01052
0.01013
0.01032
0.01052
0.00993
0.00993
0.01013
0.00954
0.00935
0.00896
0.00915
0.00896
0.00857
0.00896
0.00837
0.00837
0.00798
0.00779
0.00798
0.00759
0.00798
0.00798
0.00739
0.00798
0.007
0.0072
0.007
0.007
0.00642
0.00603
0.00603
0.00603
0.00603
0.00583
0.00583
0.00525
0.00525
0.00544
0.00525
0.00505
0.00505
0.00525
0.00466
0.00466
0.00466
0.00446
0.00446
0.00446
0.00427
0.00427
0.00427
0.00446
0.00407
0.00407
0.00388
0.00388
0.00368
0.00388
0.00427
0.00446
0.00427
0.00407
0.00368
0.00407
0.00427
0.00407
0.00368
0.00388
0.00368
0.00368
0.00407
0.00427
0.00407
0.00407
0.00407
0.00368
0.00388
0.00388
0.00427
0.00349
0.00407
0.00329
0.00349
0.0031
0.00368
0.0031
0.0029
0.00271
0.0031
0.0029
0.0029
0.00232
0.00251
0.0029
0.00251
0.00193
0.00212
0.00193
0.00173
0.00173
0.00154
0.00154
0.00232
0.00173
0.00173
0.00154
0.00114
0.00114
0.00173
0.00212
0.00212
0.00193
0.00173
0.00134
0.00134
0.00134
0.00193
0.00134
0.00154
0.00114
0.00154
0.00134
0.00154
0.00154
0.00134
0.00173
0.00134
0.00114
0.00134
0.00134
0.00114
0.00114
0.00075
0.00056
0.00095
0.00075
0.00036
0.00017
0.00036
0.00036
0.00017
0.00017
-0.00022
0.00017
-0.00042
-0.00042
-3e-05
-0.00081
-0.00061
-0.001
-0.00042
-0.00081
-0.001
-0.00042
-0.001
-0.00139
-0.0012
-0.0012
-0.001
-0.00159
-0.00139
-0.00139
-0.00061
-0.001
-0.001
-0.00081
-0.0012
-0.00081
-0.001
-0.00081
-0.00081
-0.00061
-0.00081
-0.00042
-0.00042
-0.00022
-0.00061
-0.001
-0.0012
-0.00081
-0.00042
-0.00081
-0.00081
-0.00139
-0.0012
-0.0012
-0.00139
-0.00139
-0.00159
-0.0012
-0.00139
-0.0012
-0.00139
-0.00159
-0.0012
-0.00159
-0.0012
-0.00198
-0.00218
-0.00198
-0.00198
-0.00218
-0.00237
-0.00237
-0.00276
-0.00198
-0.00257
-0.00218
-0.00198
-0.00218
-0.00198
-0.00257
-0.00237
-0.00237
-0.00218
-0.00237
-0.00218
-0.00218
-0.00218
-0.00179
-0.00179
-0.00139
-0.00159
-0.00139
-0.00159
-0.00179
-0.00159
-0.00139
-0.00139
-0.0012
-0.00198
-0.00159
-0.00159
-0.0012
-0.0012
-0.00139
-0.00139
-0.001
-0.00159
-0.00179
-0.00198
-0.00218
-0.00179
-0.00179
-0.00139
-0.00159
-0.00139
-0.00198
-0.00179
-0.00198
-0.00179
-0.00159
-0.00179
-0.00139
-0.00179
-0.00198
-0.00237
-0.00237
-0.00198
-0.00218
-0.00198
-0.00218
-0.00218
-0.00237
-0.00237
-0.00237
-0.00218
-0.00237
-0.00257
-0.00257
-0.00218
-0.00257
-0.00198
-0.00257
-0.00237
-0.00218
-0.00179
-0.00159
-0.00198
-0.00159
-0.00179
-0.00198
-0.00159
-0.00179
-0.00237
-0.00179
-0.00198
-0.00159
-0.00159
-0.00179
-0.00179
-0.00179
-0.00159
-0.00218
-0.00179
-0.00198
-0.00179
-0.00218
-0.00179
-0.00179
-0.00179
-0.00159
-0.00179
-0.00237
-0.00218
-0.00198
-0.00198
-0.00198
-0.00198
-0.00179
-0.00198
-0.00218
-0.00237
-0.00218
-0.00198
-0.00218
-0.00276
-0.00276
-0.00257
-0.00257
-0.00276
-0.00276
-0.00276
-0.00276
-0.00296
-0.00257
-0.00237
-0.00257
-0.00276
-0.00237
-0.00237
-0.00257
-0.00218
-0.00198
-0.00276
-0.00257
-0.00276
-0.00276
-0.00276
-0.00257
-0.00257
-0.00315
-0.00276
-0.00296
-0.00335
-0.00354
-0.00335
-0.00374
-0.00374
-0.00393
-0.00413
-0.00393
-0.00374
-0.00374
-0.00393
-0.00374
-0.00393
-0.00413
-0.00413
-0.00393
-0.00393
-0.00374
-0.00354
-0.00374
-0.00374
-0.00374
-0.00374
-0.00374
-0.00393
-0.00393
-0.00393
-0.00393
-0.00393
-0.00354
-0.00374
-0.00374
-0.00354
-0.00335
-0.00315
-0.00354
-0.00374
-0.00335
-0.00335
-0.00296
-0.00335
-0.00276
-0.00315
-0.00315
-0.00335
-0.00335
-0.00315
-0.00296
-0.00296
-0.00296
-0.00296
-0.00335
-0.00315
-0.00276
-0.00315
-0.00315
-0.00393
-0.00374
-0.00374
-0.00354
-0.00354
-0.00315
-0.00354
-0.00315
-0.00335
-0.00354
-0.00354
-0.00354
-0.00315
-0.00315
-0.00315
-0.00296
-0.00335
-0.00315
-0.00276
-0.00296
-0.00296
-0.00335
-0.00315
-0.00296
-0.00257
-0.00276
-0.00296
-0.00296
-0.00296
-0.00237
-0.00276
-0.00237
-0.00257
-0.00218
-0.00218
-0.00237
-0.00237
-0.00218
-0.00218
-0.00237
-0.00237
-0.00218
-0.00198
-0.00198
-0.00276
-0.00257
-0.00237
-0.00237
-0.00218
-0.00218
-0.00257
-0.00296
-0.00237
-0.00276
-0.00218
-0.00237
-0.00276
-0.00218
-0.00198
-0.00218
-0.00237
-0.00198
-0.00179
-0.00198
-0.00179
-0.00218
-0.00218
-0.00237
-0.00257
-0.00237
-0.00218
-0.00218
-0.00218
-0.00159
-0.00218
-0.00218
-0.00257
-0.0012
-0.00159
-0.00198
-0.00159
-0.00159
-0.00218
-0.00179
-0.00198
-0.00198
-0.00179
-0.00179
-0.00218
-0.00198
-0.00198
-0.00159
-0.00218
-0.00179
-0.00218
-0.00257
-0.00315
-0.00296
-0.00237
-0.00335
-0.00315
-0.00276
-0.00335
-0.00315
-0.00335
-0.00354
-0.00315
-0.00335
-0.00354
-0.00354
-0.00374
-0.00374
-0.00393
-0.00354
-0.00374
-0.00335
-0.00335
-0.00335
-0.00315
-0.00354
-0.00296
-0.00296
-0.00335
-0.00335
-0.00374
-0.00315
-0.00335
-0.00315
-0.00335
-0.00296
-0.00276
-0.00296
-0.00335
-0.00335
-0.00296
-0.00335
-0.00315
-0.00296
-0.00257
-0.00257
-0.00276
-0.00296
-0.00296
-0.00296
-0.00296
-0.00276
-0.00296
-0.00315
-0.00315
-0.00335
-0.00354
-0.00374
-0.00413
-0.00374
-0.00374
-0.00374
-0.00335
-0.00354
-0.00393
-0.00413
-0.00374
-0.00413
-0.00393
-0.00393
-0.00393
-0.00354
-0.00335
-0.00335
-0.00296
-0.00315
-0.00335
-0.00354
-0.00335
-0.00354
-0.00315
-0.00315
-0.00315
-0.00354
-0.00335
-0.00374
-0.00354
-0.00393
-0.00335
-0.00354
-0.00335
-0.00354
-0.00335
-0.00354
-0.00335
-0.00257
-0.00315
-0.00315
-0.00335
-0.00296
-0.00276
-0.00296
-0.00296
-0.00296
-0.00315
-0.00335
-0.00315
-0.00276
-0.00276
-0.00315
-0.00276
-0.00257
-0.00257
-0.00276
-0.00276
-0.00296
-0.00276
-0.00257
-0.00276
-0.00276
-0.00296
-0.00276
-0.00276
-0.00257
-0.00237
-0.00237
-0.00257
-0.00237
-0.00276
-0.00218
-0.00257
-0.00218
-0.00237
-0.00315
-0.00257
-0.00257
-0.00237
-0.00237
-0.00237
-0.00257
-0.00257
-0.00237
-0.00237
-0.00218
-0.00237
-0.00237
-0.00237
-0.00237
-0.00218
-0.00276
-0.00276
-0.00257
-0.00237
-0.00257
-0.00276
-0.00296
-0.00335
-0.00257
-0.00335
-0.00276
-0.00296
-0.00296
-0.00354
-0.00257
-0.00276
-0.00276
-0.00296
-0.00276
-0.00315
-0.00315
-0.00315
-0.00335
-0.00335
-0.00296
-0.00296
-0.00276
-0.00315
-0.00315
-0.00315
-0.00315
-0.00315
-0.00315
-0.00296
-0.00296
-0.00296
-0.00276
-0.00276
-0.00296
-0.00276
-0.00257
-0.00276
-0.00257
-0.00296
-0.00296
-0.00276
-0.00296
-0.00218
-0.00257
-0.00257
-0.00237
-0.00198
-0.00218
-0.00218
-0.00237
-0.00257
-0.00276
-0.00276
-0.00315
-0.00296
-0.00276
-0.00315
-0.00354
-0.00315
-0.00354
-0.00335
-0.00374
-0.00315
-0.00315
-0.00354
-0.00354
-0.00335
-0.00354
-0.00374
-0.00413
-0.00374
-0.00335
-0.00374
-0.00393
-0.00374
-0.00413
-0.00374
-0.00413
-0.00354
-0.00393
-0.00374
-0.00374
-0.00393
-0.00374
-0.00393
-0.00374
-0.00432
-0.00374
-0.00374
-0.00354
-0.00413
-0.00413
-0.00413
-0.00413
-0.00374
-0.00432
-0.00374
-0.00374
-0.00432
-0.00374
-0.00393
-0.00374
-0.00354
-0.00354
-0.00354
-0.00354
-0.00315
-0.00354
-0.00335
-0.00354
-0.00276
-0.00276
-0.00335
-0.00335
-0.00315
-0.00257
-0.00296
-0.00276
-0.00257
-0.00276
-0.00257
-0.00296
-0.00296
-0.00335
-0.00296
-0.00296
-0.00315
-0.00296
-0.00296
-0.00315
-0.00315
-0.00315
-0.00315
-0.00296
-0.00296
