-1.409000396800E+00

-0.00296
-0.00276
-0.00257
-0.00237
-0.00276
-0.00218
-0.00257
-0.00257
-0.00354
-0.00296
-0.00218
-0.00257
-0.00296
-0.00335
-0.00296
-0.00296
-0.00296
-0.00276
-0.00257
-0.00257
-0.00276
-0.00237
-0.00257
-0.00315
-0.00257
-0.00237
-0.00218
-0.00276
-0.00218
-0.00257
-0.00296
-0.00257
-0.00257
-0.00237
-0.00276
-0.00257
-0.00315
-0.00276
-0.00237
-0.00237
-0.00198
-0.00237
-0.00257
-0.00257
-0.00296
-0.00257
-0.00257
-0.00237
-0.00276
-0.00218
-0.00257
-0.00257
-0.00276
-0.00257
-0.00276
-0.00315
-0.00257
-0.00276
-0.00257
-0.00276
-0.00257
-0.00257
-0.00218
-0.00276
-0.00218
-0.00257
-0.00296
-0.00257
-0.00257
-0.00296
-0.00296
-0.00276
-0.00257
-0.00315
-0.00296
-0.00296
-0.00315
-0.00335
-0.00315
-0.00296
-0.00276
-0.00296
-0.00257
-0.00315
-0.00296
-0.00315
-0.00276
-0.00296
-0.00237
-0.00237
-0.00237
-0.00257
-0.00218
-0.00237
-0.00218
-0.00237
-0.00257
-0.00257
-0.00257
-0.00296
-0.00237
-0.00257
-0.00276
-0.00257
-0.00257
-0.00257
-0.00237
-0.00218
-0.00276
-0.00296
-0.00257
-0.00257
-0.00237
-0.00218
-0.00237
-0.00237
-0.00218
-0.00198
-0.00218
-0.00296
-0.00218
-0.00257
-0.00276
-0.00296
-0.00296
-0.00315
-0.00276
-0.00296
-0.00296
-0.00218
-0.00257
-0.00276
-0.00296
-0.00335
-0.00296
-0.00296
-0.00296
-0.00276
-0.00237
-0.00257
-0.00218
-0.00315
-0.00276
-0.00218
-0.00237
-0.00218
-0.00257
-0.00257
-0.00257
-0.00315
-0.00296
-0.00276
-0.00257
-0.00257
-0.00257
-0.00276
-0.00296
-0.00276
-0.00276
-0.00315
-0.00296
-0.00257
-0.00257
-0.00257
-0.00276
-0.00315
-0.00296
-0.00276
-0.00276
-0.00257
-0.00257
-0.00257
-0.00237
-0.00257
-0.00276
-0.00276
-0.00276
-0.00257
-0.00237
-0.00237
-0.00237
-0.00159
-0.00139
-0.00022
0.00114
0.00232
0.00349
0.00466
0.00603
0.0072
0.00837
0.00915
0.01032
0.01189
0.01325
0.01482
0.01657
0.01872
0.02009
0.02224
0.02321
0.02439
0.02556
0.02693
0.02771
0.02868
0.02946
0.03025
0.03103
0.03122
0.03239
0.03239
0.03259
0.03298
0.03298
0.03357
0.03318
0.03337
0.03376
0.03474
0.03571
0.03689
0.03904
0.0404
0.04314
0.0447
0.04724
0.04939
0.05173
0.05388
0.05622
0.05935
0.06169
0.06423
0.06657
0.06833
0.07048
0.07185
0.07341
0.07458
0.07556
0.07654
0.07732
0.07829
0.07888
0.07907
0.07966
0.07986
0.08025
0.08044
0.08044
0.08005
0.07986
0.07986
0.07946
0.07966
0.07868
0.07888
0.07868
0.07868
0.07829
0.0779
0.0779
0.07732
0.07693
0.07634
0.07614
0.07497
0.07478
0.07458
0.07439
0.0738
0.07282
0.07243
0.07165
0.07185
0.07126
0.07048
0.06931
0.06872
0.06794
0.06775
0.06696
0.06618
0.06521
0.06443
0.06364
0.06325
0.06228
0.06189
0.06111
0.06071
0.05935
0.05876
0.05837
0.05818
0.05739
0.05642
0.05583
0.05486
0.05427
0.0531
0.05251
0.05154
0.05114
0.05017
0.04958
0.04919
0.049
0.0488
0.04782
0.04704
0.04607
0.04587
0.04548
0.0447
0.04411
0.04314
0.04294
0.04275
0.04236
0.04157
0.04099
0.0404
0.04001
0.03962
0.03904
0.03884
0.03825
0.03747
0.03767
0.03728
0.03669
0.03611
0.03591
0.03513
0.03493
0.03435
0.03415
0.03376
0.03298
0.032
0.03181
0.03122
0.03122
0.03064
0.03025
0.03005
0.02966
0.02927
0.02927
0.02849
0.02849
0.02829
0.02751
0.02751
0.02693
0.02693
0.02654
0.02595
0.02556
0.02556
0.02536
0.02517
0.02419
0.0238
0.02361
0.02341
0.02321
0.02243
0.02243
0.02204
0.02146
0.02146
0.02107
0.02068
0.02068
0.02029
0.02048
0.01989
0.01931
0.01853
0.01892
0.01833
0.01814
0.01794
0.01736
0.01716
0.01716
0.01696
0.01618
0.01599
0.01638
0.01599
0.01618
0.0154
0.01521
0.01462
0.01482
0.01404
0.01482
0.01443
0.01443
0.01443
0.01384
0.01443
0.01364
0.01384
0.01384
0.01364
0.01345
0.01345
0.01306
0.01306
0.01306
0.01306
0.01286
0.01247
0.01247
0.01228
0.01247
0.01208
0.01169
0.0115
0.01189
0.0113
0.01111
0.01013
0.01091
0.01052
0.01071
0.01032
0.01032
0.00993
0.00974
0.00954
0.00954
0.00954
0.00974
0.00876
0.00857
0.00818
0.00837
0.00818
0.00779
0.00759
0.00739
0.007
0.00739
0.00739
0.0072
0.00661
0.00739
0.007
0.00681
0.00642
0.00622
0.00661
0.00681
0.00622
0.00642
0.00622
0.00603
0.00583
0.00544
0.00544
0.00544
0.00603
0.00583
0.00583
0.00505
0.00564
0.00564
0.00564
0.00525
0.00525
0.00505
0.00505
0.00525
0.00525
0.00525
0.00466
0.00446
0.00525
0.00446
0.00466
0.00486
0.00427
0.00427
0.00446
0.00407
0.00407
0.00427
0.00427
0.00427
0.00407
0.00388
0.00407
0.00368
0.00368
0.00388
0.00368
0.00349
0.0029
0.00349
0.00329
0.00329
0.00329
0.00349
0.0031
0.00329
0.00349
0.00349
0.00349
0.0031
0.0031
0.00329
0.0029
0.0031
0.0031
0.00271
0.00329
0.0031
0.0029
0.00251
0.0031
0.00271
0.00271
0.00271
0.00232
0.00212
0.00232
0.00232
0.00232
0.00193
0.00193
0.00173
0.00134
0.00154
0.00134
0.00114
0.00095
0.00134
0.00134
0.00134
0.00095
0.00095
0.00114
0.00114
0.00056
0.00056
-0.00022
-3e-05
0.00036
0.00056
-3e-05
-0.00022
-3e-05
0.00017
0.00017
0.00017
0.00036
0.00017
0.00017
-3e-05
-3e-05
0.00056
0.00056
0.00095
0.00075
0.00056
0.00017
0.00036
0.00036
0.00075
0.00036
0.00036
0.00036
0.00017
-3e-05
0.00036
-0.00022
-0.00022
0.00017
-0.00022
-0.00022
0.00017
-3e-05
-3e-05
-0.00022
-0.00061
-0.00042
-0.00081
-0.00042
-0.00061
-0.00042
-0.00042
-0.00042
-0.001
-0.0012
-0.0012
-0.00061
-0.001
-0.00159
-0.0012
-0.00139
-0.00139
-0.0012
-0.00179
-0.00159
-0.00179
-0.00179
-0.001
-0.0012
-0.001
-0.00139
-0.00139
-0.0012
-0.00081
-0.0012
-0.0012
-0.00061
-0.00081
-0.00081
-0.001
-0.001
-0.001
-0.0012
-0.001
-0.00081
-0.001
-0.00061
-0.00139
-0.0012
-0.0012
-0.0012
-0.001
-0.0012
-0.00159
-0.00159
-0.00139
-0.00159
-0.00081
-0.00081
-0.001
-0.0012
-0.001
-0.00139
-0.0012
-0.00139
-0.001
-0.00179
-0.00159
-0.00159
-0.00159
-0.00179
-0.00179
-0.00179
-0.00179
-0.00218
-0.00218
-0.00218
-0.00218
-0.00237
-0.00159
-0.00198
-0.00218
-0.00218
-0.00179
-0.00179
-0.00198
-0.00159
-0.00179
-0.00159
-0.00159
-0.00159
-0.00159
-0.00218
-0.00198
-0.00159
-0.00179
-0.00218
-0.00179
-0.00218
-0.00218
-0.00257
-0.00237
-0.00198
-0.00179
-0.00179
-0.00179
-0.00198
-0.00218
-0.00198
-0.00218
-0.00159
-0.00179
-0.00218
-0.00218
-0.00179
-0.00198
-0.00218
-0.00198
-0.00198
-0.00237
-0.00237
-0.00237
-0.00218
-0.00237
-0.00237
-0.00257
-0.00198
-0.00218
-0.00198
-0.00198
-0.00198
-0.00237
-0.00237
-0.00218
-0.00179
-0.00179
-0.00159
-0.00139
-0.00159
-0.001
-0.00139
-0.0012
-0.00159
-0.00139
-0.00139
-0.00139
-0.001
-0.00139
-0.00159
-0.00179
-0.00139
-0.00179
-0.00179
-0.00159
-0.00198
-0.00198
-0.00159
-0.00198
-0.00159
-0.00179
-0.00198
-0.00139
-0.00179
-0.00139
-0.0012
-0.00159
-0.00139
-0.00139
-0.00159
-0.00198
-0.00198
-0.00159
-0.00198
-0.00198
-0.00179
-0.00139
-0.00237
-0.00237
-0.00218
-0.00218
-0.00218
-0.00198
-0.00237
-0.00237
-0.00257
-0.00257
-0.00257
-0.00237
-0.00218
-0.00276
-0.00218
-0.00237
-0.00276
-0.00257
-0.00276
-0.00257
-0.00237
-0.00218
-0.00237
-0.00237
-0.00296
-0.00257
-0.00257
-0.00237
-0.00296
-0.00257
-0.00315
-0.00276
-0.00315
-0.00257
-0.00296
-0.00257
-0.00237
-0.00257
-0.00257
-0.00257
-0.00335
-0.00276
-0.00257
-0.00237
-0.00237
-0.00237
-0.00276
-0.00296
-0.00296
-0.00296
-0.00296
-0.00276
-0.00315
-0.00257
-0.00276
-0.00315
-0.00296
-0.00296
-0.00276
-0.00276
-0.00276
-0.00257
-0.00276
-0.00257
-0.00276
-0.00218
-0.00218
-0.00198
-0.00218
-0.00159
-0.00179
-0.00139
-0.00179
-0.00179
-0.00179
-0.00179
-0.00198
-0.00198
-0.00237
-0.00179
-0.00218
-0.00198
-0.00218
-0.00237
-0.00257
-0.00237
-0.00237
-0.00257
-0.00237
-0.00237
-0.00257
-0.00276
-0.00237
-0.00218
-0.00218
-0.00237
-0.00237
-0.00218
-0.00218
-0.00237
-0.00257
-0.00257
-0.00237
-0.00257
-0.00237
-0.00237
-0.00257
-0.00218
-0.00237
-0.00237
-0.00276
-0.00296
-0.00315
-0.00218
-0.00218
-0.00237
-0.00276
-0.00218
-0.00198
-0.00179
-0.00159
-0.00198
-0.00198
-0.00159
-0.00139
-0.001
-0.00081
-0.001
-0.00081
-0.0012
-0.0012
-0.0012
-0.00139
-0.00139
-0.00139
-0.0012
-0.00139
-0.0012
-0.001
-0.0012
-0.00061
-0.001
-0.0012
-0.00139
-0.001
-0.00081
-0.0012
-0.001
-0.00081
-0.00081
-0.0012
-0.00139
-0.00179
-0.00159
-0.00139
-0.00159
-0.00179
-0.00218
-0.00198
-0.00257
-0.00159
-0.00198
-0.00179
-0.00276
-0.00257
-0.00237
-0.00257
-0.00276
-0.00237
-0.00296
-0.00335
-0.00315
-0.00296
-0.00276
-0.00296
-0.00315
-0.00257
-0.00257
-0.00257
-0.00296
-0.00315
-0.00354
-0.00315
-0.00276
-0.00315
-0.00315
-0.00315
-0.00296
-0.00354
-0.00335
-0.00335
-0.00354
-0.00335
-0.00296
-0.00335
-0.00374
-0.00374
-0.00354
-0.00393
-0.00354
-0.00315
-0.00315
-0.00354
-0.00335
-0.00354
-0.00393
-0.00335
-0.00315
-0.00374
-0.00354
-0.00315
-0.00374
-0.00374
-0.00374
-0.00354
-0.00335
-0.00315
-0.00374
-0.00335
-0.00374
-0.00276
-0.00296
-0.00296
-0.00296
-0.00335
-0.00315
-0.00354
-0.00315
-0.00335
-0.00296
-0.00276
-0.00315
-0.00296
-0.00315
-0.00276
-0.00335
-0.00315
-0.00374
-0.00335
-0.00354
-0.00335
-0.00393
-0.00374
-0.00335
-0.00374
-0.00374
-0.00354
-0.00413
-0.00354
-0.00374
-0.00354
-0.00374
-0.00354
-0.00393
-0.00393
-0.00413
-0.00432
-0.00413
-0.00393
-0.00393
-0.00413
-0.00393
-0.00413
-0.00354
-0.00374
-0.00393
-0.00393
-0.00354
-0.00335
-0.00296
-0.00354
-0.00296
-0.00276
-0.00218
-0.00296
-0.00276
-0.00296
-0.00296
-0.00257
-0.00276
-0.00237
-0.00218
-0.00198
-0.00276
-0.00237
-0.00276
-0.00237
-0.00198
-0.00237
-0.00198
-0.00218
-0.00218
-0.00237
-0.00218
-0.00218
-0.00218
-0.00257
-0.00257
-0.00218
-0.00218
-0.00257
-0.00237
-0.00257
-0.00257
-0.00237
-0.00218
-0.00257
-0.00218
-0.00257
-0.00257
-0.00237
-0.00276
-0.00179
-0.00257
-0.00237
-0.00237
-0.00237
-0.00237
-0.00276
-0.00237
-0.00237
-0.00218
-0.00237
-0.00237
-0.00276
-0.00257
-0.00296
-0.00315
-0.00257
-0.00315
-0.00315
-0.00335
-0.00276
-0.00296
-0.00335
-0.00296
-0.00276
-0.00296
-0.00296
-0.00257
-0.00257
-0.00276
-0.00276
-0.00296
-0.00296
-0.00296
-0.00296
-0.00276
-0.00296
-0.00296
-0.00335
-0.00296
-0.00276
-0.00276
-0.00296
-0.00315
-0.00276
-0.00276
-0.00276
-0.00257
-0.00257
-0.00237
-0.00315
-0.00237
-0.00237
-0.00257
-0.00237
-0.00179
-0.00218
-0.00257
-0.00315
-0.00218
-0.00218
-0.00237
-0.00237
-0.00237
-0.00237
-0.00237
-0.00198
-0.00179
-0.00159
-0.00257
-0.00257
-0.00237
-0.00257
-0.00218
-0.00218
-0.00276
-0.00296
-0.00335
-0.00296
-0.00335
-0.00257
-0.00315
-0.00315
-0.00335
-0.00354
-0.00335
-0.00315
-0.00335
-0.00335
-0.00354
-0.00354
-0.00393
-0.00393
-0.00413
-0.00354
-0.00393
-0.00335
-0.00354
-0.00296
-0.00296
-0.00315
-0.00296
-0.00296
-0.00335
-0.00335
-0.00335
-0.00315
-0.00296
-0.00335
-0.00296
-0.00335
-0.00296
-0.00276
-0.00296
-0.00315
-0.00315
-0.00315
-0.00315
-0.00296
-0.00276
-0.00335
-0.00315
-0.00296
-0.00257
-0.00276
-0.00296
-0.00296
