-1.885000528000E+00

-0.00354
-0.00335
-0.00315
-0.00315
-0.00335
-0.00276
-0.00296
-0.00296
-0.00315
-0.00296
-0.00354
-0.00335
-0.00354
-0.00335
-0.00315
-0.00335
-0.00374
-0.00393
-0.00354
-0.00393
-0.00335
-0.00374
-0.00315
-0.00354
-0.00335
-0.00354
-0.00315
-0.00335
-0.00296
-0.00296
-0.00218
-0.00276
-0.00257
-0.00218
-0.00198
-0.00237
-0.00218
-0.00257
-0.00335
-0.00237
-0.00276
-0.00276
-0.00315
-0.00257
-0.00335
-0.00315
-0.00335
-0.00335
-0.00315
-0.00276
-0.00276
-0.00276
-0.00296
-0.00257
-0.00296
-0.00276
-0.00276
-0.00276
-0.00257
-0.00257
-0.00276
-0.00237
-0.00198
-0.00257
-0.00296
-0.00257
-0.00237
-0.00276
-0.00296
-0.00237
-0.00276
-0.00257
-0.00335
-0.00335
-0.00276
-0.00276
-0.00296
-0.00257
-0.00257
-0.00237
-0.00257
-0.00276
-0.00257
-0.00237
-0.00237
-0.00218
-0.00257
-0.00218
-0.00237
-0.00296
-0.00276
-0.00296
-0.00315
-0.00315
-0.00296
-0.00335
-0.00374
-0.00354
-0.00393
-0.00335
-0.00335
-0.00296
-0.00315
-0.00296
-0.00354
-0.00354
-0.00335
-0.00296
-0.00315
-0.00315
-0.00315
-0.00296
-0.00276
-0.00315
-0.00276
-0.00296
-0.00296
-0.00296
-0.00335
-0.00276
-0.00315
-0.00335
-0.00296
-0.00296
-0.00354
-0.00315
-0.00315
-0.00296
-0.00315
-0.00315
-0.00257
-0.00276
-0.00276
-0.00237
-0.00218
-0.00237
-0.00257
-0.00276
-0.00257
-0.00237
-0.00237
-0.00257
-0.00276
-0.00257
-0.00335
-0.00335
-0.00354
-0.00315
-0.00276
-0.00276
-0.00335
-0.00296
-0.00296
-0.00354
-0.00335
-0.00276
-0.00276
-0.00315
-0.00315
-0.00315
-0.00315
-0.00257
-0.00335
-0.00296
-0.00315
-0.00315
-0.00315
-0.00296
-0.00354
-0.00354
-0.00335
-0.00276
-0.00315
-0.00315
-0.00335
-0.00335
-0.00335
-0.00335
-0.00296
-0.00354
-0.00335
-0.00315
-0.00315
-0.00276
-0.00257
-0.00257
-0.00218
-0.001
-0.00042
0.00095
0.00212
0.0031
0.00427
0.00486
0.00622
0.00759
0.00818
0.00896
0.00954
0.01052
0.0113
0.01228
0.01306
0.01443
0.01599
0.01677
0.01853
0.02048
0.02185
0.02282
0.02439
0.02478
0.02634
0.02712
0.0281
0.02907
0.02927
0.03005
0.03122
0.0322
0.03279
0.03474
0.03571
0.03689
0.03864
0.04001
0.0406
0.04177
0.04255
0.04392
0.04548
0.04821
0.04978
0.05271
0.05505
0.05837
0.06091
0.06306
0.06579
0.06736
0.0697
0.07087
0.07263
0.0738
0.07439
0.07536
0.07634
0.07712
0.07771
0.0781
0.0781
0.07849
0.07868
0.07868
0.07946
0.07907
0.07888
0.07829
0.07849
0.07829
0.07771
0.07751
0.07712
0.07634
0.07575
0.07536
0.07478
0.0738
0.07361
0.07243
0.07204
0.07146
0.07107
0.07068
0.07009
0.06931
0.06814
0.06794
0.06677
0.06618
0.06521
0.06462
0.06404
0.06345
0.06247
0.06208
0.0613
0.06052
0.05974
0.05876
0.05818
0.0572
0.05661
0.05603
0.05544
0.05525
0.05407
0.0531
0.05232
0.05154
0.05095
0.04978
0.04978
0.049
0.04841
0.04743
0.04685
0.04607
0.04548
0.04489
0.0445
0.04353
0.04314
0.04255
0.04236
0.04177
0.04157
0.0404
0.03962
0.03923
0.03943
0.03864
0.03825
0.03767
0.03747
0.03728
0.03708
0.03611
0.03571
0.03513
0.03474
0.03415
0.03337
0.03279
0.03279
0.03259
0.032
0.03161
0.03083
0.03005
0.02966
0.03025
0.02927
0.02888
0.02868
0.02868
0.0279
0.0279
0.02712
0.02693
0.02712
0.02693
0.02634
0.02556
0.02517
0.02478
0.02497
0.02439
0.02439
0.0238
0.02302
0.02282
0.02243
0.02224
0.02185
0.02107
0.02107
0.02087
0.02107
0.02087
0.02107
0.02029
0.02048
0.0197
0.02009
0.01931
0.0197
0.0195
0.01931
0.01853
0.01833
0.01814
0.01814
0.01736
0.01716
0.01716
0.01716
0.01677
0.01677
0.01677
0.01618
0.01579
0.0156
0.01521
0.0156
0.0154
0.01501
0.01501
0.01521
0.01443
0.01443
0.01443
0.01423
0.01364
0.01345
0.01345
0.01364
0.01267
0.01247
0.01228
0.01208
0.01169
0.0115
0.0115
0.01189
0.01111
0.01052
0.01052
0.01032
0.01052
0.01013
0.01052
0.00993
0.01013
0.00993
0.00974
0.00954
0.00935
0.00954
0.00896
0.00896
0.00935
0.00915
0.00915
0.00896
0.00876
0.00857
0.00896
0.00857
0.00857
0.00798
0.00818
0.00779
0.00818
0.00818
0.00798
0.00779
0.00759
0.00759
0.00759
0.00759
0.00759
0.007
0.00739
0.00661
0.00661
0.00622
0.00622
0.00642
0.00583
0.00544
0.00603
0.00525
0.00525
0.00525
0.00564
0.00525
0.00486
0.00466
0.00427
0.00427
0.00446
0.00427
0.00427
0.00427
0.00388
0.00388
0.00349
0.00388
0.00388
0.0031
0.00388
0.00349
0.00349
0.00368
0.00349
0.00329
0.00349
0.00271
0.00271
0.00251
0.00271
0.0029
0.00271
0.00251
0.0031
0.0029
0.0029
0.0031
0.00251
0.0029
0.0029
0.00271
0.00251
0.00251
0.00271
0.00271
0.00271
0.00251
0.00271
0.00251
0.00232
0.00193
0.00232
0.00193
0.00193
0.00193
0.00154
0.00154
0.00173
0.00114
0.00154
0.00075
0.00114
0.00075
0.00095
0.00114
0.00056
0.00056
0.00056
0.00036
0.00075
0.00017
0.00075
0.00036
0.00036
0.00036
0.00075
0.00095
0.00075
0.00075
0.00036
0.00036
0.00017
-3e-05
0.00017
0.00056
0.00075
0.00036
0.00075
0.00036
0.00056
0.00036
0.00056
0.00056
0.00056
0.00017
0.00056
0.00017
0.00017
-3e-05
0.00036
-0.00042
-0.00022
-0.00042
-0.00042
-0.00061
-0.00081
-0.0012
-0.00081
-0.00061
-0.00061
-0.00081
-0.00081
-0.00139
-0.001
-0.00159
-0.00139
-0.00042
-0.00139
-0.00081
-0.00022
-0.001
-0.00081
-0.00081
-0.00061
-0.001
-0.00061
-0.00042
-0.00022
-0.00081
-0.001
-0.00042
-0.00061
-0.00061
-0.00022
-0.00042
-0.00022
-0.00042
-0.00042
-0.00061
-0.00081
-0.00061
-0.00042
-0.00042
-0.00061
-0.00022
-0.00061
-0.00042
-0.00042
-0.00061
-0.00061
-0.00061
-0.00061
-0.00061
-0.00022
-0.00042
-0.001
-0.001
-0.00139
-0.0012
-0.00179
-0.00159
-0.00198
-0.00198
-0.00237
-0.00198
-0.00198
-0.00179
-0.00179
-0.00218
-0.00198
-0.00198
-0.00179
-0.00179
-0.00198
-0.00179
-0.00218
-0.00179
-0.00159
-0.00179
-0.00198
-0.00179
-0.00179
-0.00159
-0.0012
-0.00139
-0.00198
-0.00198
-0.0012
-0.0012
-0.001
-0.00139
-0.00179
-0.00198
-0.00139
-0.00159
-0.00159
-0.00139
-0.00139
-0.00139
-0.00159
-0.00159
-0.00159
-0.0012
-0.0012
-0.00139
-0.001
-0.0012
-0.00159
-0.00139
-0.00139
-0.00198
-0.00237
-0.00218
-0.00198
-0.00198
-0.00218
-0.00198
-0.00237
-0.00237
-0.00276
-0.00296
-0.00257
-0.00257
-0.00218
-0.00198
-0.00198
-0.00218
-0.00179
-0.00179
-0.00198
-0.00237
-0.00179
-0.00179
-0.00179
-0.00179
-0.00159
-0.00159
-0.00159
-0.00159
-0.00218
-0.00159
-0.00139
-0.00218
-0.00198
-0.00218
-0.00218
-0.00179
-0.00179
-0.00218
-0.00198
-0.00237
-0.00198
-0.00218
-0.00198
-0.00218
-0.00237
-0.00198
-0.00198
-0.00257
-0.00276
-0.00296
-0.00276
-0.00237
-0.00296
-0.00296
-0.00296
-0.00335
-0.00296
-0.00354
-0.00335
-0.00296
-0.00315
-0.00315
-0.00296
-0.00315
-0.00354
-0.00354
-0.00276
-0.00257
-0.00276
-0.00315
-0.00257
-0.00276
-0.00296
-0.00276
-0.00237
-0.00257
-0.00257
-0.00237
-0.00276
-0.00237
-0.00218
-0.00218
-0.00257
-0.00198
-0.00159
-0.00218
-0.00218
-0.00198
-0.00237
-0.00198
-0.00257
-0.00237
-0.00257
-0.00218
-0.00237
-0.00257
-0.00198
-0.00218
-0.00179
-0.00218
-0.00218
-0.00218
-0.00257
-0.00276
-0.00218
-0.00276
-0.00257
-0.00276
-0.00276
-0.00296
-0.00276
-0.00296
-0.00257
-0.00257
-0.00296
-0.00276
-0.00237
-0.00296
-0.00276
-0.00276
-0.00276
-0.00276
-0.00315
-0.00315
-0.00296
-0.00276
-0.00276
-0.00257
-0.00276
-0.00296
-0.00237
-0.00276
-0.00198
-0.00218
-0.00237
-0.00237
-0.00276
-0.00276
-0.00257
-0.00276
-0.00237
-0.00198
-0.00237
-0.00237
-0.00237
-0.00257
-0.00237
-0.00179
-0.00198
-0.00257
-0.00237
-0.00257
-0.00218
-0.00257
-0.00237
-0.00257
-0.00296
-0.00257
-0.00276
-0.00296
-0.00276
-0.00296
-0.00257
-0.00296
-0.00198
-0.00257
-0.00257
-0.00276
-0.00296
-0.00296
-0.00315
-0.00315
-0.00335
-0.00315
-0.00315
-0.00354
-0.00354
-0.00354
-0.00315
-0.00296
-0.00198
-0.00276
-0.00296
-0.00276
-0.00296
-0.00296
-0.00296
-0.00296
-0.00315
-0.00296
-0.00276
-0.00296
-0.00257
-0.00257
-0.00296
-0.00315
-0.00257
-0.00315
-0.00315
-0.00335
-0.00296
-0.00276
-0.00296
-0.00296
-0.00315
-0.00335
-0.00296
-0.00354
-0.00374
-0.00335
-0.00335
-0.00354
-0.00354
-0.00374
-0.00354
-0.00354
-0.00374
-0.00315
-0.00315
-0.00335
-0.00315
-0.00335
-0.00315
-0.00296
-0.00296
-0.00296
-0.00296
-0.00296
-0.00257
-0.00218
-0.00218
-0.00237
-0.00257
-0.00218
-0.00237
-0.00276
-0.00276
-0.00257
-0.00198
-0.00218
-0.00315
-0.00257
-0.00257
-0.00237
-0.00237
-0.00218
-0.00257
-0.00237
-0.00237
-0.00276
-0.00257
-0.00276
-0.00257
-0.00237
-0.00257
-0.00276
-0.00296
-0.00315
-0.00257
-0.00296
-0.00315
-0.00315
-0.00296
-0.00354
-0.00296
-0.00335
-0.00276
-0.00335
-0.00315
-0.00335
-0.00335
-0.00296
-0.00315
-0.00296
-0.00335
-0.00335
-0.00315
-0.00276
-0.00257
-0.00257
-0.00237
-0.00276
-0.00257
-0.00257
-0.00237
-0.00218
-0.00257
-0.00237
-0.00276
-0.00315
-0.00296
-0.00296
-0.00257
-0.00276
-0.00237
-0.00296
-0.00257
-0.00276
-0.00257
-0.00315
-0.00296
-0.00296
-0.00276
-0.00296
-0.00296
-0.00335
-0.00296
-0.00335
-0.00296
-0.00315
-0.00315
-0.00296
-0.00315
-0.00315
-0.00354
-0.00315
-0.00335
-0.00296
-0.00335
-0.00335
-0.00354
-0.00296
-0.00335
-0.00296
-0.00257
-0.00257
-0.00257
-0.00296
-0.00237
-0.00218
-0.00257
-0.00257
-0.00257
-0.00257
-0.00257
-0.00296
-0.00257
-0.00296
-0.00276
-0.00257
-0.00276
-0.00296
-0.00257
-0.00296
-0.00315
-0.00335
-0.00335
-0.00276
-0.00276
-0.00257
-0.00257
-0.00296
-0.00257
-0.00296
-0.00296
-0.00335
-0.00276
-0.00296
-0.00335
-0.00335
-0.00335
-0.00335
-0.00335
-0.00335
-0.00354
-0.00335
-0.00374
-0.00374
-0.00393
-0.00393
-0.00452
-0.00374
-0.00374
-0.00374
-0.00393
-0.00393
-0.00374
-0.00354
-0.00354
-0.00296
-0.00315
-0.00276
-0.00276
-0.00315
-0.00315
-0.00276
-0.00296
-0.00276
-0.00276
-0.00296
-0.00296
-0.00296
-0.00257
-0.00237
-0.00237
-0.00257
-0.00198
-0.00237
-0.00218
-0.00237
-0.00296
-0.00257
-0.00257
-0.00296
-0.00237
-0.00315
-0.00276
-0.00315
-0.00296
-0.00218
-0.00276
-0.00296
-0.00315
-0.00276
-0.00335
-0.00335
-0.00354
-0.00315
-0.00354
-0.00374
-0.00354
-0.00335
-0.00374
-0.00413
-0.00354
-0.00335
-0.00315
-0.00354
-0.00315
-0.00374
-0.00296
-0.00374
-0.00315
-0.00354
-0.00315
-0.00276
-0.00296
-0.00296
-0.00296
-0.00315
-0.00296
-0.00315
-0.00296
-0.00276
-0.00296
-0.00296
-0.00276
-0.00257
-0.00257
-0.00276
-0.00276
-0.00276
-0.00257
-0.00257
-0.00237
-0.00296
-0.00276
-0.00276
-0.00237
-0.00276
-0.00276
-0.00296
-0.00276
-0.00276
-0.00257
-0.00257
-0.00257
-0.00237
-0.00276
-0.00296
-0.00276
-0.00296
-0.00296
-0.00354
-0.00335
-0.00393
-0.00335
-0.00354
-0.00335
-0.00374
-0.00354
-0.00335
-0.00354
-0.00374
-0.00354
-0.00354
-0.00315
-0.00296
-0.00276
-0.00315
-0.00315
-0.00276
-0.00315
-0.00296
-0.00257
-0.00296
-0.00315
-0.00276
-0.00315
-0.00276
-0.00296
-0.00296
-0.00315
-0.00296
-0.00276
-0.00296
-0.00335
-0.00335
-0.00374
-0.00315
-0.00354
-0.00335
-0.00354
-0.00276
-0.00315
-0.00296
-0.00296
-0.00335
-0.00296
-0.00335
-0.00276
-0.00354
-0.00374
-0.00413
-0.00374
-0.00335
-0.00374
