-2.060000576000E-01

-0.00198
-0.00218
-0.00139
-0.00179
-0.00159
-0.00159
-0.00179
-0.00237
-0.00179
-0.00237
-0.00179
-0.00218
-0.00198
-0.00159
-0.00218
-0.00218
-0.00198
-0.00198
-0.00237
-0.00179
-0.00159
-0.00198
-0.00218
-0.00237
-0.00179
-0.00198
-0.00198
-0.00218
-0.00198
-0.00179
-0.00179
-0.00237
-0.00198
-0.00218
-0.00159
-0.00218
-0.00198
-0.00198
-0.00237
-0.00218
-0.00237
-0.00198
-0.00198
-0.00237
-0.00218
-0.00198
-0.00198
-0.00237
-0.00237
-0.00218
-0.00257
-0.00218
-0.00218
-0.00198
-0.00237
-0.00218
-0.00198
-0.00179
-0.00218
-0.00218
-0.00218
-0.00159
-0.00179
-0.00179
-0.00179
-0.00198
-0.00159
-0.00198
-0.00198
-0.00179
-0.00198
-0.00276
-0.00179
-0.00198
-0.00179
-0.00198
-0.00218
-0.00159
-0.00237
-0.00237
-0.00257
-0.00296
-0.00237
-0.00276
-0.00276
-0.00237
-0.00257
-0.00296
-0.00276
-0.00276
-0.00257
-0.00296
-0.00296
-0.00276
-0.00257
-0.00276
-0.00315
-0.00296
-0.00276
-0.00315
-0.00276
-0.00296
-0.00296
-0.00276
-0.00276
-0.00296
-0.00296
-0.00315
-0.00296
-0.00276
-0.00276
-0.00296
-0.00296
-0.00335
-0.00257
-0.00276
-0.00257
-0.00276
-0.00257
-0.00296
-0.00276
-0.00257
-0.00296
-0.00315
-0.00315
-0.00296
-0.00257
-0.00218
-0.00257
-0.00257
-0.00218
-0.00237
-0.00218
-0.00218
-0.00179
-0.00179
-0.00257
-0.00198
-0.00218
-0.00237
-0.00198
-0.00198
-0.00179
-0.00198
-0.00198
-0.00179
-0.00218
-0.00218
-0.00218
-0.00198
-0.00218
-0.00198
-0.00218
-0.00198
-0.00237
-0.00198
-0.00276
-0.00237
-0.00218
-0.00218
-0.00179
-0.00218
-0.00257
-0.00237
-0.00218
-0.00257
-0.00276
-0.00257
-0.00237
-0.00276
-0.00237
-0.00257
-0.00257
-0.00257
-0.00218
-0.00237
-0.00198
-0.00218
-0.00237
-0.00237
-0.00218
-0.00198
-0.00218
-0.00198
-0.00237
-0.00198
-0.00237
-0.00276
-0.00276
-0.00257
-0.00276
-0.00257
-0.00296
-0.00237
-0.0012
-0.00081
0.00017
0.00173
0.0029
0.00388
0.00525
0.00642
0.00739
0.00837
0.00954
0.01052
0.01111
0.01169
0.01208
0.01247
0.01306
0.01384
0.01462
0.0156
0.01677
0.01872
0.02087
0.02361
0.02712
0.03064
0.03396
0.03767
0.04079
0.04411
0.04724
0.04978
0.05212
0.05388
0.05603
0.05818
0.06052
0.06247
0.06482
0.06716
0.06911
0.07087
0.07243
0.074
0.07556
0.07634
0.0779
0.07927
0.07966
0.07986
0.08142
0.08142
0.082
0.08161
0.082
0.08239
0.0822
0.08259
0.08239
0.08239
0.0822
0.08181
0.08142
0.08142
0.08025
0.08005
0.07927
0.07829
0.07829
0.07751
0.07634
0.07595
0.07536
0.07419
0.074
0.07321
0.07224
0.07165
0.07087
0.06989
0.06911
0.06833
0.06775
0.06696
0.06638
0.0654
0.06501
0.06423
0.06325
0.06247
0.06169
0.0613
0.06032
0.05935
0.05857
0.05798
0.057
0.05642
0.05564
0.05544
0.05446
0.05349
0.0529
0.05212
0.05154
0.05114
0.05056
0.04958
0.04861
0.04821
0.04802
0.04685
0.04626
0.04568
0.04509
0.04392
0.04411
0.04353
0.04294
0.04275
0.04177
0.04177
0.04138
0.04099
0.0406
0.03943
0.03982
0.03923
0.03864
0.03825
0.03806
0.03728
0.03669
0.03611
0.03571
0.03571
0.03454
0.03435
0.03376
0.03337
0.03318
0.03239
0.0322
0.03161
0.03142
0.03083
0.03044
0.02966
0.02986
0.02927
0.02907
0.02888
0.02849
0.0281
0.0279
0.02712
0.02693
0.02673
0.02654
0.02673
0.02575
0.02536
0.02536
0.02439
0.02478
0.02361
0.024
0.02321
0.0238
0.02341
0.02263
0.02204
0.02204
0.02204
0.02243
0.02224
0.02126
0.02068
0.02068
0.02068
0.02087
0.02048
0.02009
0.0195
0.01892
0.01892
0.01853
0.01853
0.01853
0.01814
0.01814
0.01736
0.01736
0.01696
0.01657
0.01677
0.01677
0.01638
0.01599
0.01579
0.01521
0.01521
0.01482
0.01501
0.01443
0.01404
0.01345
0.01364
0.01325
0.01345
0.01306
0.01306
0.01247
0.01228
0.01189
0.01247
0.01228
0.01228
0.01208
0.01169
0.0115
0.0113
0.0115
0.0113
0.01111
0.01111
0.01091
0.01071
0.01052
0.01013
0.01052
0.01032
0.01032
0.01013
0.00993
0.00935
0.00915
0.00915
0.00935
0.00915
0.00935
0.00896
0.00857
0.00857
0.00876
0.00837
0.00837
0.00837
0.00857
0.00818
0.00818
0.00798
0.00798
0.00798
0.00798
0.00798
0.00779
0.00759
0.00739
0.0072
0.007
0.007
0.0072
0.00642
0.00622
0.00622
0.00603
0.00603
0.00583
0.00583
0.00583
0.00583
0.00622
0.00583
0.00564
0.00564
0.00525
0.00544
0.00505
0.00525
0.00505
0.00505
0.00505
0.00525
0.00486
0.00466
0.00505
0.00486
0.00446
0.00446
0.00446
0.00427
0.00427
0.00427
0.00407
0.00388
0.00427
0.00388
0.0031
0.00349
0.00329
0.0031
0.00349
0.0029
0.00329
0.0031
0.0029
0.0029
0.0031
0.0029
0.0029
0.0031
0.0031
0.00212
0.00232
0.00212
0.00232
0.00251
0.00232
0.00271
0.0029
0.0031
0.0029
0.0029
0.00251
0.00271
0.00193
0.00212
0.00251
0.00232
0.00232
0.00232
0.00232
0.00232
0.00232
0.00232
0.00251
0.00251
0.00212
0.00193
0.00154
0.00173
0.00173
0.00212
0.00154
0.00134
0.00134
0.00134
0.00193
0.00154
0.00134
0.00134
0.00114
0.00173
0.00173
0.00095
0.00134
0.00114
0.00134
0.00075
0.00095
0.00017
0.00095
0.00075
0.00056
0.00017
0.00056
0.00056
0.00036
0.00056
0.00036
0.00036
0.00036
0.00075
0.00075
0.00056
0.00036
0.00017
0.00075
0.00056
0.00075
-3e-05
0.00017
-0.00022
0.00036
-0.00022
-0.00042
-3e-05
-3e-05
-0.00022
-3e-05
-3e-05
-0.00022
-0.00022
-0.00042
-0.00042
-0.00022
-0.00022
-0.00022
-0.00022
-3e-05
-0.00042
-3e-05
0.00017
0.00036
0.00017
-0.00022
-0.00061
-0.00022
-0.00042
-0.00022
-0.00061
-0.00042
-0.00022
-0.00022
-0.00042
-0.00022
-0.00061
-0.00042
-0.001
-0.00081
-0.001
-0.00081
-0.00081
-0.00081
-0.00022
-0.00042
-0.00061
-0.00061
-0.00081
-0.00022
-0.00061
-0.00042
-0.00061
-0.00061
-0.00022
-0.00042
-0.00022
-0.00042
-0.00022
-0.00042
-0.00061
-0.0012
-0.00081
-0.001
-0.00042
-0.00022
-0.00042
-0.00042
-0.00081
-0.00061
-0.001
-0.00081
-0.001
-0.0012
-0.001
-0.0012
-0.0012
-0.0012
-0.0012
-0.00139
-0.00159
-0.0012
-0.00139
-0.00139
-0.00179
-0.00159
-0.00139
-0.0012
-0.00159
-0.00179
-0.00198
-0.00179
-0.00198
-0.00139
-0.00159
-0.00179
-0.00237
-0.00237
-0.00198
-0.00159
-0.00159
-0.00159
-0.00159
-0.00139
-0.0012
-0.00081
-0.0012
-0.00139
-0.00139
-0.0012
-0.00139
-0.001
-0.00159
-0.0012
-0.0012
-0.001
-0.00159
-0.001
-0.001
-0.0012
-0.00061
-0.00139
-0.0012
-0.00159
-0.00159
-0.00179
-0.00139
-0.0012
-0.00198
-0.00139
-0.00179
-0.00159
-0.001
-0.00159
-0.0012
-0.00139
-0.00198
-0.00159
-0.00198
-0.00179
-0.00237
-0.00218
-0.00218
-0.00179
-0.00237
-0.00198
-0.00257
-0.00237
-0.00296
-0.00237
-0.00198
-0.00218
-0.00139
-0.00159
-0.00159
-0.00139
-0.00139
-0.001
-0.0012
-0.0012
-0.00159
-0.0012
-0.00159
-0.00198
-0.00179
-0.00159
-0.00139
-0.00159
-0.00218
-0.00179
-0.00179
-0.00159
-0.00198
-0.00179
-0.00159
-0.00179
-0.00139
-0.00179
-0.00218
-0.00179
-0.00198
-0.00159
-0.00198
-0.00159
-0.00179
-0.00139
-0.00179
-0.00198
-0.00198
-0.00198
-0.00159
-0.00179
-0.00198
-0.00179
-0.00179
-0.00179
-0.00159
-0.00218
-0.00179
-0.00179
-0.00159
-0.00179
-0.00198
-0.00198
-0.00218
-0.00198
-0.00139
-0.00139
-0.00198
-0.00139
-0.00198
-0.00139
-0.00218
-0.00159
-0.00179
-0.00139
-0.00198
-0.00179
-0.00159
-0.00179
-0.00218
-0.00179
-0.00159
-0.00198
-0.00198
-0.00139
-0.00198
-0.00237
-0.00237
-0.00237
-0.00198
-0.00179
-0.00218
-0.00198
-0.00179
-0.00237
-0.00198
-0.00218
-0.00257
-0.00237
-0.00237
-0.00257
-0.00257
-0.00218
-0.00237
-0.00218
-0.00198
-0.00179
-0.00218
-0.00257
-0.00218
-0.00257
-0.00237
-0.00276
-0.00237
-0.00218
-0.00237
-0.00218
-0.00218
-0.00198
-0.00198
-0.00198
-0.00179
-0.00179
-0.00218
-0.00159
-0.00139
-0.00179
-0.00218
-0.00159
-0.00179
-0.00159
-0.00198
-0.00218
-0.00198
-0.00198
-0.00179
-0.00179
-0.00198
-0.00139
-0.00179
-0.00179
-0.00139
-0.00179
-0.00198
-0.00159
-0.00198
-0.00179
-0.00198
-0.00179
-0.00198
-0.00198
-0.00218
-0.00218
-0.00218
-0.00237
-0.00257
-0.00179
-0.00257
-0.00237
-0.00237
-0.00218
-0.00198
-0.00237
-0.00237
-0.00218
-0.00237
-0.00218
-0.00296
-0.00218
-0.00237
-0.00237
-0.00218
-0.00237
-0.00276
-0.00237
-0.00257
-0.00276
-0.00218
-0.00218
-0.00218
-0.00218
-0.00218
-0.00276
-0.00237
-0.00257
-0.00237
-0.00237
-0.00218
-0.00237
-0.00218
-0.00237
-0.00237
-0.00218
-0.00257
-0.00237
-0.00198
-0.0012
-0.00218
-0.00218
-0.00257
-0.00218
-0.00218
-0.00257
-0.00257
-0.00257
-0.00257
-0.00179
-0.00198
-0.00218
-0.00198
-0.00198
-0.00257
-0.00237
-0.00237
-0.00218
-0.00237
-0.00218
-0.00218
-0.00257
-0.00296
-0.00257
-0.00218
-0.00218
-0.00237
-0.00198
-0.00237
-0.00198
-0.00218
-0.00218
-0.00257
-0.00198
-0.00237
-0.00198
-0.00198
-0.00179
-0.00198
-0.00218
-0.00198
-0.00237
-0.00237
-0.00257
-0.00218
-0.00198
-0.00218
-0.00257
-0.00276
-0.00218
-0.00218
-0.00218
-0.00218
-0.00257
-0.00237
-0.00257
-0.00218
-0.00218
-0.00237
-0.00237
-0.00237
-0.00237
-0.00257
-0.00257
-0.00296
-0.00296
-0.00257
-0.00237
-0.00257
-0.00237
-0.00237
-0.00218
-0.00218
-0.00198
-0.00218
-0.00296
-0.00237
-0.00257
-0.00237
-0.00218
-0.00218
-0.00237
-0.00218
-0.00276
-0.00179
-0.00179
-0.00218
-0.00179
-0.00179
-0.00159
-0.00198
-0.00218
-0.00139
-0.00159
-0.00159
-0.00139
-0.00218
-0.00198
-0.00218
-0.00159
-0.00159
-0.00179
-0.00218
-0.00179
-0.00159
-0.00159
-0.00218
-0.00257
-0.00237
-0.00237
-0.00218
-0.00198
-0.00179
-0.00198
-0.00237
-0.00198
-0.00198
-0.00218
-0.00218
-0.00179
-0.00179
-0.00218
-0.00198
-0.00218
-0.00218
-0.00179
-0.00237
-0.00218
-0.00257
-0.00257
-0.00257
-0.00257
-0.00218
-0.00237
-0.00218
-0.00237
-0.00198
-0.00218
-0.00218
-0.00218
-0.00218
-0.00179
-0.00198
-0.00198
-0.00179
-0.00179
-0.00159
-0.00218
-0.00198
-0.00179
-0.00198
-0.00179
-0.00179
-0.00237
-0.00296
-0.00218
-0.00237
-0.00237
-0.00237
-0.00237
-0.00257
-0.00237
-0.00198
-0.00257
-0.00257
-0.00257
-0.00257
-0.00257
-0.00218
-0.00237
-0.00198
-0.00237
-0.00179
-0.00237
-0.00218
-0.00198
-0.00198
-0.00218
-0.00237
-0.00257
-0.00218
-0.00237
-0.00179
-0.00237
-0.00218
-0.00218
-0.00276
-0.00257
-0.00218
-0.00257
-0.00198
-0.00218
-0.00257
-0.00218
-0.00276
-0.00218
-0.00198
-0.00218
-0.00296
-0.00198
-0.00218
-0.00179
-0.00198
-0.00237
-0.00257
-0.00257
-0.00237
-0.00218
-0.00257
-0.00296
-0.00315
-0.00257
-0.00276
-0.00257
-0.00237
-0.00276
-0.00296
-0.00276
-0.00315
-0.00315
-0.00296
-0.00296
-0.00315
-0.00276
-0.00276
-0.00257
-0.00296
-0.00276
-0.00296
-0.00296
-0.00276
-0.00257
-0.00276
-0.00257
-0.00257
-0.00257
-0.00257
-0.00198
-0.00218
-0.00218
-0.00257
-0.00218
-0.00296
-0.00257
-0.00237
-0.00257
-0.00218
-0.00257
-0.00198
-0.00218
-0.00198
-0.00198
-0.00198
-0.00139
-0.00198
-0.00159
-0.00179
-0.00179
-0.00198
-0.00198
-0.00237
-0.00237
-0.00218
-0.00218
-0.00237
-0.00198
-0.00237
-0.00237
-0.00257
-0.00218
-0.00198
-0.00237
-0.00257
-0.00237
-0.00218
-0.00198
-0.00218
-0.00237
-0.00198
-0.00237
-0.00218
-0.00237
-0.00218
-0.00237
-0.00237
-0.00218
-0.00237
