-1.547000435200E+00

-0.00296
-0.00315
-0.00296
-0.00315
-0.00296
-0.00296
-0.00315
-0.00335
-0.00276
-0.00335
-0.00315
-0.00296
-0.00315
-0.00315
-0.00315
-0.00354
-0.00374
-0.00393
-0.00374
-0.00374
-0.00354
-0.00374
-0.00374
-0.00354
-0.00393
-0.00354
-0.00354
-0.00335
-0.00335
-0.00374
-0.00374
-0.00315
-0.00315
-0.00296
-0.00296
-0.00315
-0.00315
-0.00296
-0.00315
-0.00296
-0.00315
-0.00296
-0.00296
-0.00276
-0.00315
-0.00276
-0.00335
-0.00257
-0.00315
-0.00296
-0.00276
-0.00296
-0.00276
-0.00276
-0.00296
-0.00296
-0.00237
-0.00237
-0.00276
-0.00296
-0.00296
-0.00315
-0.00276
-0.00296
-0.00315
-0.00315
-0.00335
-0.00354
-0.00335
-0.00335
-0.00354
-0.00335
-0.00354
-0.00335
-0.00315
-0.00335
-0.00335
-0.00335
-0.00374
-0.00335
-0.00296
-0.00296
-0.00276
-0.00315
-0.00315
-0.00296
-0.00296
-0.00237
-0.00237
-0.00276
-0.00276
-0.00296
-0.00237
-0.00296
-0.00296
-0.00276
-0.00257
-0.00257
-0.00237
-0.00218
-0.00257
-0.00257
-0.00257
-0.00237
-0.00237
-0.00198
-0.00159
-0.00179
-0.00159
-0.00179
-0.00198
-0.00198
-0.00218
-0.00198
-0.00179
-0.00198
-0.00276
-0.00237
-0.00218
-0.00218
-0.00237
-0.00237
-0.00218
-0.00276
-0.00257
-0.00296
-0.00218
-0.00237
-0.00237
-0.00257
-0.00198
-0.00159
-0.00179
-0.00198
-0.00218
-0.00237
-0.00198
-0.00218
-0.00218
-0.00218
-0.00198
-0.00198
-0.00218
-0.00218
-0.00218
-0.00218
-0.00218
-0.00237
-0.00218
-0.00237
-0.00276
-0.00237
-0.00257
-0.00237
-0.00257
-0.00276
-0.00257
-0.00276
-0.00257
-0.00218
-0.00218
-0.00237
-0.00237
-0.00257
-0.00276
-0.00315
-0.00335
-0.00257
-0.00315
-0.00276
-0.00296
-0.00335
-0.00354
-0.00374
-0.00315
-0.00335
-0.00335
-0.00315
-0.00315
-0.00335
-0.00335
-0.00315
-0.00315
-0.00335
-0.00296
-0.00276
-0.00296
-0.00315
-0.00257
-0.00257
-0.00315
-0.00276
-0.00257
-0.00257
-0.00198
-0.001
0.00017
0.00075
0.00193
0.0031
0.00486
0.00564
0.007
0.00798
0.00857
0.00935
0.01013
0.01091
0.01111
0.01169
0.01267
0.01267
0.01325
0.01345
0.01404
0.01423
0.01384
0.01423
0.01482
0.01501
0.01462
0.01482
0.0156
0.01501
0.0156
0.01501
0.01501
0.01579
0.01618
0.01696
0.01814
0.01931
0.02009
0.02146
0.02243
0.024
0.02458
0.02536
0.02634
0.02673
0.02732
0.0279
0.02849
0.02868
0.02888
0.02907
0.02946
0.02986
0.03005
0.03005
0.02986
0.03044
0.03044
0.03044
0.03083
0.03044
0.03025
0.03025
0.03005
0.03025
0.03025
0.03025
0.03005
0.02966
0.02966
0.02966
0.02946
0.02927
0.02868
0.0281
0.0279
0.0281
0.02732
0.02712
0.02693
0.02654
0.02614
0.02556
0.02517
0.02478
0.024
0.02439
0.024
0.0238
0.02361
0.02302
0.02302
0.02224
0.02243
0.02204
0.02185
0.02146
0.02126
0.02087
0.02048
0.02009
0.0195
0.0197
0.01931
0.01872
0.01872
0.01833
0.01814
0.01794
0.01755
0.01696
0.01755
0.01657
0.01716
0.01618
0.01638
0.01579
0.0156
0.0156
0.0156
0.01501
0.01462
0.01501
0.01384
0.01443
0.01404
0.01345
0.01384
0.01325
0.01345
0.01286
0.01247
0.01267
0.01247
0.01286
0.01267
0.01228
0.01189
0.01189
0.01169
0.01111
0.01071
0.01071
0.01071
0.01052
0.01091
0.01071
0.01091
0.01013
0.00974
0.00974
0.00974
0.00935
0.00974
0.00915
0.00896
0.00857
0.00837
0.00818
0.00837
0.00779
0.00798
0.00779
0.00739
0.00759
0.007
0.007
0.0072
0.0072
0.0072
0.00642
0.00661
0.00603
0.00622
0.00583
0.00603
0.00564
0.00583
0.00544
0.00564
0.00544
0.00505
0.00486
0.00486
0.00466
0.00446
0.00446
0.00407
0.00466
0.00466
0.00486
0.00486
0.00486
0.00407
0.00427
0.00446
0.00407
0.00446
0.00407
0.00427
0.00407
0.00427
0.00388
0.00427
0.00388
0.00368
0.00329
0.00329
0.0029
0.00349
0.0031
0.00329
0.0029
0.00349
0.00349
0.00349
0.00329
0.0031
0.00329
0.0031
0.00271
0.00329
0.0031
0.0029
0.00271
0.00271
0.00271
0.00193
0.00251
0.00251
0.00271
0.00251
0.00232
0.00232
0.00232
0.00232
0.00212
0.00212
0.00232
0.00232
0.00271
0.00232
0.00271
0.00232
0.00232
0.00212
0.00212
0.00251
0.00193
0.00232
0.00212
0.00193
0.00193
0.00193
0.00193
0.00173
0.00173
0.00193
0.00173
0.00193
0.00193
0.00193
0.00193
0.00154
0.00134
0.00154
0.00095
0.00095
0.00114
0.00114
0.00134
0.00134
0.00134
0.00114
0.00075
0.00075
0.00095
0.00095
0.00075
0.00056
0.00075
0.00036
0.00075
0.00075
0.00056
0.00095
0.00075
0.00075
0.00056
0.00075
0.00075
0.00036
-0.00022
0.00036
-0.00042
0.00017
-0.00022
-3e-05
-0.00022
-0.00042
-0.00022
-0.00022
-0.00042
-0.00022
-3e-05
-0.00042
-0.00081
-0.00022
-3e-05
-0.00022
-0.00022
-0.00061
-0.001
-0.00081
-0.00061
-0.00081
-0.001
-0.00061
-0.00061
-0.00061
-0.0012
-0.00081
-0.00061
-3e-05
-3e-05
-0.00061
-0.00081
-0.00042
-0.00061
-0.00042
-0.001
-0.001
-0.001
-0.00081
-0.0012
-0.00081
-0.001
-0.00081
-0.00081
-0.00042
-0.00061
-0.00042
-0.00081
-0.00081
-0.00061
-0.0012
-0.001
-0.00081
-0.0012
-0.00159
-0.00139
-0.00159
-0.00159
-0.00237
-0.00218
-0.00198
-0.00198
-0.00237
-0.00276
-0.00237
-0.00257
-0.00237
-0.00296
-0.00296
-0.00296
-0.00276
-0.00296
-0.00315
-0.00315
-0.00335
-0.00335
-0.00315
-0.00315
-0.00354
-0.00354
-0.00354
-0.00335
-0.00315
-0.00335
-0.00354
-0.00374
-0.00354
-0.00296
-0.00296
-0.00315
-0.00276
-0.00315
-0.00296
-0.00315
-0.00276
-0.00257
-0.00218
-0.00276
-0.00257
-0.00237
-0.00276
-0.00237
-0.00237
-0.00218
-0.00198
-0.00218
-0.00218
-0.00237
-0.00218
-0.00218
-0.00237
-0.00218
-0.00159
-0.00139
-0.00139
-0.00179
-0.0012
-0.001
-0.00139
-0.0012
-0.001
-0.0012
-0.0012
-0.00159
-0.00139
-0.0012
-0.0012
-0.0012
-0.00081
-0.001
-0.00042
-0.001
-0.001
-0.00139
-0.00139
-0.00159
-0.0012
-0.00081
-0.0012
-0.0012
-0.00159
-0.00179
-0.00139
-0.00139
-0.0012
-0.00139
-0.00139
-0.00139
-0.001
-0.00159
-0.00159
-0.00139
-0.00159
-0.00198
-0.00179
-0.00159
-0.00179
-0.00159
-0.00139
-0.00159
-0.00159
-0.00179
-0.00179
-0.00159
-0.00179
-0.0012
-0.00179
-0.00159
-0.0012
-0.00179
-0.00179
-0.00179
-0.00198
-0.00179
-0.00139
-0.00159
-0.00179
-0.00179
-0.00218
-0.00159
-0.00218
-0.00179
-0.00179
-0.00179
-0.00139
-0.00179
-0.00179
-0.00218
-0.00198
-0.00198
-0.00218
-0.00198
-0.00218
-0.00218
-0.00237
-0.00237
-0.00296
-0.00315
-0.00276
-0.00296
-0.00257
-0.00296
-0.00296
-0.00315
-0.00315
-0.00354
-0.00354
-0.00374
-0.00335
-0.00374
-0.00393
-0.00354
-0.00374
-0.00354
-0.00354
-0.00393
-0.00374
-0.00413
-0.00374
-0.00374
-0.00491
-0.00432
-0.00452
-0.00432
-0.00393
-0.00393
-0.00374
-0.00432
-0.00452
-0.00393
-0.00413
-0.00452
-0.00374
-0.00432
-0.00393
-0.00393
-0.00393
-0.00335
-0.00335
-0.00315
-0.00315
-0.00335
-0.00315
-0.00335
-0.00335
-0.00315
-0.00315
-0.00335
-0.00296
-0.00276
-0.00296
-0.00296
-0.00296
-0.00276
-0.00237
-0.00237
-0.00237
-0.00276
-0.00296
-0.00237
-0.00218
-0.00257
-0.00257
-0.00296
-0.00257
-0.00218
-0.00218
-0.00276
-0.00237
-0.00237
-0.00198
-0.00276
-0.00257
-0.00237
-0.00257
-0.00237
-0.00198
-0.00198
-0.00237
-0.00237
-0.00179
-0.00198
-0.00198
-0.00218
-0.00198
-0.00179
-0.00237
-0.00198
-0.00218
-0.00218
-0.00237
-0.00237
-0.00276
-0.00276
-0.00257
-0.00237
-0.00276
-0.00257
-0.00237
-0.00257
-0.00257
-0.00237
-0.00276
-0.00276
-0.00198
-0.00198
-0.00179
-0.00198
-0.00218
-0.00198
-0.00237
-0.00198
-0.00237
-0.00218
-0.00237
-0.00237
-0.00198
-0.00179
-0.00179
-0.00218
-0.00159
-0.00159
-0.00159
-0.0012
-0.00198
-0.00159
-0.00179
-0.00159
-0.00159
-0.00159
-0.00179
-0.00159
-0.00139
-0.0012
-0.00139
-0.00159
-0.00159
-0.00179
-0.00159
-0.00198
-0.00218
-0.00218
-0.00237
-0.00257
-0.00257
-0.00257
-0.00237
-0.00257
-0.00276
-0.00218
-0.00276
-0.00276
-0.00257
-0.00257
-0.00257
-0.00257
-0.00276
-0.00257
-0.00296
-0.00296
-0.00296
-0.00315
-0.00257
-0.00335
-0.00354
-0.00335
-0.00335
-0.00296
-0.00335
-0.00374
-0.00374
-0.00374
-0.00374
-0.00354
-0.00374
-0.00413
-0.00413
-0.00354
-0.00335
-0.00393
-0.00354
-0.00354
-0.00296
-0.00315
-0.00276
-0.00296
-0.00276
-0.00315
-0.00276
-0.00335
-0.00276
-0.00315
-0.00335
-0.00315
-0.00315
-0.00296
-0.00276
-0.00315
-0.00315
-0.00315
-0.00276
-0.00296
-0.00296
-0.00237
-0.00257
-0.00257
-0.00276
-0.00296
-0.00296
-0.00296
-0.00237
-0.00257
-0.00257
-0.00237
-0.00237
-0.00237
-0.00257
-0.00296
-0.00257
-0.00257
-0.00276
-0.00276
-0.00257
-0.00237
-0.00276
-0.00276
-0.00218
-0.00257
-0.00315
-0.00218
-0.00237
-0.00257
-0.00237
-0.00257
-0.00257
-0.00198
-0.00218
-0.00198
-0.00237
-0.00237
-0.00218
-0.00218
-0.00237
-0.00276
-0.00276
-0.00276
-0.00257
-0.00315
-0.00276
-0.00257
-0.00257
-0.00257
-0.00296
-0.00315
-0.00315
-0.00276
-0.00276
-0.00257
-0.00276
-0.00315
-0.00276
-0.00276
-0.00257
-0.00276
-0.00237
-0.00257
-0.00198
-0.00198
-0.00179
-0.00237
-0.00237
-0.00237
-0.00218
-0.00237
-0.00237
-0.00237
-0.00218
-0.00237
-0.00198
-0.00237
-0.00179
-0.00179
-0.00159
-0.00218
-0.00218
-0.00198
-0.00159
-0.00218
-0.00179
-0.00179
-0.00179
-0.00159
-0.00139
-0.00139
-0.0012
-0.00198
-0.00139
-0.00159
-0.00179
-0.00179
-0.00218
-0.00218
-0.00237
-0.00218
-0.00257
-0.00218
-0.00237
-0.00257
-0.00315
-0.00276
-0.00257
-0.00276
-0.00257
-0.00276
-0.00276
-0.00276
-0.00296
-0.00257
-0.00276
-0.00296
-0.00276
-0.00276
-0.00276
-0.00276
-0.00315
-0.00315
-0.00315
-0.00296
-0.00276
-0.00296
-0.00315
-0.00335
-0.00296
-0.00296
-0.00315
-0.00335
-0.00335
-0.00296
-0.00257
-0.00296
-0.00276
-0.00296
-0.00296
-0.00276
-0.00257
-0.00276
-0.00276
-0.00296
-0.00335
-0.00296
-0.00276
-0.00315
-0.00335
-0.00315
-0.00315
-0.00315
-0.00315
-0.00296
-0.00354
-0.00354
-0.00315
-0.00296
-0.00315
-0.00296
-0.00296
-0.00276
-0.00315
-0.00335
-0.00315
-0.00315
-0.00296
-0.00315
-0.00296
-0.00354
-0.00335
-0.00374
-0.00296
-0.00335
-0.00315
-0.00354
-0.00335
-0.00276
-0.00315
-0.00315
-0.00315
-0.00315
-0.00354
-0.00374
-0.00354
-0.00354
-0.00335
-0.00315
-0.00335
-0.00335
-0.00276
-0.00315
-0.00296
-0.00296
-0.00354
-0.00296
-0.00354
-0.00315
-0.00335
-0.00354
-0.00354
-0.00296
-0.00335
-0.00296
-0.00335
-0.00315
-0.00315
-0.00335
-0.00335
-0.00335
-0.00315
-0.00335
-0.00296
-0.00276
-0.00276
-0.00237
-0.00257
-0.00257
-0.00218
-0.00198
-0.00159
-0.00218
-0.00198
-0.00237
-0.00237
-0.00198
-0.00159
-0.00257
-0.00257
-0.00237
-0.00237
-0.00198
-0.00179
-0.0012
-0.00139
-0.00198
-0.00179
-0.00198
-0.00218
-0.00218
-0.00198
-0.00198
-0.00179
-0.00218
-0.00198
-0.00198
-0.00218
-0.00237
-0.00198
-0.00179
-0.00159
-0.00179
-0.00159
-0.00218
-0.00218
-0.00198
-0.00218
-0.00218
-0.00179
-0.00179
-0.00139
-0.00198
-0.00179
-0.00237
-0.00159
-0.00139
-0.00139
-0.00179
-0.00139
-0.00198
-0.00179
-0.00198
-0.00218
-0.00218
-0.00198
-0.00159
-0.00159
-0.00179
-0.00179
-0.00218
-0.00198
-0.00198
-0.00237
-0.00237
-0.00257
-0.00276
-0.00257
-0.00296
-0.00276
-0.00296
-0.00335
-0.00296
-0.00276
-0.00257
-0.00257
-0.00237
-0.00276
-0.00237
-0.00237
-0.00218
-0.00237
-0.00257
-0.00276
-0.00276
-0.00257
-0.00276
