-4.880001376000E-01

-0.00159
-0.00139
-0.00159
-0.00139
-0.00139
-0.00159
-0.00139
-0.0012
-0.0012
-0.00159
-0.00179
-0.00198
-0.00179
-0.00159
-0.00179
-0.00218
-0.00237
-0.00198
-0.00257
-0.00179
-0.00237
-0.00218
-0.00218
-0.00218
-0.00198
-0.00237
-0.00276
-0.00179
-0.00218
-0.00218
-0.00198
-0.00198
-0.00198
-0.00218
-0.00198
-0.00237
-0.00198
-0.00198
-0.00179
-0.00218
-0.00179
-0.00198
-0.00198
-0.00159
-0.00179
-0.00179
-0.00179
-0.00159
-0.00139
-0.00198
-0.00139
-0.00179
-0.00159
-0.00139
-0.00179
-0.00139
-0.00139
-0.00159
-0.00159
-0.0012
-0.00159
-0.00198
-0.00198
-0.00218
-0.00237
-0.00218
-0.00237
-0.00218
-0.00276
-0.00276
-0.00276
-0.00257
-0.00218
-0.00237
-0.00237
-0.00237
-0.00257
-0.00257
-0.00257
-0.00218
-0.00218
-0.00198
-0.00179
-0.00218
-0.00237
-0.00179
-0.00179
-0.00179
-0.00159
-0.00218
-0.00179
-0.001
-0.0012
-0.00139
-0.00179
-0.00139
-0.00139
-0.0012
-0.00159
-0.00159
-0.00179
-0.00159
-0.001
-0.00159
-0.00159
-0.00139
-0.00159
-0.00159
-0.00159
-0.00159
-0.00159
-0.00139
-0.00179
-0.00237
-0.00198
-0.00218
-0.00198
-0.00237
-0.00237
-0.00257
-0.00237
-0.00237
-0.00257
-0.00237
-0.00257
-0.00218
-0.00257
-0.00198
-0.00198
-0.00218
-0.00218
-0.00179
-0.00237
-0.00237
-0.00218
-0.00198
-0.00257
-0.00237
-0.00237
-0.00218
-0.00218
-0.00218
-0.00218
-0.00237
-0.00218
-0.00218
-0.00237
-0.00237
-0.00218
-0.00179
-0.00159
-0.00179
-0.00159
-0.00198
-0.00198
-0.00198
-0.00179
-0.00237
-0.00218
-0.00159
-0.00179
-0.00198
-0.00198
-0.00237
-0.00179
-0.00198
-0.00218
-0.00198
-0.00179
-0.00159
-0.00198
-0.00237
-0.00257
-0.00218
-0.00198
-0.00198
-0.00198
-0.00198
-0.00198
-0.00218
-0.00198
-0.00257
-0.00237
-0.00159
-0.00276
-0.00276
-0.00237
-0.00179
-0.00179
-0.00159
-0.00179
-0.00159
-0.00159
-0.00159
-0.00179
-0.00159
-0.001
-0.00042
0.00095
0.00154
0.0029
0.00349
0.00466
0.00622
0.0072
0.00876
0.00954
0.00974
0.01032
0.01071
0.01189
0.01228
0.01325
0.01423
0.01482
0.01599
0.01677
0.01853
0.02107
0.02361
0.02595
0.02868
0.03083
0.03318
0.03493
0.03708
0.03864
0.04001
0.04196
0.04333
0.04529
0.04626
0.04763
0.04861
0.04997
0.05075
0.05173
0.05271
0.05407
0.05583
0.057
0.05857
0.05993
0.0613
0.06306
0.06423
0.06482
0.06638
0.06638
0.06716
0.06794
0.06833
0.06872
0.06911
0.06931
0.06931
0.0695
0.0695
0.0697
0.06931
0.06911
0.06872
0.06853
0.06833
0.06775
0.06716
0.06677
0.06657
0.06579
0.06521
0.06443
0.06423
0.06345
0.06286
0.06208
0.0613
0.06071
0.06032
0.05954
0.05876
0.05818
0.05739
0.05661
0.05583
0.05525
0.05466
0.05427
0.05349
0.05271
0.05154
0.05173
0.05075
0.05056
0.04958
0.04919
0.0488
0.04821
0.04704
0.04626
0.04568
0.04548
0.0445
0.04411
0.04333
0.04314
0.04294
0.04196
0.04157
0.04138
0.04079
0.04021
0.03982
0.03923
0.03923
0.03864
0.03806
0.03786
0.03728
0.03728
0.03669
0.0363
0.03552
0.03552
0.03493
0.03415
0.03415
0.03357
0.03318
0.03239
0.03239
0.032
0.03161
0.03103
0.03025
0.03064
0.02986
0.02966
0.02907
0.02829
0.02829
0.02751
0.02732
0.02693
0.02693
0.02614
0.02614
0.02536
0.02556
0.02536
0.02439
0.02419
0.02361
0.02341
0.024
0.02282
0.02263
0.02243
0.02185
0.02185
0.02126
0.02068
0.02048
0.02068
0.02009
0.0197
0.0195
0.0195
0.0197
0.01892
0.01872
0.01814
0.01833
0.01814
0.01736
0.01755
0.01716
0.01657
0.01618
0.01618
0.01638
0.01618
0.01599
0.01599
0.0156
0.01521
0.0154
0.01521
0.0154
0.0156
0.0154
0.01521
0.01501
0.01501
0.01501
0.01443
0.01443
0.01404
0.01404
0.01384
0.01384
0.01384
0.01364
0.01325
0.01325
0.01247
0.01228
0.01247
0.01228
0.01189
0.01189
0.0115
0.01169
0.0113
0.0113
0.0115
0.0113
0.01111
0.01071
0.01032
0.01032
0.01052
0.01032
0.01032
0.00974
0.00915
0.00896
0.00876
0.00935
0.00896
0.00896
0.00857
0.00876
0.00837
0.00857
0.00857
0.00837
0.00818
0.00798
0.00798
0.00779
0.00779
0.00779
0.00739
0.00759
0.00739
0.0072
0.00739
0.0072
0.00681
0.00642
0.00603
0.00681
0.00603
0.00622
0.00642
0.00583
0.00583
0.00564
0.00583
0.00544
0.00564
0.00544
0.00564
0.00544
0.00603
0.00525
0.00544
0.00486
0.00486
0.00486
0.00525
0.00466
0.00486
0.00446
0.00427
0.00427
0.00388
0.00407
0.00368
0.00427
0.00407
0.00407
0.00349
0.00388
0.00388
0.00427
0.00407
0.00407
0.00388
0.00388
0.00349
0.00349
0.00388
0.00388
0.00388
0.00388
0.00368
0.00368
0.00349
0.00349
0.00329
0.00349
0.00349
0.0029
0.0029
0.00329
0.0029
0.0031
0.00271
0.0029
0.0029
0.00251
0.00251
0.00232
0.00232
0.00212
0.00193
0.00232
0.00212
0.00154
0.00154
0.00154
0.00154
0.00173
0.00193
0.00193
0.00173
0.00173
0.00095
0.00075
0.00056
0.00114
0.00114
0.00134
0.00095
0.00075
0.00095
0.00154
0.00114
0.00114
0.00173
0.00134
0.00154
0.00154
0.00154
0.00114
0.00075
0.00095
0.00056
0.00095
0.00095
0.00095
0.00075
0.00036
0.00095
0.00075
0.00095
0.00075
0.00056
0.00056
0.00056
-0.00022
0.00017
0.00017
0.00056
-3e-05
0.00036
0.00017
0.00017
-3e-05
-0.00042
-3e-05
-3e-05
-3e-05
-3e-05
-3e-05
-3e-05
-0.00022
0.00056
0.00036
-3e-05
0.00017
-3e-05
-0.00022
0.00036
0.00036
0.00036
-3e-05
-3e-05
-0.00022
-0.00042
-3e-05
-0.00061
0.00017
-3e-05
0.00017
-0.00022
-3e-05
-3e-05
-3e-05
-0.00022
-0.00022
-0.00022
-0.00042
-0.00061
-0.00061
-0.00081
-0.00061
-0.00022
-0.00081
-0.00081
-0.0012
-0.001
-0.0012
-0.00081
-0.0012
-0.001
-0.001
-0.00139
-0.00139
-0.001
-0.00139
-0.00139
-0.001
-0.001
-0.001
-0.0012
-0.00139
-0.0012
-0.001
-0.0012
-0.00081
-0.001
-0.0012
-0.00081
-0.001
-0.001
-0.001
-0.00159
-0.0012
-0.001
-0.0012
-0.0012
-0.0012
-0.00081
-0.0012
-0.00159
-0.00179
-0.001
-0.00139
-0.001
-0.00139
-0.0012
-0.001
-0.0012
-0.0012
-0.00159
-0.00159
-0.00198
-0.00218
-0.00139
-0.00139
-0.0012
-0.00139
-0.001
-0.00139
-0.001
-0.001
-0.00081
-0.00139
-0.00139
-0.0012
-0.001
-0.0012
-0.00081
-0.00081
-0.00081
-0.001
-0.001
-0.00179
-0.00139
-0.00179
-0.00179
-0.00139
-0.00139
-0.00179
-0.00198
-0.00198
-0.00179
-0.00198
-0.00179
-0.00159
-0.00159
-0.00159
-0.0012
-0.00198
-0.00218
-0.00159
-0.00159
-0.00159
-0.00139
-0.00159
-0.00139
-0.00139
-0.00139
-0.00139
-0.0012
-0.00139
-0.00179
-0.00139
-0.00081
-0.0012
-0.001
-0.001
-0.0012
-0.00139
-0.0012
-0.0012
-0.00081
-0.001
-0.001
-0.0012
-0.0012
-0.0012
-0.00139
-0.00139
-0.00139
-0.00139
-0.00139
-0.00159
-0.00179
-0.00159
-0.00179
-0.00179
-0.00198
-0.00218
-0.00218
-0.00276
-0.00257
-0.00237
-0.00237
-0.00237
-0.00218
-0.00257
-0.00237
-0.00237
-0.00237
-0.00257
-0.00276
-0.00237
-0.00237
-0.00218
-0.00218
-0.00237
-0.00198
-0.00257
-0.00218
-0.00218
-0.00257
-0.00218
-0.00198
-0.00237
-0.00218
-0.00198
-0.00198
-0.00159
-0.00179
-0.00198
-0.00218
-0.00198
-0.00198
-0.00237
-0.00198
-0.00198
-0.00218
-0.00198
-0.00179
-0.00139
-0.00179
-0.00159
-0.00179
-0.00159
-0.00159
-0.00159
-0.00218
-0.00159
-0.00159
-0.00139
-0.0012
-0.00179
-0.00159
-0.00179
-0.00139
-0.0012
-0.0012
-0.00139
-0.001
-0.00081
-0.00081
-0.00159
-0.00159
-0.001
-0.0012
-0.00061
-0.00139
-0.0012
-0.00179
-0.00179
-0.001
-0.00139
-0.00159
-0.00159
-0.00159
-0.00179
-0.00139
-0.00159
-0.00179
-0.00159
-0.00159
-0.00159
-0.00159
-0.00198
-0.00159
-0.00179
-0.00159
-0.00159
-0.00179
-0.00198
-0.00159
-0.00179
-0.00159
-0.00218
-0.00237
-0.00257
-0.00257
-0.00218
-0.00257
-0.00218
-0.00218
-0.00179
-0.00198
-0.00237
-0.00237
-0.00218
-0.00218
-0.00198
-0.00218
-0.00179
-0.00218
-0.00198
-0.00198
-0.00139
-0.00159
-0.00179
-0.00179
-0.00139
-0.00179
-0.00179
-0.00218
-0.00237
-0.00159
-0.00159
-0.00198
-0.00218
-0.00179
-0.00218
-0.00179
-0.00237
-0.00218
-0.00237
-0.00179
-0.00198
-0.00179
-0.00179
-0.00257
-0.00179
-0.00179
-0.00159
-0.00218
-0.00198
-0.00179
-0.00218
-0.00237
-0.00198
-0.00218
-0.00198
-0.00179
-0.00198
-0.00218
-0.00198
-0.00179
-0.00198
-0.00218
-0.00159
-0.00198
-0.00139
-0.00198
-0.00237
-0.00218
-0.00179
-0.00139
-0.00198
-0.00159
-0.00198
-0.00179
-0.00198
-0.00159
-0.00179
-0.00257
-0.00198
-0.00237
-0.00218
-0.00179
-0.00198
-0.00159
-0.00237
-0.00198
-0.00276
-0.00237
-0.00198
-0.00218
-0.00218
-0.00179
-0.00179
-0.00179
-0.00179
-0.00179
-0.00198
-0.00276
-0.00218
-0.00198
-0.00218
-0.00198
-0.00218
-0.00218
-0.00198
-0.00198
-0.00237
-0.00257
-0.00198
-0.00218
-0.00257
-0.00257
-0.00237
-0.00237
-0.00218
-0.00218
-0.00218
-0.00198
-0.00257
-0.00257
-0.00257
-0.00218
-0.00237
-0.00218
-0.00198
-0.00179
-0.00218
-0.00218
-0.00198
-0.00237
-0.00257
-0.00237
-0.00218
-0.00237
-0.00198
-0.00198
-0.00159
-0.00198
-0.00237
-0.00179
-0.00179
-0.00179
-0.00179
-0.00179
-0.00198
-0.0012
-0.00198
-0.00198
-0.00218
-0.00159
-0.00218
-0.00198
-0.00218
-0.00218
-0.00198
-0.00218
-0.00257
-0.00237
-0.00237
-0.00237
-0.00237
-0.00237
-0.00257
-0.00257
-0.00257
-0.00257
-0.00276
-0.00257
-0.00257
-0.00257
-0.00276
-0.00237
-0.00218
-0.00237
-0.00237
-0.00237
-0.00218
-0.00237
-0.00237
-0.00218
-0.00179
-0.00198
-0.00198
-0.00198
-0.00139
-0.00159
-0.00198
-0.00198
-0.00179
-0.00237
-0.00218
-0.00218
-0.00179
-0.00218
-0.00198
-0.00218
-0.00198
-0.00139
-0.00179
-0.00139
-0.00159
-0.00179
-0.00198
-0.00257
-0.00179
-0.00218
-0.00218
-0.00237
-0.00179
-0.00179
-0.00159
-0.00218
-0.00218
-0.00198
-0.00198
-0.00139
-0.00218
-0.00218
-0.00237
-0.00198
-0.00198
-0.00237
-0.00218
-0.00179
-0.00198
-0.00179
-0.00159
-0.00198
-0.00179
-0.00179
-0.00159
-0.0012
-0.00179
-0.00139
-0.00218
-0.00218
-0.00179
-0.00198
-0.00198
-0.00198
-0.00198
-0.00159
-0.00237
-0.00179
-0.00198
-0.00179
-0.00237
-0.00218
-0.00237
-0.00257
-0.00237
-0.00257
-0.00257
-0.00218
-0.00257
-0.00179
-0.00218
-0.00237
-0.00237
-0.00257
-0.00218
-0.00237
-0.00198
-0.00198
-0.00257
-0.00198
-0.00257
-0.00218
-0.00276
-0.00257
-0.00218
-0.00237
-0.00218
-0.00237
-0.00198
-0.00218
-0.00237
-0.00237
-0.00237
-0.00218
-0.00218
-0.00218
-0.00159
-0.00159
-0.00179
-0.00218
-0.00218
-0.00198
-0.00198
-0.00179
-0.00179
-0.00179
-0.00198
-0.00179
-0.00218
-0.00179
-0.00159
-0.00159
-0.00198
-0.00159
-0.00198
-0.00198
-0.00198
-0.00198
-0.00198
-0.00257
-0.00237
-0.00257
-0.00218
-0.00198
-0.00218
-0.00237
-0.00296
-0.00257
-0.00257
-0.00218
-0.00218
-0.00237
-0.00218
-0.00237
-0.00276
-0.00257
-0.00237
-0.00237
-0.00218
-0.00257
-0.00257
-0.00237
-0.00276
-0.00257
-0.00198
-0.00198
-0.00198
-0.00198
-0.00198
-0.00218
-0.00198
-0.00218
-0.00179
-0.00218
-0.00198
-0.00159
-0.00159
-0.00179
-0.00198
-0.00139
-0.00159
-0.00159
-0.00159
-0.00159
-0.00159
-0.00159
-0.0012
-0.001
-0.0012
-0.00139
-0.00139
-0.00139
-0.00139
-0.00179
-0.00218
-0.00198
-0.00179
-0.00218
-0.00179
-0.00159
-0.00218
-0.00179
-0.00198
