-1.363000384000E+00

-0.00257
-0.00296
-0.00315
-0.00315
-0.00257
-0.00296
-0.00237
-0.00276
-0.00257
-0.00257
-0.00276
-0.00257
-0.00257
-0.00257
-0.00237
-0.00257
-0.00218
-0.00218
-0.00179
-0.00218
-0.00237
-0.00257
-0.00257
-0.00237
-0.00276
-0.00257
-0.00237
-0.00237
-0.00257
-0.00276
-0.00257
-0.00276
-0.00257
-0.00237
-0.00257
-0.00257
-0.00237
-0.00257
-0.00237
-0.00237
-0.00257
-0.00296
-0.00237
-0.00257
-0.00296
-0.00335
-0.00335
-0.00296
-0.00276
-0.00296
-0.00276
-0.00315
-0.00257
-0.00296
-0.00296
-0.00296
-0.00296
-0.00335
-0.00257
-0.00276
-0.00237
-0.00315
-0.00315
-0.00276
-0.00296
-0.00257
-0.00257
-0.00237
-0.00257
-0.00315
-0.00296
-0.00257
-0.00296
-0.00335
-0.00257
-0.00315
-0.00315
-0.00315
-0.00335
-0.00393
-0.00354
-0.00315
-0.00296
-0.00276
-0.00315
-0.00296
-0.00276
-0.00296
-0.00296
-0.00276
-0.00198
-0.00257
-0.00257
-0.00276
-0.00257
-0.00237
-0.00237
-0.00276
-0.00276
-0.00257
-0.00218
-0.00257
-0.00218
-0.00237
-0.00237
-0.00257
-0.00218
-0.00218
-0.00198
-0.00218
-0.00218
-0.00218
-0.00276
-0.00237
-0.00257
-0.00159
-0.00218
-0.00315
-0.00276
-0.00237
-0.00237
-0.00218
-0.00198
-0.00276
-0.00257
-0.00315
-0.00276
-0.00237
-0.00296
-0.00237
-0.00237
-0.00218
-0.00257
-0.00276
-0.00315
-0.00257
-0.00276
-0.00276
-0.00276
-0.00257
-0.00257
-0.00276
-0.00276
-0.00237
-0.00335
-0.00296
-0.00315
-0.00315
-0.00335
-0.00315
-0.00354
-0.00354
-0.00354
-0.00335
-0.00374
-0.00335
-0.00315
-0.00296
-0.00315
-0.00276
-0.00257
-0.00296
-0.00296
-0.00315
-0.00276
-0.00296
-0.00276
-0.00237
-0.00237
-0.00276
-0.00276
-0.00276
-0.00296
-0.00296
-0.00257
-0.00276
-0.00276
-0.00296
-0.00257
-0.00237
-0.00276
-0.00296
-0.00218
-0.00296
-0.00257
-0.00257
-0.00218
-0.00257
-0.00296
-0.00257
-0.00218
-0.001
-0.00022
0.00075
0.00173
0.00329
0.00446
0.00525
0.00603
0.007
0.00818
0.00915
0.01032
0.01169
0.01306
0.01482
0.01696
0.01833
0.02107
0.02302
0.02693
0.03005
0.03454
0.03884
0.04333
0.04685
0.05075
0.05466
0.05857
0.06286
0.06696
0.07126
0.07575
0.08005
0.08376
0.08825
0.09157
0.09568
0.099
0.10193
0.10447
0.1074
0.10974
0.1111
0.11364
0.1154
0.11638
0.11794
0.1195
0.12048
0.12087
0.12146
0.12204
0.12263
0.12224
0.12224
0.12263
0.12282
0.12302
0.12224
0.12282
0.12224
0.12204
0.12165
0.12146
0.12068
0.12029
0.12009
0.11911
0.11833
0.11794
0.11677
0.1156
0.11521
0.11403
0.11306
0.11208
0.1111
0.11032
0.10915
0.10837
0.10681
0.10564
0.10466
0.10447
0.1029
0.10232
0.10075
0.09939
0.0988
0.09763
0.09626
0.09509
0.09353
0.09255
0.09118
0.09021
0.08923
0.08825
0.08689
0.08591
0.08513
0.08396
0.08259
0.082
0.08083
0.07986
0.07927
0.07829
0.07751
0.07614
0.07497
0.074
0.07361
0.07243
0.07165
0.07107
0.0697
0.06892
0.06794
0.06696
0.06657
0.06579
0.06423
0.06384
0.06286
0.06286
0.06169
0.06111
0.06032
0.05993
0.05896
0.05857
0.05837
0.0572
0.05681
0.05583
0.05564
0.05486
0.05388
0.05329
0.05271
0.05232
0.05193
0.05056
0.05056
0.04978
0.0488
0.04821
0.04821
0.04782
0.04665
0.04626
0.04529
0.04509
0.04431
0.04372
0.04372
0.04236
0.04216
0.04177
0.04099
0.04021
0.03962
0.03982
0.03943
0.03884
0.03806
0.03767
0.03708
0.0365
0.03591
0.03571
0.03513
0.03454
0.03415
0.03396
0.03376
0.03298
0.03239
0.0322
0.03181
0.03161
0.03103
0.03083
0.03005
0.03025
0.02966
0.02946
0.02966
0.02888
0.0281
0.0281
0.0281
0.02751
0.02673
0.02673
0.02614
0.02614
0.02536
0.02517
0.02478
0.02419
0.02419
0.024
0.02419
0.0238
0.02341
0.02282
0.02282
0.02263
0.02204
0.02185
0.02243
0.02146
0.02126
0.02087
0.02068
0.02087
0.02068
0.02009
0.01989
0.01911
0.01931
0.01892
0.01872
0.01794
0.01794
0.01775
0.01755
0.01736
0.01696
0.01677
0.01677
0.01677
0.01638
0.01638
0.01599
0.01599
0.01521
0.01599
0.0156
0.0154
0.01521
0.01482
0.01443
0.01443
0.01462
0.01423
0.01423
0.01364
0.01345
0.01306
0.01267
0.01228
0.01247
0.01267
0.01247
0.01169
0.01169
0.01189
0.0115
0.0113
0.01071
0.0113
0.01071
0.01091
0.00993
0.01013
0.00935
0.00993
0.00935
0.00954
0.00896
0.00896
0.00876
0.00915
0.00935
0.00818
0.00837
0.00818
0.00837
0.00818
0.00798
0.00779
0.00798
0.00779
0.00759
0.00798
0.00779
0.00779
0.00759
0.00759
0.007
0.007
0.007
0.00661
0.00622
0.00622
0.00642
0.00603
0.00622
0.00603
0.00642
0.00603
0.00603
0.00564
0.00603
0.00505
0.00564
0.00564
0.00544
0.00505
0.00525
0.00525
0.00486
0.00544
0.00525
0.00525
0.00486
0.00446
0.00466
0.00466
0.00466
0.00407
0.00446
0.00407
0.00407
0.00407
0.00407
0.00388
0.00329
0.00349
0.00349
0.00388
0.00329
0.00271
0.00349
0.0029
0.0029
0.0029
0.00349
0.00329
0.0031
0.0029
0.00271
0.00349
0.0031
0.0029
0.00271
0.00232
0.00251
0.00271
0.0029
0.0029
0.00251
0.00251
0.00251
0.00271
0.00212
0.00271
0.00271
0.0029
0.00232
0.00232
0.00232
0.00251
0.00251
0.00232
0.00193
0.00232
0.00212
0.00212
0.00232
0.00251
0.00212
0.00212
0.00173
0.00173
0.00154
0.00173
0.00173
0.00212
0.00193
0.00134
0.00154
0.00114
0.00134
0.00154
0.00173
0.00173
0.00193
0.00154
0.00154
0.00134
0.00154
0.00134
0.00095
0.00114
0.00095
0.00095
0.00154
0.00134
0.00075
0.00134
0.00134
0.00154
0.00075
0.00075
0.00075
0.00114
0.00036
0.00075
0.00017
0.00056
0.00095
0.00075
0.00036
-3e-05
-3e-05
0.00036
-3e-05
0.00017
-3e-05
0.00036
-0.00042
-0.00022
-3e-05
-0.00022
-0.00061
-0.00042
-0.00081
-0.00042
-0.00022
-0.00042
-0.00042
-0.00061
-0.00081
-0.00061
-0.001
-0.00042
-0.0012
-0.00061
-0.00081
-0.00042
-0.00061
-0.00061
-0.00061
-0.00061
-0.001
-0.00081
-0.001
-0.001
-0.00081
-0.001
-0.001
-0.001
-0.00042
-0.00022
-0.00061
-0.00042
-0.001
-0.00042
-0.00081
-0.00061
-0.00081
-0.001
-0.001
-0.0012
-0.0012
-0.00139
-0.00159
-0.00159
-0.00139
-0.00139
-0.00159
-0.0012
-0.00139
-0.0012
-0.00139
-0.00139
-0.00159
-0.00139
-0.00159
-0.00159
-0.00139
-0.00139
-0.00159
-0.00139
-0.00139
-0.00139
-0.00198
-0.00159
-0.00179
-0.00139
-0.00159
-0.00139
-0.00159
-0.00159
-0.00179
-0.00198
-0.00139
-0.00179
-0.00218
-0.00159
-0.00139
-0.00139
-0.00159
-0.00179
-0.00139
-0.0012
-0.00198
-0.00159
-0.00159
-0.0012
-0.00179
-0.00198
-0.00179
-0.00198
-0.00198
-0.00198
-0.00198
-0.00218
-0.00237
-0.00159
-0.00179
-0.0012
-0.00198
-0.00198
-0.00237
-0.00198
-0.00198
-0.00159
-0.00179
-0.00179
-0.00198
-0.00179
-0.0012
-0.00139
-0.00179
-0.00159
-0.00218
-0.00198
-0.00179
-0.00159
-0.00179
-0.00139
-0.00139
-0.0012
-0.0012
-0.00139
-0.00159
-0.00159
-0.00179
-0.00139
-0.00159
-0.0012
-0.00159
-0.00179
-0.00198
-0.00198
-0.00139
-0.00179
-0.00179
-0.00179
-0.00179
-0.00179
-0.00159
-0.00198
-0.00179
-0.00159
-0.00218
-0.00198
-0.00218
-0.00198
-0.00237
-0.00237
-0.00198
-0.00179
-0.00198
-0.00198
-0.00218
-0.00218
-0.00257
-0.00276
-0.00257
-0.00276
-0.00257
-0.00218
-0.00218
-0.00257
-0.00237
-0.00257
-0.00198
-0.00198
-0.00198
-0.00237
-0.00198
-0.00179
-0.00198
-0.00198
-0.00159
-0.00179
-0.00218
-0.00198
-0.00218
-0.00139
-0.00159
-0.00159
-0.00159
-0.00198
-0.00218
-0.00179
-0.00139
-0.00159
-0.00198
-0.00159
-0.0012
-0.00159
-0.00159
-0.00159
-0.00179
-0.0012
-0.00159
-0.00198
-0.00218
-0.00179
-0.00198
-0.00179
-0.00139
-0.00179
-0.00159
-0.00179
-0.00179
-0.00198
-0.00218
-0.00218
-0.00218
-0.00257
-0.00198
-0.00218
-0.00218
-0.00237
-0.00179
-0.00198
-0.00198
-0.00237
-0.00237
-0.00296
-0.00257
-0.00257
-0.00218
-0.00237
-0.00257
-0.00276
-0.00296
-0.00257
-0.00237
-0.00237
-0.00237
-0.00257
-0.00296
-0.00237
-0.00296
-0.00218
-0.00218
-0.00218
-0.00276
-0.00198
-0.00257
-0.00218
-0.00237
-0.00237
-0.00218
-0.00179
-0.00237
-0.00237
-0.00198
-0.00237
-0.00257
-0.00198
-0.00198
-0.00218
-0.00218
-0.00218
-0.00218
-0.00218
-0.00218
-0.00218
-0.00198
-0.00218
-0.00198
-0.00198
-0.00198
-0.00198
-0.00218
-0.00198
-0.00237
-0.00179
-0.00198
-0.00198
-0.00198
-0.00237
-0.00296
-0.00218
-0.00237
-0.00237
-0.00218
-0.00237
-0.00198
-0.00218
-0.00237
-0.00218
-0.00237
-0.00179
-0.00237
-0.00179
-0.00198
-0.00237
-0.00257
-0.00257
-0.00237
-0.00237
-0.00218
-0.00218
-0.00198
-0.00159
-0.00159
-0.00159
-0.00179
-0.00179
-0.00218
-0.00218
-0.00218
-0.00237
-0.00237
-0.00257
-0.00257
-0.00257
-0.00257
-0.00257
-0.00257
-0.00276
-0.00296
-0.00296
-0.00296
-0.00218
-0.00296
-0.00276
-0.00296
-0.00257
-0.00315
-0.00276
-0.00276
-0.00218
-0.00296
-0.00296
-0.00276
-0.00237
-0.00296
-0.00257
-0.00276
-0.00276
-0.00237
-0.00218
-0.00218
-0.00198
-0.00276
-0.00218
-0.00218
-0.00237
-0.00237
-0.00218
-0.00237
-0.00237
-0.00198
-0.00218
-0.00198
-0.00198
-0.00218
-0.00198
-0.00218
-0.00198
-0.00237
-0.00237
-0.00257
-0.00237
-0.00276
-0.00257
-0.00218
-0.00276
-0.00276
-0.00296
-0.00296
-0.00276
-0.00296
-0.00296
-0.00315
-0.00296
-0.00296
-0.00354
-0.00296
-0.00335
-0.00335
-0.00296
-0.00296
-0.00257
-0.00315
-0.00315
-0.00315
-0.00276
-0.00296
-0.00257
-0.00296
-0.00315
-0.00276
-0.00257
-0.00335
-0.00296
-0.00335
-0.00315
-0.00276
-0.00296
-0.00315
-0.00335
-0.00296
-0.00276
-0.00257
-0.00276
-0.00296
-0.00315
-0.00276
-0.00296
-0.00296
-0.00296
-0.00315
-0.00296
-0.00257
-0.00237
-0.00296
-0.00237
-0.00237
-0.00276
-0.00315
-0.00276
-0.00257
-0.00296
-0.00315
-0.00276
-0.00257
-0.00315
-0.00296
-0.00315
-0.00296
-0.00296
-0.00315
-0.00257
-0.00296
-0.00276
-0.00276
-0.00257
-0.00276
-0.00257
-0.00237
-0.00257
-0.00257
-0.00276
-0.00257
-0.00257
-0.00257
-0.00237
-0.00198
-0.00257
-0.00276
-0.00257
-0.00276
-0.00218
-0.00257
-0.00296
-0.00276
-0.00237
-0.00296
-0.00315
-0.00296
-0.00276
-0.00315
-0.00296
-0.00315
-0.00296
-0.00257
-0.00257
-0.00276
-0.00296
-0.00315
-0.00315
-0.00374
-0.00296
-0.00315
-0.00374
-0.00374
-0.00374
-0.00335
-0.00296
-0.00354
-0.00315
-0.00335
-0.00315
-0.00354
-0.00296
-0.00315
-0.00315
-0.00257
-0.00335
-0.00276
-0.00276
-0.00296
-0.00296
-0.00276
-0.00296
-0.00296
-0.00257
-0.00257
-0.00296
-0.00257
-0.00315
-0.00237
-0.00237
-0.00237
-0.00276
-0.00276
-0.00276
-0.00237
-0.00237
-0.00218
-0.00237
-0.00257
-0.00218
-0.00237
-0.00218
-0.00276
-0.00276
-0.00296
-0.00276
-0.00276
-0.00237
-0.00237
-0.00276
-0.00276
-0.00296
-0.00335
-0.00315
-0.00335
-0.00335
-0.00315
-0.00296
-0.00296
-0.00257
-0.00296
-0.00315
-0.00315
-0.00354
-0.00354
-0.00374
-0.00335
-0.00315
-0.00276
-0.00315
-0.00335
-0.00315
-0.00335
-0.00335
-0.00354
-0.00315
-0.00315
-0.00257
-0.00335
-0.00296
-0.00315
-0.00296
-0.00276
-0.00276
-0.00257
-0.00237
-0.00296
-0.00257
-0.00296
-0.00276
-0.00276
-0.00257
-0.00257
-0.00257
-0.00315
-0.00257
-0.00237
-0.00237
-0.00257
-0.00257
-0.00237
-0.00237
-0.00218
-0.00257
-0.00237
-0.00237
-0.00276
-0.00257
-0.00296
-0.00296
-0.00237
-0.00257
-0.00237
