-1.466000412800E+00

-0.00218
-0.00198
-0.00237
-0.00218
-0.00218
-0.00179
-0.00179
-0.00237
-0.00218
-0.00198
-0.00179
-0.00218
-0.00218
-0.00218
-0.00198
-0.00218
-0.00198
-0.00179
-0.00198
-0.00198
-0.00198
-0.00179
-0.00139
-0.00179
-0.00198
-0.00218
-0.00218
-0.00198
-0.00198
-0.00198
-0.00218
-0.00179
-0.00218
-0.00257
-0.00218
-0.00237
-0.00198
-0.00218
-0.00159
-0.00237
-0.00257
-0.00237
-0.00218
-0.00237
-0.00257
-0.00257
-0.00257
-0.00276
-0.00296
-0.00276
-0.00296
-0.00296
-0.00276
-0.00276
-0.00276
-0.00276
-0.00257
-0.00257
-0.00218
-0.00257
-0.00257
-0.00257
-0.00257
-0.00237
-0.00237
-0.00237
-0.00218
-0.00159
-0.00237
-0.00218
-0.00237
-0.00257
-0.00296
-0.00257
-0.00257
-0.00218
-0.00276
-0.00257
-0.00218
-0.00237
-0.00257
-0.00257
-0.00237
-0.00276
-0.00237
-0.00218
-0.00218
-0.00218
-0.00218
-0.00218
-0.00198
-0.00218
-0.00237
-0.00218
-0.00237
-0.00237
-0.00218
-0.00257
-0.00276
-0.00237
-0.00257
-0.00237
-0.00276
-0.00257
-0.00257
-0.00218
-0.00237
-0.00276
-0.00276
-0.00257
-0.00237
-0.00237
-0.00218
-0.00218
-0.00257
-0.00237
-0.00257
-0.00237
-0.00276
-0.00296
-0.00296
-0.00276
-0.00257
-0.00237
-0.00237
-0.00354
-0.00296
-0.00257
-0.00276
-0.00237
-0.00276
-0.00276
-0.00237
-0.00237
-0.00257
-0.00257
-0.00218
-0.00257
-0.00218
-0.00276
-0.00276
-0.00276
-0.00257
-0.00296
-0.00296
-0.00257
-0.00257
-0.00257
-0.00276
-0.00296
-0.00276
-0.00257
-0.00257
-0.00237
-0.00218
-0.00257
-0.00218
-0.00257
-0.00218
-0.00218
-0.00237
-0.00218
-0.00237
-0.00257
-0.00276
-0.00218
-0.00237
-0.00237
-0.00276
-0.00276
-0.00237
-0.00257
-0.00276
-0.00257
-0.00257
-0.00237
-0.00276
-0.00218
-0.00296
-0.00257
-0.00315
-0.00237
-0.00296
-0.00198
-0.00257
-0.00218
-0.00218
-0.00198
-0.00257
-0.00218
-0.00237
-0.00218
-0.00198
-0.00179
-0.00257
-0.00198
-0.00218
-0.00159
-0.00179
-0.00198
-0.00218
-0.00179
-0.00218
-0.00218
-0.00237
-0.00218
-0.00198
-0.00218
-0.00237
-0.00218
-0.00198
-0.00198
-0.00159
-0.001
0.00036
0.00114
0.00251
0.00427
0.00759
0.01032
0.01345
0.01775
0.02185
0.02614
0.03044
0.03454
0.03825
0.04157
0.04509
0.04841
0.05193
0.05622
0.05974
0.06404
0.06833
0.07243
0.07614
0.07946
0.08318
0.08591
0.08884
0.09079
0.09372
0.09587
0.09743
0.09978
0.10134
0.10212
0.10329
0.10407
0.10505
0.10525
0.10603
0.10661
0.10661
0.107
0.10681
0.10661
0.10603
0.10622
0.10583
0.10583
0.10505
0.10407
0.1029
0.1029
0.10232
0.10154
0.10056
0.09919
0.0988
0.09763
0.09685
0.09607
0.09529
0.09411
0.09275
0.09196
0.09118
0.0906
0.08884
0.08825
0.08689
0.0863
0.08454
0.08396
0.08239
0.08142
0.08083
0.07966
0.07888
0.07771
0.07654
0.07536
0.07497
0.07439
0.0738
0.07341
0.07321
0.07341
0.07302
0.07263
0.07224
0.07224
0.07282
0.07224
0.07185
0.07146
0.07107
0.07087
0.07029
0.07048
0.0697
0.0695
0.06892
0.06833
0.06755
0.06677
0.06657
0.06599
0.06521
0.06482
0.06384
0.06345
0.06306
0.06306
0.06208
0.0615
0.06013
0.06032
0.05896
0.05876
0.05798
0.0572
0.05739
0.05661
0.05603
0.05525
0.05486
0.05427
0.05388
0.0529
0.05212
0.05193
0.05075
0.04997
0.04939
0.04958
0.04861
0.04782
0.04743
0.04685
0.04587
0.04568
0.0447
0.04353
0.04275
0.04294
0.04196
0.04138
0.04157
0.04079
0.0404
0.03943
0.03943
0.03864
0.03845
0.03786
0.03728
0.03689
0.0365
0.03591
0.03532
0.03513
0.03454
0.03415
0.03279
0.03357
0.03318
0.03259
0.0322
0.032
0.03103
0.03083
0.03025
0.03025
0.02966
0.02946
0.02946
0.02927
0.02888
0.02888
0.0279
0.02771
0.02751
0.02751
0.02712
0.02654
0.02673
0.02614
0.02575
0.02517
0.02458
0.02439
0.024
0.02419
0.024
0.02361
0.02282
0.02282
0.02263
0.02224
0.02165
0.02165
0.02146
0.02107
0.02087
0.02029
0.02029
0.02009
0.02009
0.0195
0.01931
0.01853
0.01833
0.01814
0.01775
0.01775
0.01775
0.01794
0.01716
0.01657
0.01677
0.01677
0.01638
0.01618
0.01599
0.0156
0.0156
0.01579
0.01521
0.01501
0.0154
0.01501
0.01462
0.01443
0.01443
0.01423
0.01364
0.01384
0.01364
0.01325
0.01345
0.01286
0.01267
0.01267
0.01228
0.01228
0.01208
0.01228
0.01228
0.01189
0.0113
0.01169
0.0115
0.01189
0.0115
0.0115
0.0113
0.01071
0.01071
0.01052
0.01071
0.01032
0.00974
0.00993
0.00993
0.00954
0.00915
0.00915
0.00896
0.00915
0.00876
0.00896
0.00837
0.00876
0.00857
0.00798
0.00798
0.00798
0.00837
0.00779
0.00779
0.00798
0.00798
0.00779
0.0072
0.00779
0.00739
0.0072
0.00681
0.00661
0.0072
0.007
0.007
0.00642
0.00661
0.00642
0.00603
0.00583
0.00603
0.00603
0.00583
0.00583
0.00544
0.00564
0.00544
0.00564
0.00525
0.00525
0.00505
0.00486
0.00486
0.00388
0.00427
0.00427
0.00368
0.00388
0.00388
0.00407
0.00349
0.00349
0.00368
0.00368
0.00329
0.00368
0.00349
0.00329
0.00368
0.00329
0.00349
0.00329
0.00349
0.00329
0.00329
0.0031
0.0031
0.0031
0.00271
0.00271
0.0031
0.0029
0.00271
0.00271
0.00271
0.0031
0.0031
0.0031
0.0031
0.00251
0.00271
0.00271
0.00232
0.00251
0.00251
0.00212
0.00212
0.00173
0.00212
0.00232
0.00232
0.00232
0.00212
0.00173
0.00173
0.00154
0.00173
0.00154
0.00134
0.00154
0.00173
0.00134
0.00114
0.00134
0.00114
0.00134
0.00134
0.00114
0.00075
0.00056
0.00036
0.00095
0.00036
0.00154
0.00095
0.00075
0.00036
0.00095
0.00075
0.00075
0.00036
0.00095
0.00056
0.00017
0.00017
0.00036
0.00036
0.00056
0.00056
0.00036
0.00075
0.00056
0.00017
0.00036
0.00017
0.00036
-3e-05
-0.00022
-3e-05
0.00017
-0.00022
-0.00061
-3e-05
-0.00022
-3e-05
-0.00022
-3e-05
0.00017
-0.00042
-0.00022
-0.00022
-3e-05
-0.00042
-0.00022
-3e-05
-0.00022
-0.00022
-0.00061
-0.00042
-0.00022
-0.00061
-0.00022
-0.00042
-0.00042
-0.00042
-0.00042
-0.00042
-0.00042
0.00017
-3e-05
-0.00022
-0.00022
-0.00022
-0.00061
-3e-05
-3e-05
-0.00042
-0.00022
-0.00081
-0.00042
-0.00081
-0.00081
-0.00081
-0.0012
-0.0012
-0.00081
-0.00081
-0.00081
-0.00042
-0.001
-0.00042
-0.00081
-0.00081
-0.00081
-0.001
-0.0012
-0.0012
-0.00081
-0.00139
-0.0012
-0.00139
-0.00179
-0.00139
-0.001
-0.00159
-0.0012
-0.00179
-0.00198
-0.00159
-0.00198
-0.00179
-0.00139
-0.00159
-0.00179
-0.00139
-0.00159
-0.00081
-0.001
-0.00061
-0.00139
-0.00081
-0.00139
-0.001
-0.001
-0.00159
-0.0012
-0.001
-0.001
-0.001
-0.00081
-0.001
-0.00081
-0.0012
-0.00081
-0.001
-0.00081
-0.00159
-0.00159
-0.0012
-0.00159
-0.00159
-0.00159
-0.00159
-0.00198
-0.001
-0.0012
-0.00081
-0.001
-0.001
-0.00139
-0.0012
-0.00081
-0.00139
-0.00179
-0.00159
-0.00159
-0.00159
-0.00179
-0.00159
-0.00179
-0.00218
-0.00198
-0.00198
-0.00179
-0.00179
-0.00159
-0.00159
-0.00159
-0.00159
-0.00198
-0.00179
-0.00159
-0.00179
-0.00139
-0.00159
-0.00159
-0.00218
-0.00218
-0.00257
-0.00257
-0.00237
-0.00218
-0.00198
-0.00198
-0.00237
-0.00276
-0.00276
-0.00257
-0.00237
-0.00179
-0.00237
-0.00218
-0.00237
-0.00237
-0.00276
-0.00179
-0.00179
-0.00179
-0.00179
-0.00237
-0.00218
-0.00159
-0.00159
-0.00139
-0.00198
-0.00198
-0.00218
-0.00218
-0.00218
-0.00198
-0.00198
-0.00159
-0.00179
-0.00159
-0.00159
-0.00218
-0.00198
-0.00159
-0.00218
-0.00198
-0.00218
-0.00218
-0.00218
-0.00218
-0.00179
-0.00179
-0.00159
-0.00159
-0.001
-0.00179
-0.00198
-0.00218
-0.00218
-0.00237
-0.00218
-0.00198
-0.00218
-0.00218
-0.00198
-0.00198
-0.00198
-0.00198
-0.00218
-0.00179
-0.00198
-0.00198
-0.00179
-0.00198
-0.00237
-0.00218
-0.00179
-0.00179
-0.00198
-0.00218
-0.00198
-0.00218
-0.00198
-0.00179
-0.00198
-0.00198
-0.00218
-0.00257
-0.00257
-0.00257
-0.00257
-0.00257
-0.00237
-0.00276
-0.00257
-0.00257
-0.00257
-0.00237
-0.00257
-0.00218
-0.00179
-0.00179
-0.00218
-0.00218
-0.00257
-0.00237
-0.00237
-0.00257
-0.00276
-0.00257
-0.00257
-0.00237
-0.00218
-0.00257
-0.00237
-0.00218
-0.00218
-0.00218
-0.00198
-0.00257
-0.00237
-0.00198
-0.00218
-0.00237
-0.00198
-0.00198
-0.00179
-0.00237
-0.00257
-0.00296
-0.00198
-0.00218
-0.00237
-0.00257
-0.00257
-0.00276
-0.00257
-0.00276
-0.00257
-0.00257
-0.00257
-0.00276
-0.00218
-0.00237
-0.00237
-0.00218
-0.00296
-0.00257
-0.00276
-0.00237
-0.00257
-0.00237
-0.00218
-0.00237
-0.00257
-0.00257
-0.00257
-0.00257
-0.00276
-0.00237
-0.00257
-0.00237
-0.00257
-0.00237
-0.00276
-0.00296
-0.00276
-0.00276
-0.00257
-0.00237
-0.00237
-0.00257
-0.00237
-0.00218
-0.00218
-0.00237
-0.00198
-0.00237
-0.00237
-0.00218
-0.00179
-0.00179
-0.00179
-0.00237
-0.00198
-0.00218
-0.00237
-0.00257
-0.00179
-0.00218
-0.00218
-0.00218
-0.00237
-0.00237
-0.00237
-0.00257
-0.00276
-0.00257
-0.00276
-0.00296
-0.00296
-0.00296
-0.00315
-0.00276
-0.00296
-0.00257
-0.00296
-0.00257
-0.00276
-0.00276
-0.00315
-0.00276
-0.00276
-0.00237
-0.00237
-0.00237
-0.00276
-0.00237
-0.00257
-0.00218
-0.00257
-0.00296
-0.00257
-0.00257
-0.00276
-0.00257
-0.00257
-0.00218
-0.00237
-0.00257
-0.00218
-0.00237
-0.00218
-0.00276
-0.00276
-0.00276
-0.00257
-0.00276
-0.00257
-0.00237
-0.00237
-0.00257
-0.00257
-0.00257
-0.00296
-0.00257
-0.00315
-0.00315
-0.00296
-0.00276
-0.00296
-0.00315
-0.00296
-0.00257
-0.00315
-0.00315
-0.00374
-0.00315
-0.00354
-0.00335
-0.00315
-0.00257
-0.00276
-0.00296
-0.00276
-0.00296
-0.00276
-0.00296
-0.00335
-0.00257
-0.00237
-0.00276
-0.00218
-0.00276
-0.00296
-0.00276
-0.00257
-0.00257
-0.00257
-0.00257
-0.00257
-0.00257
-0.00257
-0.00276
-0.00218
-0.00198
-0.00198
-0.00218
-0.00257
-0.00237
-0.00179
-0.00218
-0.00198
-0.00237
-0.00237
-0.00237
-0.00218
-0.00237
-0.00257
-0.00218
-0.00218
-0.00179
-0.00257
-0.00198
-0.00257
-0.00237
-0.00257
-0.00237
-0.00218
-0.00257
-0.00257
-0.00296
-0.00237
-0.00218
-0.00257
-0.00296
-0.00257
-0.00296
-0.00276
-0.00257
-0.00257
-0.00237
-0.00237
-0.00257
-0.00237
-0.00257
-0.00276
-0.00257
-0.00237
-0.00237
-0.00218
-0.00276
-0.00198
-0.00237
-0.00276
-0.00218
-0.00198
-0.00179
-0.00218
-0.00179
-0.00179
-0.00198
-0.00198
-0.00198
-0.00159
-0.00257
-0.00276
-0.00276
-0.00237
-0.00296
-0.00237
-0.00237
-0.00237
-0.00257
-0.00257
-0.00237
-0.00257
-0.00218
-0.00276
-0.00257
-0.00257
-0.00218
-0.00257
-0.00257
-0.00218
-0.00237
-0.00218
-0.00198
-0.00276
-0.00257
-0.00276
-0.00296
-0.00257
-0.00315
-0.00296
-0.00237
-0.00218
-0.00257
-0.00296
-0.00335
-0.00296
-0.00276
-0.00276
-0.00237
-0.00257
-0.00257
-0.00276
-0.00276
-0.00257
-0.00237
-0.00296
-0.00296
-0.00335
-0.00296
-0.00335
-0.00374
-0.00315
-0.00335
-0.00335
-0.00335
-0.00315
-0.00296
-0.00354
-0.00335
-0.00315
-0.00315
-0.00296
-0.00315
-0.00237
-0.00276
-0.00296
-0.00296
-0.00257
-0.00276
-0.00237
-0.00218
-0.00237
-0.00218
-0.00237
-0.00257
-0.00296
-0.00257
-0.00218
-0.00198
-0.00237
-0.00237
-0.00296
-0.00218
-0.00257
-0.00237
-0.00257
-0.00237
-0.00257
-0.00237
-0.00296
-0.00237
-0.00257
-0.00257
-0.00296
-0.00276
-0.00276
-0.00296
-0.00257
-0.00296
-0.00296
-0.00315
