-5.400001536000E-01

-0.00276
-0.00257
-0.00218
-0.00198
-0.00257
-0.00257
-0.00218
-0.00237
-0.00198
-0.00257
-0.00198
-0.00218
-0.00179
-0.00198
-0.00218
-0.00198
-0.00218
-0.00257
-0.00315
-0.00276
-0.00276
-0.00296
-0.00315
-0.00296
-0.00296
-0.00296
-0.00237
-0.00296
-0.00296
-0.00315
-0.00296
-0.00335
-0.00354
-0.00315
-0.00296
-0.00296
-0.00276
-0.00335
-0.00296
-0.00257
-0.00276
-0.00276
-0.00296
-0.00296
-0.00257
-0.00335
-0.00296
-0.00315
-0.00315
-0.00296
-0.00315
-0.00296
-0.00315
-0.00276
-0.00315
-0.00276
-0.00335
-0.00276
-0.00276
-0.00276
-0.00257
-0.00315
-0.00276
-0.00276
-0.00257
-0.00276
-0.00335
-0.00296
-0.00257
-0.00296
-0.00315
-0.00315
-0.00335
-0.00335
-0.00335
-0.00315
-0.00315
-0.00315
-0.00296
-0.00296
-0.00237
-0.00296
-0.00276
-0.00296
-0.00257
-0.00315
-0.00257
-0.00276
-0.00257
-0.00139
-0.00061
0.00036
0.00154
0.0031
0.00388
0.00525
0.00622
0.00759
0.00818
0.00915
0.00993
0.01013
0.01111
0.0115
0.01247
0.01286
0.01364
0.01364
0.01423
0.01501
0.0156
0.01579
0.0154
0.01521
0.01599
0.0156
0.01599
0.01599
0.01618
0.01599
0.01599
0.01599
0.01579
0.01618
0.01579
0.0154
0.01521
0.01501
0.01501
0.01443
0.01462
0.01443
0.01423
0.01423
0.01345
0.01404
0.01364
0.01345
0.01345
0.01325
0.01267
0.01267
0.01306
0.01247
0.01286
0.01228
0.01228
0.01208
0.01189
0.01169
0.01189
0.0115
0.01169
0.0113
0.0113
0.01091
0.01091
0.01052
0.01032
0.01013
0.00974
0.01013
0.00974
0.00993
0.00993
0.01013
0.00974
0.00974
0.00915
0.00896
0.00896
0.00896
0.00896
0.00857
0.00837
0.00818
0.00798
0.00779
0.00739
0.00739
0.00798
0.00759
0.00681
0.00681
0.00779
0.00837
0.00974
0.01052
0.01091
0.01189
0.01325
0.01443
0.0154
0.01599
0.01696
0.01755
0.01833
0.01931
0.0195
0.01989
0.02048
0.02107
0.02126
0.02126
0.02185
0.02165
0.02185
0.02185
0.02165
0.02185
0.02185
0.02224
0.02185
0.02185
0.02165
0.02243
0.02282
0.02458
0.02575
0.0281
0.03005
0.032
0.03435
0.0365
0.03884
0.0404
0.04216
0.04353
0.04489
0.04607
0.04763
0.04919
0.05095
0.05212
0.05407
0.05583
0.05739
0.05915
0.06052
0.06189
0.06286
0.06423
0.06521
0.06579
0.06677
0.06677
0.06716
0.06794
0.06814
0.06853
0.06833
0.06833
0.06833
0.06775
0.06794
0.06775
0.06736
0.06716
0.06677
0.06657
0.06599
0.06579
0.06521
0.06462
0.06404
0.06345
0.06306
0.06228
0.06169
0.06111
0.06052
0.05974
0.05915
0.05915
0.05837
0.05759
0.05739
0.05622
0.05603
0.05466
0.05446
0.05329
0.0529
0.05251
0.05154
0.05036
0.04978
0.04919
0.04841
0.04821
0.04782
0.04685
0.04665
0.04587
0.04489
0.0445
0.04392
0.04353
0.04294
0.04255
0.04196
0.04079
0.0406
0.03982
0.03962
0.03943
0.03904
0.03845
0.03767
0.03747
0.03669
0.03611
0.03611
0.0363
0.03571
0.03493
0.03435
0.03396
0.03357
0.03357
0.03279
0.03239
0.032
0.03142
0.03142
0.03103
0.03044
0.03005
0.02966
0.02907
0.02868
0.02868
0.0279
0.02751
0.02751
0.02751
0.02673
0.02634
0.02634
0.02595
0.02575
0.02536
0.02478
0.02458
0.02439
0.024
0.024
0.02321
0.02263
0.02204
0.02185
0.02146
0.02126
0.02126
0.02087
0.02068
0.02048
0.0197
0.0197
0.01931
0.01892
0.01911
0.01853
0.01794
0.01833
0.01794
0.01794
0.01755
0.01736
0.01794
0.01696
0.01736
0.01657
0.01657
0.01618
0.01599
0.0156
0.0156
0.0156
0.0154
0.01462
0.01462
0.01423
0.01443
0.01404
0.01404
0.01364
0.01423
0.01345
0.01364
0.01325
0.01345
0.01247
0.01267
0.01247
0.01228
0.01169
0.0115
0.01189
0.01169
0.01111
0.01091
0.01071
0.01071
0.01032
0.01013
0.01013
0.01032
0.01013
0.00974
0.00974
0.00954
0.00974
0.00935
0.00915
0.00896
0.00876
0.00857
0.00857
0.00876
0.00857
0.00857
0.00818
0.00857
0.00818
0.00798
0.00798
0.00759
0.00739
0.00661
0.00739
0.007
0.007
0.00681
0.00661
0.00622
0.00622
0.00603
0.00603
0.00583
0.00564
0.00603
0.00525
0.00525
0.00564
0.00525
0.00525
0.00466
0.00446
0.00407
0.00466
0.00466
0.00486
0.00446
0.00427
0.00466
0.00407
0.00388
0.00407
0.00427
0.00407
0.00388
0.00349
0.00407
0.00427
0.00446
0.00427
0.00446
0.00446
0.00427
0.00388
0.00368
0.00368
0.00349
0.00349
0.00407
0.00388
0.00388
0.00349
0.00368
0.00349
0.00349
0.0031
0.00349
0.0029
0.0029
0.00329
0.00329
0.0031
0.0031
0.00251
0.00212
0.00251
0.00251
0.00251
0.00271
0.00212
0.00193
0.00154
0.00212
0.00193
0.00193
0.00212
0.00193
0.00193
0.00154
0.00212
0.00134
0.00114
0.00134
0.00134
0.00134
0.00114
0.00095
0.00075
0.00114
0.00095
0.00114
0.00114
0.00114
0.00134
0.00075
0.00095
0.00075
0.00056
0.00095
0.00114
0.00095
0.00036
0.00056
0.00056
0.00075
0.00056
0.00036
0.00056
0.00036
-0.00022
0.00017
0.00056
0.00017
0.00075
-3e-05
0.00017
0.00075
0.00036
0.00017
0.00056
0.00075
0.00036
-3e-05
0.00017
-3e-05
0.00017
-3e-05
-3e-05
-0.00022
-3e-05
0.00017
-3e-05
0.00036
-0.00022
-0.00042
-0.00061
-0.00022
0.00017
-0.00042
-0.00022
-3e-05
-0.00022
-0.00022
-0.00022
-0.00022
-0.00022
-0.00022
-0.00042
-3e-05
-0.00042
-0.00061
-0.00042
-3e-05
0.00017
-0.00042
-0.00022
-0.00061
-0.00061
-0.00042
-0.00081
-0.00061
-0.00042
-0.00081
-0.001
-0.001
-0.001
-0.0012
-0.00081
-0.00081
-0.001
-0.0012
-0.00081
-0.0012
-0.001
-0.00081
-0.00081
-0.0012
-0.00081
-0.001
-0.00081
-0.0012
-0.001
-0.0012
-0.00159
-0.001
-0.00139
-0.0012
-0.00179
-0.0012
-0.00179
-0.0012
-0.001
-0.00159
-0.00159
-0.00139
-0.00139
-0.0012
-0.001
-0.001
-0.00159
-0.00139
-0.00159
-0.00179
-0.00179
-0.00159
-0.00139
-0.001
-0.00139
-0.0012
-0.00139
-0.00179
-0.00198
-0.00159
-0.00159
-0.00198
-0.00179
-0.00179
-0.00237
-0.00218
-0.00218
-0.00237
-0.00237
-0.00179
-0.00218
-0.00198
-0.00218
-0.00198
-0.00237
-0.00179
-0.00237
-0.00198
-0.00179
-0.00159
-0.00159
-0.00198
-0.00159
-0.00218
-0.00159
-0.00179
-0.00179
-0.00179
-0.00179
-0.00198
-0.00179
-0.00179
-0.00179
-0.00198
-0.00179
-0.00198
-0.00198
-0.00159
-0.00179
-0.00139
-0.00139
-0.00179
-0.00139
-0.00179
-0.00179
-0.00179
-0.00198
-0.00198
-0.00179
-0.00198
-0.00237
-0.00198
-0.00198
-0.00237
-0.00237
-0.00218
-0.00237
-0.00218
-0.00218
-0.00218
-0.00257
-0.00257
-0.00257
-0.00218
-0.00276
-0.00276
-0.00257
-0.00257
-0.00257
-0.00257
-0.00237
-0.00237
-0.00237
-0.00198
-0.00257
-0.00257
-0.00257
-0.00218
-0.00218
-0.00257
-0.00257
-0.00276
-0.00237
-0.00198
-0.00179
-0.00237
-0.00198
-0.00179
-0.00198
-0.00159
-0.00139
-0.00218
-0.00198
-0.00179
-0.00159
-0.00179
-0.00198
-0.00198
-0.00237
-0.00198
-0.00179
-0.00218
-0.00198
-0.00218
-0.00218
-0.00237
-0.00179
-0.00218
-0.00257
-0.00237
-0.00276
-0.00179
-0.00237
-0.00237
-0.00276
-0.00296
-0.00296
-0.00276
-0.00335
-0.00296
-0.00354
-0.00315
-0.00335
-0.00315
-0.00374
-0.00315
-0.00296
-0.00276
-0.00296
-0.00296
-0.00315
-0.00315
-0.00276
-0.00276
-0.00257
-0.00237
-0.00237
-0.00237
-0.00257
-0.00237
-0.00198
-0.00237
-0.00257
-0.00276
-0.00257
-0.00237
-0.00257
-0.00198
-0.00237
-0.00257
-0.00218
-0.00198
-0.00218
-0.00237
-0.00218
-0.00257
-0.00276
-0.00237
-0.00218
-0.00198
-0.00257
-0.00237
-0.00257
-0.00237
-0.00237
-0.00237
-0.00257
-0.00237
-0.00237
-0.00276
-0.00237
-0.00276
-0.00237
-0.00296
-0.00237
-0.00296
-0.00257
-0.00296
-0.00257
-0.00218
-0.00257
-0.00276
-0.00276
-0.00237
-0.00296
-0.00257
-0.00276
-0.00296
-0.00237
-0.00257
-0.00296
-0.00257
-0.00296
-0.00335
-0.00276
-0.00237
-0.00237
-0.00237
-0.00257
-0.00296
-0.00257
-0.00296
-0.00276
-0.00296
-0.00276
-0.00315
-0.00296
-0.00276
-0.00276
-0.00237
-0.00237
-0.00257
-0.00296
-0.00296
-0.00296
-0.00276
-0.00237
-0.00276
-0.00218
-0.00218
-0.00257
-0.00237
-0.00198
-0.00218
-0.00237
-0.00218
-0.00296
-0.00257
-0.00237
-0.00237
-0.00276
-0.00218
-0.00218
-0.00257
-0.00198
-0.00218
-0.00237
-0.00257
-0.00198
-0.00237
-0.00237
-0.00257
-0.00257
-0.00257
-0.00257
-0.00257
-0.00257
-0.00237
-0.00276
-0.00276
-0.00257
-0.00237
-0.00296
-0.00296
-0.00296
-0.00276
-0.00296
-0.00257
-0.00315
-0.00276
-0.00276
-0.00257
-0.00257
-0.00257
-0.00276
-0.00315
-0.00296
-0.00315
-0.00315
-0.00296
-0.00315
-0.00276
-0.00276
-0.00296
-0.00315
-0.00335
-0.00335
-0.00296
-0.00315
-0.00257
-0.00296
-0.00237
-0.00257
-0.00257
-0.00237
-0.00315
-0.00276
-0.00276
-0.00237
-0.00276
-0.00276
-0.00276
-0.00276
-0.00237
-0.00257
-0.00257
-0.00276
-0.00257
-0.00237
-0.00276
-0.00296
-0.00276
-0.00276
-0.00257
-0.00296
-0.00276
-0.00237
-0.00237
-0.00296
-0.00276
-0.00335
-0.00276
-0.00257
-0.00276
-0.00218
-0.00296
-0.00335
-0.00335
-0.00315
-0.00296
-0.00296
-0.00315
-0.00374
-0.00315
-0.00276
-0.00296
-0.00315
-0.00374
-0.00354
-0.00335
-0.00335
-0.00335
-0.00335
-0.00374
-0.00374
-0.00393
-0.00354
-0.00296
-0.00315
-0.00296
-0.00315
-0.00315
-0.00335
-0.00296
-0.00296
-0.00315
-0.00296
-0.00315
-0.00296
-0.00276
-0.00276
-0.00276
-0.00276
-0.00296
-0.00315
-0.00296
-0.00315
-0.00315
-0.00354
-0.00276
-0.00276
-0.00276
-0.00276
-0.00296
-0.00296
-0.00315
-0.00257
-0.00257
-0.00257
-0.00257
-0.00276
-0.00237
-0.00237
-0.00257
-0.00296
-0.00257
-0.00276
-0.00237
-0.00296
-0.00276
-0.00315
-0.00296
-0.00257
-0.00276
-0.00276
-0.00276
-0.00276
-0.00276
-0.00296
-0.00276
-0.00276
-0.00257
-0.00276
-0.00276
-0.00237
-0.00218
-0.00218
-0.00237
-0.00237
-0.00296
-0.00335
-0.00335
-0.00237
-0.00237
-0.00237
-0.00237
-0.00296
-0.00257
-0.00276
-0.00296
-0.00257
-0.00257
-0.00276
-0.00276
-0.00276
-0.00257
-0.00257
-0.00315
-0.00315
-0.00257
-0.00257
-0.00276
-0.00296
-0.00296
-0.00354
-0.00335
-0.00315
-0.00374
-0.00354
-0.00354
-0.00315
-0.00296
-0.00354
-0.00374
-0.00393
-0.00335
-0.00296
-0.00257
-0.00296
-0.00296
-0.00276
-0.00257
-0.00257
-0.00257
-0.00296
-0.00276
-0.00257
-0.00257
-0.00296
-0.00276
-0.00315
-0.00315
-0.00257
-0.00296
-0.00296
-0.00257
-0.00296
-0.00257
-0.00257
-0.00276
-0.00257
-0.00257
-0.00237
-0.00276
-0.00296
-0.00257
-0.00276
-0.00257
-0.00237
-0.00276
-0.00237
-0.00257
-0.00257
-0.00276
-0.00257
-0.00296
-0.00276
-0.00296
-0.00276
-0.00315
-0.00315
-0.00335
-0.00315
-0.00335
-0.00393
-0.00315
-0.00315
-0.00296
-0.00296
-0.00296
-0.00335
-0.00315
-0.00276
-0.00257
-0.00315
-0.00335
-0.00276
-0.00276
-0.00296
-0.00257
-0.00296
-0.00296
-0.00257
-0.00315
-0.00315
-0.00354
-0.00257
-0.00335
-0.00374
-0.00374
-0.00354
-0.00354
-0.00315
-0.00335
-0.00315
-0.00315
-0.00335
-0.00315
-0.00296
-0.00296
-0.00335
-0.00354
-0.00296
-0.00296
-0.00315
-0.00335
-0.00315
-0.00296
-0.00335
-0.00315
-0.00335
-0.00296
-0.00276
-0.00315
-0.00315
-0.00315
-0.00335
-0.00296
-0.00315
-0.00296
-0.00257
-0.00315
-0.00354
-0.00335
-0.00374
-0.00296
-0.00354
-0.00315
-0.00296
-0.00354
-0.00354
-0.00335
-0.00393
-0.00374
-0.00374
-0.00335
-0.00315
-0.00315
-0.00296
-0.00315
