-9.100002560000E-01

-0.00159
-0.00237
-0.00198
-0.00198
-0.00218
-0.00218
-0.00276
-0.00237
-0.00218
-0.00257
-0.00198
-0.00257
-0.00276
-0.00276
-0.00257
-0.00237
-0.00276
-0.00237
-0.00237
-0.00257
-0.00179
-0.00257
-0.00276
-0.00237
-0.00237
-0.00218
-0.00179
-0.00179
-0.00198
-0.00218
-0.00237
-0.00237
-0.00179
-0.00198
-0.00198
-0.00198
-0.00218
-0.00198
-0.00198
-0.00179
-0.00218
-0.00257
-0.00237
-0.00218
-0.00198
-0.00237
-0.00218
-0.00237
-0.00198
-0.00179
-0.00179
-0.00198
-0.00237
-0.00237
-0.00198
-0.00179
-0.00159
-0.00218
-0.00218
-0.00198
-0.00198
-0.00179
-0.00218
-0.00198
-0.00198
-0.00198
-0.00237
-0.00198
-0.00218
-0.00237
-0.00257
-0.00237
-0.00218
-0.00218
-0.00237
-0.00218
-0.00198
-0.00237
-0.00237
-0.00276
-0.00257
-0.00257
-0.00218
-0.00257
-0.00218
-0.00237
-0.00276
-0.00237
-0.00237
-0.00218
-0.00218
-0.00237
-0.00257
-0.00218
-0.00218
-0.00218
-0.00237
-0.00198
-0.00237
-0.00198
-0.00218
-0.00218
-0.00198
-0.00179
-0.00218
-0.00237
-0.00218
-0.00257
-0.00237
-0.00218
-0.00276
-0.00237
-0.00237
-0.00237
-0.00237
-0.00198
-0.00218
-0.00237
-0.00218
-0.00218
-0.00179
-0.00218
-0.00198
-0.00198
-0.00198
-0.00198
-0.00218
-0.00179
-0.00159
-0.00218
-0.00257
-0.00218
-0.00198
-0.00218
-0.00257
-0.00198
-0.00159
-0.00198
-0.00179
-0.00257
-0.00198
-0.00198
-0.00237
-0.00179
-0.00218
-0.00257
-0.00237
-0.00257
-0.00257
-0.00237
-0.00257
-0.00218
-0.00179
-0.00257
-0.00198
-0.00218
-0.00237
-0.00257
-0.00257
-0.00218
-0.00237
-0.00198
-0.00257
-0.00218
-0.00276
-0.00296
-0.00296
-0.00257
-0.00276
-0.00276
-0.00218
-0.00296
-0.00315
-0.00296
-0.00315
-0.00276
-0.00315
-0.00296
-0.00257
-0.00276
-0.00276
-0.00315
-0.00296
-0.00257
-0.00237
-0.00218
-0.00237
-0.00179
-0.00198
-0.00179
-0.00179
-0.00179
-0.00179
-0.00159
-0.00179
-0.00159
-0.00179
-0.00218
-0.00218
-0.00159
-0.0012
-0.00179
-0.00159
-0.00179
-0.00159
-0.00179
-0.00218
-0.00218
-0.00237
-0.00237
-0.00218
-0.00237
-0.00198
-0.00198
-0.00179
-0.00139
-0.00081
-3e-05
0.00232
0.00407
0.00739
0.0115
0.0156
0.0197
0.02419
0.0281
0.03298
0.03708
0.04157
0.04587
0.05017
0.05427
0.05818
0.0615
0.06521
0.06775
0.07048
0.07263
0.07536
0.07732
0.07888
0.08064
0.08181
0.08357
0.08454
0.08532
0.08591
0.08669
0.08708
0.08806
0.08864
0.08845
0.08845
0.08825
0.08864
0.08825
0.08825
0.08747
0.08728
0.08708
0.0865
0.08611
0.08513
0.08474
0.08396
0.08357
0.08259
0.082
0.08122
0.07966
0.07946
0.07829
0.0781
0.07673
0.07614
0.07517
0.074
0.07341
0.07263
0.07185
0.07068
0.07068
0.06931
0.06814
0.06755
0.06618
0.06579
0.06462
0.06384
0.06325
0.06247
0.06169
0.06091
0.06071
0.05915
0.05896
0.05837
0.05779
0.0572
0.05622
0.05544
0.05486
0.05486
0.05466
0.05427
0.05505
0.05486
0.05505
0.05525
0.05486
0.05486
0.05525
0.05486
0.05486
0.05466
0.05466
0.05446
0.05446
0.05368
0.05329
0.05349
0.05251
0.05251
0.05232
0.05232
0.05114
0.05075
0.05036
0.04997
0.04958
0.04919
0.049
0.04861
0.04802
0.04763
0.04724
0.04665
0.04568
0.04587
0.04529
0.04529
0.0445
0.04392
0.04372
0.04275
0.04275
0.04255
0.04236
0.04138
0.0406
0.04001
0.03962
0.03923
0.03825
0.03806
0.03747
0.03747
0.03747
0.03669
0.03669
0.03571
0.03532
0.03532
0.03493
0.03493
0.03415
0.03396
0.03318
0.03279
0.03239
0.03161
0.03161
0.03142
0.03083
0.03025
0.02946
0.02927
0.02888
0.02888
0.0281
0.02829
0.0281
0.02751
0.02732
0.02654
0.02614
0.02536
0.02497
0.02497
0.02458
0.024
0.02419
0.02361
0.02341
0.02341
0.02282
0.02185
0.02185
0.02126
0.02126
0.02107
0.02087
0.02087
0.02087
0.02029
0.02029
0.01989
0.0195
0.01911
0.01911
0.01872
0.01872
0.01833
0.01853
0.01814
0.01814
0.01755
0.01736
0.01736
0.01716
0.01677
0.01657
0.01677
0.01618
0.01599
0.0154
0.01579
0.01521
0.01501
0.01521
0.0154
0.01482
0.01404
0.01423
0.01384
0.01462
0.01404
0.01423
0.01384
0.01404
0.01306
0.01325
0.01247
0.01228
0.01228
0.01267
0.01286
0.01228
0.01189
0.01169
0.01169
0.01208
0.01189
0.01091
0.01091
0.0113
0.01091
0.01071
0.01032
0.01013
0.01032
0.01013
0.00954
0.00954
0.00993
0.00954
0.00915
0.00896
0.00837
0.00857
0.00818
0.00798
0.00779
0.00759
0.00798
0.00739
0.00779
0.0072
0.0072
0.0072
0.00681
0.00681
0.00681
0.00661
0.00661
0.00622
0.00642
0.00642
0.00661
0.007
0.00661
0.00622
0.00642
0.00622
0.00603
0.00622
0.00603
0.00564
0.00583
0.00603
0.00603
0.00622
0.00622
0.00603
0.00564
0.00525
0.00564
0.00564
0.00564
0.00544
0.00583
0.00564
0.00486
0.00466
0.00466
0.00486
0.00466
0.00446
0.00446
0.00427
0.00427
0.00407
0.00466
0.00446
0.00407
0.00368
0.00388
0.00407
0.00466
0.00368
0.00388
0.00349
0.00349
0.0031
0.00368
0.00349
0.00329
0.0031
0.00349
0.0031
0.0031
0.00271
0.00329
0.00368
0.00349
0.00329
0.00271
0.00271
0.00271
0.00232
0.00271
0.00251
0.00271
0.00232
0.00251
0.00232
0.00232
0.00232
0.00212
0.00193
0.00154
0.00193
0.00173
0.00173
0.00134
0.00173
0.00154
0.00173
0.00154
0.00193
0.00134
0.00095
0.00095
0.00075
0.00114
0.00075
0.00056
0.00114
0.00056
0.00075
0.00114
0.00075
0.00056
0.00056
0.00075
0.00075
0.00114
0.00095
0.00114
0.00095
0.00075
0.00056
0.00075
0.00036
0.00095
0.00056
0.00095
0.00075
0.00056
0.00075
0.00095
0.00075
0.00075
0.00036
0.00056
0.00017
0.00017
0.00036
0.00036
-0.00022
0.00017
-3e-05
-0.00022
-0.00022
-0.00022
-0.00022
-0.00042
-0.00081
-0.00022
-0.00061
-0.00061
-0.00042
-0.001
-0.00042
-0.00042
-0.00081
-0.00061
-0.00042
-0.00022
-0.00061
-0.0012
-0.00081
-0.00061
-0.001
-0.00042
-0.001
-0.001
-0.001
-0.00081
-0.00139
-0.00081
-0.001
-0.0012
-0.001
-0.0012
-0.00159
-0.0012
-0.00139
-0.00139
-0.001
-0.001
-0.001
-0.001
-0.00081
-0.00061
-0.00081
-0.00081
-0.00081
-0.00061
-0.00061
-0.00042
-0.00081
-0.00081
-0.00061
-0.00061
-0.00081
-0.00022
-0.001
-0.00061
-0.0012
-0.0012
-0.00081
-0.00061
-0.00061
-0.00081
-0.0012
-0.001
-0.001
-0.00139
-0.0012
-0.00139
-0.00061
-0.001
-0.00139
-0.00081
-0.00081
-0.00061
-0.00081
-0.00061
-0.0012
-0.0012
-0.0012
-0.00139
-0.0012
-0.00139
-0.00139
-0.00139
-0.0012
-0.0012
-0.00159
-0.0012
-0.001
-0.00159
-0.001
-0.0012
-0.0012
-0.0012
-0.001
-0.00139
-0.0012
-0.0012
-0.00139
-0.001
-0.0012
-0.001
-0.00159
-0.00159
-0.00139
-0.00139
-0.0012
-0.00139
-0.00159
-0.00159
-0.00139
-0.00159
-0.001
-0.00139
-0.00081
-0.00081
-0.0012
-0.00042
-0.0012
-0.00081
-0.00139
-0.0012
-0.001
-0.00081
-0.00139
-0.00081
-0.00179
-0.00159
-0.00159
-0.00179
-0.00159
-0.00139
-0.00179
-0.00139
-0.00218
-0.00159
-0.00198
-0.00179
-0.00198
-0.00179
-0.00218
-0.00237
-0.00218
-0.00198
-0.00179
-0.00198
-0.00257
-0.00218
-0.00237
-0.00198
-0.00179
-0.00159
-0.00198
-0.00179
-0.00159
-0.00218
-0.00179
-0.00198
-0.00179
-0.00159
-0.00159
-0.00159
-0.001
-0.00159
-0.00139
-0.00159
-0.00179
-0.00139
-0.00179
-0.00179
-0.00159
-0.00159
-0.00159
-0.00139
-0.00139
-0.0012
-0.00159
-0.00159
-0.00139
-0.00179
-0.00198
-0.00198
-0.00237
-0.00237
-0.00237
-0.00218
-0.00198
-0.00257
-0.00257
-0.00179
-0.00179
-0.00237
-0.00179
-0.00237
-0.00237
-0.00237
-0.00218
-0.00179
-0.00257
-0.00218
-0.00237
-0.00218
-0.00218
-0.00179
-0.00179
-0.00218
-0.00179
-0.00198
-0.00159
-0.00159
-0.00159
-0.00179
-0.00159
-0.00139
-0.00179
-0.00139
-0.00159
-0.00139
-0.00159
-0.00139
-0.00179
-0.00139
-0.00179
-0.00179
-0.00179
-0.00179
-0.00139
-0.00139
-0.00218
-0.00218
-0.00198
-0.00179
-0.00218
-0.00218
-0.00198
-0.00257
-0.00276
-0.00198
-0.00257
-0.00237
-0.00276
-0.00296
-0.00257
-0.00257
-0.00276
-0.00218
-0.00237
-0.00198
-0.00218
-0.00218
-0.00218
-0.00257
-0.00198
-0.00179
-0.00218
-0.00159
-0.00218
-0.00257
-0.00237
-0.00218
-0.00237
-0.00218
-0.00218
-0.00198
-0.00218
-0.00218
-0.00198
-0.00198
-0.00237
-0.00179
-0.00139
-0.00159
-0.00237
-0.00257
-0.00237
-0.00257
-0.00218
-0.00218
-0.00218
-0.00218
-0.00237
-0.00237
-0.00237
-0.00237
-0.00257
-0.00276
-0.00237
-0.00237
-0.00257
-0.00218
-0.00198
-0.00179
-0.00218
-0.00218
-0.00237
-0.00218
-0.00237
-0.00237
-0.00276
-0.00237
-0.00198
-0.00198
-0.00218
-0.00159
-0.00159
-0.00198
-0.00198
-0.00139
-0.00218
-0.00159
-0.00179
-0.0012
-0.00218
-0.00237
-0.00198
-0.00237
-0.00218
-0.00237
-0.00257
-0.00237
-0.00257
-0.00296
-0.00257
-0.00218
-0.00198
-0.00218
-0.00218
-0.00257
-0.00276
-0.00198
-0.00276
-0.00257
-0.00296
-0.00296
-0.00296
-0.00276
-0.00315
-0.00315
-0.00296
-0.00276
-0.00276
-0.00276
-0.00315
-0.00276
-0.00257
-0.00315
-0.00257
-0.00257
-0.00237
-0.00276
-0.00218
-0.00257
-0.00237
-0.00237
-0.00218
-0.00237
-0.00237
-0.00198
-0.00179
-0.00198
-0.00237
-0.00237
-0.00218
-0.00237
-0.00237
-0.00218
-0.00218
-0.00218
-0.00218
-0.00179
-0.00198
-0.00218
-0.00179
-0.00198
-0.00198
-0.00179
-0.00237
-0.00218
-0.00198
-0.00237
-0.00237
-0.00179
-0.00198
-0.00159
-0.00198
-0.00179
-0.00237
-0.00237
-0.00218
-0.00198
-0.00218
-0.00159
-0.00218
-0.00218
-0.00198
-0.00218
-0.00218
-0.00218
-0.00257
-0.00237
-0.00296
-0.00276
-0.00237
-0.00237
-0.00276
-0.00257
-0.00296
-0.00296
-0.00296
-0.00296
-0.00218
-0.00257
-0.00237
-0.00257
-0.00257
-0.00237
-0.00237
-0.00257
-0.00257
-0.00257
-0.00237
-0.00198
-0.00237
-0.00198
-0.00218
-0.00237
-0.00218
-0.00198
-0.00218
-0.00218
-0.00257
-0.00257
-0.00296
-0.00276
-0.00276
-0.00237
-0.00218
-0.00218
-0.00218
-0.00237
-0.00218
-0.00257
-0.00276
-0.00237
-0.00218
-0.00218
-0.00198
-0.00179
-0.00237
-0.00276
-0.00237
-0.00237
-0.00237
-0.00237
-0.00218
-0.00257
-0.00276
-0.00257
-0.00257
-0.00237
-0.00237
-0.00257
-0.00237
-0.00218
-0.00198
-0.00198
-0.00198
-0.00218
-0.00198
-0.00159
-0.00198
-0.00159
-0.00198
-0.00218
-0.00198
-0.00198
-0.00198
-0.00257
-0.00218
-0.00198
-0.00237
-0.00257
-0.00276
-0.00276
-0.00257
-0.00198
-0.00218
-0.00257
-0.00276
-0.00335
-0.00276
-0.00276
-0.00315
-0.00296
-0.00257
-0.00237
-0.00257
-0.00257
-0.00296
-0.00257
-0.00335
-0.00276
-0.00296
-0.00276
-0.00276
-0.00257
-0.00257
-0.00276
-0.00276
-0.00276
-0.00257
-0.00218
-0.00237
-0.00218
-0.00237
-0.00179
-0.00159
-0.00159
-0.00198
-0.00179
-0.00198
-0.00179
-0.00139
-0.00179
-0.00179
-0.00179
-0.00198
-0.00198
-0.00218
-0.00218
-0.00257
-0.00218
-0.00218
-0.00179
-0.00198
-0.00159
-0.00237
-0.00218
-0.00159
-0.00159
-0.00198
-0.00198
-0.00198
-0.00237
-0.00218
-0.00198
-0.00218
-0.00159
-0.00179
-0.00179
-0.00218
-0.00198
-0.00237
-0.00257
-0.00198
-0.00218
-0.00257
-0.00257
-0.00218
-0.00179
-0.00159
-0.00237
-0.00218
-0.00218
-0.00276
-0.00218
-0.00237
-0.00198
-0.00237
-0.00218
-0.00179
-0.00198
-0.00218
-0.00218
-0.00237
-0.00218
-0.00237
-0.00257
-0.00276
-0.00296
-0.00276
-0.00276
-0.00257
-0.00296
-0.00296
-0.00296
-0.00237
