-1.543000432000E+00

-0.00296
-0.00315
-0.00257
-0.00257
-0.00296
-0.00276
-0.00354
-0.00276
-0.00354
-0.00296
-0.00276
-0.00276
-0.00335
-0.00296
-0.00354
-0.00296
-0.00257
-0.00335
-0.00315
-0.00296
-0.00296
-0.00276
-0.00335
-0.00276
-0.00296
-0.00296
-0.00315
-0.00315
-0.00237
-0.00257
-0.00257
-0.00335
-0.00315
-0.00276
-0.00296
-0.00315
-0.00276
-0.00257
-0.00237
-0.00237
-0.00218
-0.00257
-0.00218
-0.00237
-0.00218
-0.00179
-0.00198
-0.00198
-0.00179
-0.00218
-0.00237
-0.00237
-0.00237
-0.00218
-0.00237
-0.00179
-0.00218
-0.00198
-0.00237
-0.00198
-0.00179
-0.00218
-0.00218
-0.00257
-0.00257
-0.00257
-0.00276
-0.00257
-0.00198
-0.00237
-0.00237
-0.00237
-0.00237
-0.00276
-0.00237
-0.00257
-0.00198
-0.00218
-0.00257
-0.00276
-0.00257
-0.00237
-0.00237
-0.00257
-0.00257
-0.00257
-0.00257
-0.00218
-0.00218
-0.00198
-0.00237
-0.00218
-0.00257
-0.00218
-0.00198
-0.00198
-0.00218
-0.00159
-0.00198
-0.00218
-0.00198
-0.00218
-0.00179
-0.00218
-0.00198
-0.00237
-0.00276
-0.00218
-0.00276
-0.00276
-0.00276
-0.00276
-0.00237
-0.00237
-0.00276
-0.00237
-0.00257
-0.00237
-0.00276
-0.00198
-0.00237
-0.00179
-0.00257
-0.00237
-0.00218
-0.00257
-0.00257
-0.00257
-0.00218
-0.00198
-0.00179
-0.00198
-0.00237
-0.00257
-0.00218
-0.00218
-0.00218
-0.00218
-0.00276
-0.00257
-0.00218
-0.00237
-0.00237
-0.00237
-0.00218
-0.00257
-0.00257
-0.00276
-0.00257
-0.00237
-0.00257
-0.00218
-0.00276
-0.00296
-0.00276
-0.00296
-0.00276
-0.00276
-0.00296
-0.00276
-0.00257
-0.00257
-0.00315
-0.00315
-0.00257
-0.00296
-0.00335
-0.00354
-0.00335
-0.00335
-0.00374
-0.00296
-0.00296
-0.00315
-0.00296
-0.00315
-0.00335
-0.00354
-0.00296
-0.00315
-0.00296
-0.00296
-0.00296
-0.00335
-0.00296
-0.00276
-0.00276
-0.00276
-0.00276
-0.00276
-0.00257
-0.00257
-0.00198
-0.00257
-0.00237
-0.00257
-0.00237
-0.00198
-0.00198
-0.00159
-0.00159
-0.00159
-0.00159
-0.00198
-0.00198
-0.00159
-0.00179
-0.00198
-0.00198
-0.00198
-0.00218
-0.00179
-0.00198
-0.00179
-0.00218
-0.00237
-0.00237
-0.00198
-0.00276
-0.00198
-0.00198
-0.00237
-0.00198
-0.00179
-0.00139
-0.00022
0.00017
0.00154
0.0031
0.00564
0.00818
0.01169
0.01482
0.01833
0.02263
0.02654
0.03083
0.03474
0.03884
0.04294
0.04685
0.05095
0.05446
0.05837
0.06111
0.06384
0.06755
0.07048
0.07263
0.07517
0.07693
0.07868
0.08025
0.08161
0.08298
0.08376
0.08454
0.08474
0.08571
0.0863
0.08669
0.08669
0.08689
0.08669
0.08708
0.0865
0.08611
0.0863
0.08571
0.08532
0.08493
0.08474
0.08357
0.08318
0.08239
0.08161
0.08103
0.08044
0.08025
0.07888
0.07907
0.07771
0.07673
0.07536
0.07458
0.07361
0.07321
0.07185
0.07107
0.07009
0.06989
0.06872
0.06794
0.06755
0.06657
0.06599
0.06521
0.06462
0.06384
0.06345
0.06208
0.0613
0.06071
0.05993
0.05896
0.05818
0.05739
0.05661
0.05603
0.05505
0.05427
0.05368
0.0529
0.05232
0.05134
0.05036
0.04997
0.04919
0.04861
0.04782
0.04704
0.04704
0.04607
0.04529
0.0447
0.04411
0.04372
0.04353
0.04294
0.04236
0.04157
0.04099
0.04021
0.03943
0.03884
0.03825
0.03825
0.03806
0.03728
0.03689
0.03611
0.03591
0.03571
0.03552
0.03493
0.03474
0.03396
0.03435
0.03337
0.03337
0.03239
0.03239
0.03239
0.03181
0.03142
0.03103
0.03064
0.03044
0.02966
0.02966
0.02888
0.02927
0.02849
0.02829
0.02751
0.02732
0.02673
0.02634
0.02595
0.02614
0.02575
0.02536
0.02458
0.02419
0.024
0.02341
0.02341
0.02282
0.02243
0.02204
0.02224
0.02204
0.02185
0.02165
0.02146
0.02087
0.02087
0.02048
0.02009
0.02009
0.0197
0.01931
0.0195
0.01931
0.01892
0.01892
0.01814
0.01814
0.01755
0.01716
0.01736
0.01775
0.01716
0.01696
0.01657
0.01638
0.01599
0.01618
0.01618
0.01599
0.01521
0.0154
0.01501
0.01501
0.01501
0.01482
0.01501
0.01462
0.01462
0.01462
0.01423
0.01345
0.01364
0.01404
0.01345
0.01325
0.01364
0.01267
0.01286
0.01228
0.01247
0.01228
0.01267
0.01228
0.01267
0.01208
0.01169
0.01169
0.0115
0.0113
0.0113
0.01071
0.01071
0.01071
0.01052
0.01032
0.00974
0.00974
0.00974
0.00954
0.00954
0.00896
0.00935
0.00935
0.00954
0.00954
0.00876
0.00876
0.00857
0.00857
0.00857
0.00798
0.00779
0.00798
0.00798
0.00779
0.0072
0.007
0.00681
0.007
0.00661
0.00681
0.00622
0.00622
0.00603
0.00583
0.00603
0.00603
0.00544
0.00564
0.00505
0.00486
0.00486
0.00505
0.00525
0.00466
0.00466
0.00505
0.00407
0.00446
0.00388
0.00407
0.00368
0.00349
0.00329
0.00349
0.00349
0.00349
0.0029
0.00329
0.0029
0.0031
0.00271
0.0031
0.00271
0.0029
0.0031
0.0029
0.0029
0.0031
0.00271
0.00271
0.0031
0.00271
0.0031
0.0031
0.00271
0.00271
0.00271
0.00271
0.00232
0.00251
0.00232
0.00251
0.00232
0.00193
0.00212
0.00232
0.00232
0.00212
0.00212
0.00232
0.00173
0.00173
0.00114
0.00173
0.00173
0.00173
0.00193
0.00134
0.00173
0.00212
0.00134
0.00154
0.00114
0.00134
0.00114
0.00095
0.00075
0.00114
0.00095
0.00095
0.00095
0.00095
0.00095
0.00056
0.00075
0.00036
0.00056
0.00056
0.00036
0.00075
0.00056
0.00036
0.00036
0.00056
0.00075
0.00095
0.00056
0.00056
0.00036
0.00036
0.00036
0.00056
0.00056
0.00036
0.00017
0.00036
0.00036
0.00017
-3e-05
0.00036
0.00017
0.00056
0.00017
0.00036
0.00036
0.00056
0.00036
0.00075
0.00095
0.00095
0.00095
0.00036
0.00036
0.00017
-3e-05
-3e-05
-0.00042
-0.00022
-0.00022
-0.00022
-0.00022
-0.00042
-3e-05
0.00036
-0.00022
-0.00042
-0.00042
-0.00042
-0.00042
-0.00042
-0.00042
-0.00042
-0.00042
-0.00042
-0.00042
-0.00042
-0.00022
-0.00022
-0.00042
-0.00061
-0.00022
-0.00061
-0.00081
-0.00022
-0.00042
-0.00061
-0.00061
-0.00081
-0.00081
-0.001
-0.001
-0.001
-0.0012
-0.0012
-0.001
-0.0012
-0.0012
-0.00159
-0.001
-0.00081
-0.00061
-0.001
-0.001
-0.00139
-0.00179
-0.0012
-0.0012
-0.001
-0.00139
-0.00159
-0.00179
-0.00139
-0.00218
-0.00139
-0.00139
-0.00159
-0.0012
-0.0012
-0.00139
-0.00159
-0.00159
-0.00159
-0.00139
-0.0012
-0.00139
-0.00179
-0.00159
-0.00159
-0.00179
-0.00139
-0.00139
-0.00139
-0.00159
-0.00139
-0.001
-0.00159
-0.001
-0.00139
-0.00061
-0.00042
-0.00159
-0.00139
-0.00139
-0.00198
-0.00139
-0.00179
-0.00159
-0.00179
-0.00198
-0.00198
-0.00257
-0.00237
-0.00218
-0.00218
-0.00218
-0.00159
-0.00179
-0.00179
-0.00218
-0.00179
-0.00257
-0.00237
-0.00218
-0.00237
-0.00237
-0.00198
-0.0012
-0.00179
-0.00218
-0.00179
-0.00179
-0.00237
-0.00257
-0.00237
-0.00218
-0.00218
-0.00218
-0.00237
-0.00198
-0.00198
-0.00218
-0.00218
-0.00218
-0.00198
-0.00198
-0.00179
-0.00179
-0.00218
-0.00179
-0.00159
-0.00159
-0.00198
-0.00179
-0.00179
-0.00179
-0.00179
-0.00159
-0.00198
-0.00179
-0.00179
-0.00179
-0.00159
-0.00179
-0.00159
-0.00198
-0.00179
-0.00139
-0.00139
-0.00179
-0.00179
-0.00198
-0.00159
-0.00159
-0.00139
-0.0012
-0.00139
-0.00159
-0.00179
-0.00198
-0.00198
-0.00218
-0.00198
-0.00159
-0.00179
-0.00198
-0.00218
-0.00179
-0.00159
-0.00179
-0.00139
-0.00159
-0.00139
-0.00179
-0.00198
-0.00218
-0.00179
-0.00159
-0.00159
-0.00179
-0.00159
-0.00218
-0.00198
-0.00198
-0.00159
-0.00179
-0.00159
-0.00237
-0.00179
-0.00198
-0.00159
-0.00179
-0.00198
-0.00179
-0.00218
-0.00276
-0.00198
-0.00237
-0.00257
-0.00218
-0.00218
-0.00179
-0.00237
-0.00257
-0.00257
-0.00179
-0.00198
-0.00198
-0.00198
-0.00237
-0.00237
-0.00237
-0.00257
-0.00198
-0.00237
-0.00237
-0.00257
-0.00257
-0.00218
-0.00257
-0.00198
-0.00198
-0.00218
-0.00276
-0.00257
-0.00296
-0.00257
-0.00276
-0.00276
-0.00276
-0.00257
-0.00257
-0.00237
-0.00296
-0.00257
-0.00257
-0.00296
-0.00276
-0.00237
-0.00257
-0.00276
-0.00296
-0.00276
-0.00257
-0.00257
-0.00257
-0.00257
-0.00257
-0.00276
-0.00257
-0.00296
-0.00315
-0.00296
-0.00276
-0.00315
-0.00315
-0.00296
-0.00315
-0.00296
-0.00354
-0.00296
-0.00315
-0.00296
-0.00315
-0.00257
-0.00315
-0.00276
-0.00276
-0.00296
-0.00315
-0.00237
-0.00296
-0.00237
-0.00276
-0.00257
-0.00257
-0.00257
-0.00237
-0.00218
-0.00198
-0.00218
-0.00218
-0.00257
-0.00218
-0.00198
-0.00198
-0.00198
-0.00218
-0.00218
-0.00237
-0.00179
-0.00198
-0.00198
-0.00159
-0.00179
-0.00159
-0.00179
-0.00198
-0.00159
-0.00179
-0.0012
-0.00159
-0.00179
-0.00198
-0.00179
-0.00198
-0.00218
-0.00237
-0.00237
-0.00218
-0.00257
-0.00237
-0.00237
-0.00276
-0.00257
-0.00237
-0.00237
-0.00218
-0.00179
-0.00218
-0.00237
-0.00257
-0.00198
-0.00179
-0.00179
-0.00159
-0.00198
-0.00179
-0.00198
-0.00218
-0.00198
-0.00198
-0.00218
-0.00198
-0.00198
-0.00218
-0.00218
-0.00179
-0.00159
-0.00159
-0.00139
-0.00237
-0.00198
-0.00139
-0.00159
-0.00179
-0.00218
-0.00179
-0.00237
-0.00179
-0.00179
-0.00198
-0.00159
-0.00159
-0.00159
-0.00159
-0.00198
-0.00218
-0.00218
-0.00296
-0.00198
-0.00218
-0.00257
-0.00237
-0.00257
-0.00237
-0.00218
-0.00257
-0.00276
-0.00296
-0.00276
-0.00276
-0.00276
-0.00296
-0.00276
-0.00198
-0.00218
-0.00179
-0.00198
-0.00198
-0.00237
-0.00218
-0.00218
-0.00237
-0.00218
-0.00276
-0.00257
-0.00237
-0.00257
-0.00296
-0.00296
-0.00315
-0.00237
-0.00237
-0.00276
-0.00257
-0.00237
-0.00257
-0.00257
-0.00296
-0.00257
-0.00296
-0.00296
-0.00296
-0.00257
-0.00315
-0.00335
-0.00335
-0.00335
-0.00374
-0.00335
-0.00374
-0.00354
-0.00354
-0.00354
-0.00374
-0.00393
-0.00393
-0.00374
-0.00393
-0.00335
-0.00335
-0.00335
-0.00315
-0.00354
-0.00374
-0.00374
-0.00354
-0.00354
-0.00335
-0.00315
-0.00354
-0.00354
-0.00374
-0.00354
-0.00354
-0.00374
-0.00354
-0.00413
-0.00393
-0.00315
-0.00374
-0.00354
-0.00354
-0.00354
-0.00354
-0.00296
-0.00335
-0.00335
-0.00335
-0.00335
-0.00335
-0.00315
-0.00276
-0.00257
-0.00276
-0.00296
-0.00315
-0.00276
-0.00276
-0.00257
-0.00335
-0.00296
-0.00257
-0.00257
-0.00276
-0.00335
-0.00296
-0.00296
-0.00296
-0.00276
-0.00276
-0.00237
-0.00296
-0.00257
-0.00257
-0.00218
-0.00237
-0.00179
-0.00179
-0.00159
-0.00198
-0.00179
-0.00159
-0.00159
-0.00218
-0.00218
-0.00218
-0.00159
-0.00218
-0.00179
-0.00139
-0.00159
-0.00198
-0.0012
-0.00179
-0.00159
-0.00179
-0.00198
-0.00198
-0.00218
-0.00179
-0.00237
-0.00237
-0.00179
-0.00237
-0.00218
-0.00198
-0.00179
-0.00198
-0.00179
-0.00237
-0.00198
-0.00237
-0.00218
-0.00218
-0.00257
-0.00218
-0.00218
-0.00198
-0.00237
-0.00218
-0.00237
-0.00257
-0.00218
-0.00198
-0.00159
-0.00218
-0.00179
-0.00198
-0.00198
-0.00159
-0.00179
-0.00159
-0.00179
-0.00159
-0.00159
-0.00139
-0.00159
-0.00159
-0.0012
-0.00198
-0.00159
-0.00179
-0.00159
-0.00198
-0.00218
-0.00179
-0.00237
-0.00218
-0.00237
-0.00218
-0.00257
-0.00218
-0.00179
-0.00237
-0.00237
-0.00276
-0.00237
-0.00276
-0.00296
-0.00218
-0.00257
-0.00276
-0.00315
-0.00335
-0.00315
-0.00335
-0.00315
-0.00335
-0.00374
-0.00354
-0.00413
-0.00413
-0.00393
-0.00413
-0.00393
-0.00374
-0.00315
-0.00354
-0.00374
-0.00374
-0.00374
-0.00296
-0.00276
-0.00354
-0.00315
-0.00296
-0.00315
-0.00335
-0.00276
-0.00315
-0.00276
-0.00276
-0.00335
-0.00276
-0.00374
-0.00335
-0.00354
