-1.282000361600E+00

-0.00315
-0.00296
-0.00257
-0.00276
-0.00276
-0.00276
-0.00276
-0.00276
-0.00335
-0.00315
-0.00296
-0.00315
-0.00296
-0.00257
-0.00237
-0.00237
-0.00257
-0.00218
-0.00257
-0.00218
-0.00276
-0.00218
-0.00237
-0.00237
-0.00218
-0.00159
-0.00218
-0.00179
-0.00179
-0.00218
-0.00218
-0.00198
-0.00237
-0.00198
-0.00257
-0.00237
-0.00237
-0.00257
-0.00218
-0.00237
-0.00237
-0.00198
-0.00179
-0.00198
-0.00218
-0.00237
-0.00276
-0.00257
-0.00237
-0.00237
-0.00237
-0.00218
-0.00237
-0.00218
-0.00198
-0.00218
-0.00257
-0.00257
-0.00257
-0.00276
-0.00218
-0.00257
-0.00237
-0.00218
-0.00179
-0.00198
-0.00237
-0.00198
-0.00218
-0.00218
-0.00198
-0.00179
-0.00198
-0.00179
-0.00179
-0.00198
-0.00218
-0.00198
-0.00159
-0.00198
-0.00179
-0.00179
-0.00218
-0.00237
-0.00218
-0.00179
-0.00159
-0.00237
-0.00237
-0.00296
-0.00218
-0.00237
-0.00237
-0.00218
-0.00237
-0.00237
-0.00218
-0.00179
-0.00218
-0.00218
-0.00296
-0.00276
-0.00218
-0.00218
-0.00296
-0.00218
-0.00237
-0.00237
-0.00257
-0.00276
-0.00237
-0.00218
-0.00237
-0.00218
-0.00218
-0.00237
-0.00237
-0.00237
-0.00237
-0.00257
-0.00237
-0.00237
-0.00198
-0.00237
-0.00237
-0.00218
-0.00218
-0.00198
-0.00218
-0.00198
-0.00237
-0.00218
-0.00218
-0.00218
-0.00179
-0.00237
-0.00218
-0.00257
-0.00198
-0.00237
-0.00198
-0.00218
-0.00257
-0.00218
-0.00218
-0.00159
-0.00198
-0.00218
-0.00179
-0.00237
-0.00198
-0.00198
-0.00218
-0.00237
-0.00218
-0.00198
-0.00198
-0.00218
-0.00296
-0.00218
-0.00276
-0.00218
-0.00257
-0.00218
-0.00237
-0.00237
-0.00198
-0.00218
-0.00237
-0.00257
-0.00198
-0.00198
-0.00218
-0.00198
-0.00218
-0.00218
-0.00257
-0.00218
-0.00198
-0.00179
-0.00237
-0.00218
-0.00198
-0.00198
-0.00139
-0.00081
0.00056
0.00134
0.00212
0.00349
0.00505
0.00642
0.00837
0.01071
0.01189
0.01404
0.01618
0.01814
0.0197
0.02087
0.02263
0.02458
0.02673
0.02907
0.032
0.03474
0.03786
0.04138
0.04392
0.04646
0.04919
0.05193
0.05446
0.05798
0.06091
0.06404
0.06638
0.0695
0.07204
0.07419
0.07614
0.07849
0.08005
0.08122
0.08318
0.08415
0.0863
0.08767
0.08962
0.09099
0.09294
0.09489
0.09724
0.09958
0.10154
0.10368
0.10525
0.107
0.10896
0.11013
0.11091
0.1115
0.11247
0.11325
0.11384
0.11423
0.11443
0.11423
0.11403
0.11364
0.11384
0.11364
0.11306
0.11247
0.11267
0.11208
0.1113
0.11091
0.11013
0.10915
0.10798
0.10681
0.10603
0.10544
0.10447
0.10388
0.10368
0.1031
0.10251
0.10212
0.10212
0.10114
0.10056
0.09978
0.099
0.09861
0.09763
0.09685
0.09568
0.09568
0.0945
0.0945
0.09333
0.09255
0.09177
0.09079
0.08923
0.08904
0.08825
0.08806
0.08669
0.08532
0.08435
0.08357
0.08279
0.082
0.08103
0.08005
0.07966
0.0781
0.07771
0.07673
0.07556
0.07497
0.07419
0.07361
0.07204
0.07146
0.07087
0.07009
0.06872
0.06853
0.06736
0.06677
0.06618
0.06501
0.06423
0.06384
0.06267
0.0615
0.06169
0.06111
0.06013
0.05954
0.05837
0.05818
0.0572
0.05681
0.05583
0.05466
0.05407
0.05368
0.0529
0.05212
0.05173
0.05095
0.05036
0.04997
0.04958
0.04861
0.04763
0.04763
0.04724
0.04743
0.04743
0.04743
0.04743
0.04782
0.04743
0.04763
0.04763
0.04724
0.04782
0.04763
0.04763
0.04743
0.04724
0.04802
0.04782
0.04743
0.04685
0.04665
0.04626
0.04626
0.04587
0.04587
0.04529
0.04509
0.04489
0.0445
0.0445
0.04392
0.04392
0.04294
0.04255
0.04294
0.04236
0.04118
0.0406
0.04079
0.04021
0.03962
0.03923
0.03943
0.03884
0.03884
0.03786
0.03767
0.03708
0.03689
0.0365
0.03611
0.03552
0.03532
0.03474
0.03415
0.03376
0.03376
0.03357
0.03357
0.03259
0.03239
0.03161
0.03122
0.03083
0.03064
0.03005
0.02986
0.02966
0.02946
0.02849
0.0281
0.02751
0.02751
0.02751
0.02634
0.02634
0.02595
0.02595
0.02517
0.02517
0.02497
0.024
0.02419
0.02302
0.02302
0.02263
0.02263
0.02224
0.02165
0.02126
0.02107
0.02087
0.02048
0.02029
0.02029
0.01989
0.02009
0.01931
0.01911
0.01872
0.01892
0.01833
0.01892
0.01853
0.01775
0.01775
0.01775
0.01755
0.01736
0.01696
0.01677
0.01657
0.01677
0.01657
0.01638
0.01599
0.01599
0.01579
0.0156
0.01579
0.01521
0.01482
0.01501
0.01443
0.01443
0.01423
0.01384
0.01404
0.01364
0.01345
0.01345
0.01267
0.01267
0.01208
0.01247
0.01228
0.01247
0.01267
0.01228
0.01169
0.01228
0.0115
0.0115
0.0115
0.0115
0.0115
0.0113
0.01052
0.01091
0.01071
0.01032
0.01071
0.01013
0.01013
0.00974
0.00993
0.00974
0.00954
0.00935
0.00935
0.00876
0.00935
0.00876
0.00876
0.00837
0.00876
0.00837
0.00818
0.00798
0.00779
0.00779
0.00759
0.00739
0.00739
0.0072
0.007
0.00661
0.00642
0.0072
0.007
0.00661
0.00661
0.00603
0.00603
0.00564
0.00564
0.00622
0.00642
0.00622
0.00564
0.00564
0.00564
0.00525
0.00525
0.00564
0.00544
0.00544
0.00525
0.00505
0.00525
0.00544
0.00525
0.00525
0.00486
0.00544
0.00525
0.00525
0.00466
0.00466
0.00446
0.00486
0.00466
0.00486
0.00427
0.00446
0.00407
0.00427
0.00407
0.00368
0.00329
0.00349
0.00349
0.00329
0.0031
0.00271
0.00329
0.0031
0.0029
0.00212
0.00251
0.00271
0.00212
0.00251
0.00212
0.00212
0.00173
0.00193
0.00232
0.00173
0.00193
0.00193
0.00193
0.00173
0.00134
0.00154
0.00154
0.00173
0.00154
0.00154
0.00134
0.00173
0.00134
0.00154
0.00134
0.00173
0.00173
0.00134
0.00173
0.00173
0.00154
0.00134
0.00134
0.00154
0.00134
0.00114
0.00095
0.00095
0.00114
0.00095
0.00114
0.00095
0.00095
0.00114
0.00095
0.00075
0.00017
-3e-05
0.00056
0.00056
0.00075
0.00075
0.00056
0.00075
0.00017
0.00075
0.00075
0.00056
0.00036
0.00036
0.00056
0.00075
0.00036
0.00056
-3e-05
0.00056
0.00056
0.00017
0.00036
0.00036
-0.00022
0.00036
-0.00022
0.00017
0.00017
0.00075
0.00036
-3e-05
-0.00022
0.00017
-3e-05
0.00017
0.00017
0.00036
-0.00022
-0.00022
-0.00022
-0.00022
-0.00022
-0.00022
-0.00061
-0.00081
-0.00061
-0.001
-0.00061
-0.00081
-0.001
-0.00139
-0.0012
-0.001
-0.001
-0.00081
-0.0012
-0.0012
-0.0012
-0.00159
-0.0012
-0.00159
-0.001
-0.00159
-0.00139
-0.001
-0.00139
-0.001
-0.0012
-0.001
-0.00061
-0.0012
-0.00061
-0.001
-0.001
-0.001
-0.00081
-0.001
-0.00042
-0.00022
-0.00061
-0.00081
-0.00042
-0.00081
-0.001
-0.00061
-0.001
-0.00061
-0.00081
-0.00022
-0.00081
-0.00061
-0.00081
-0.0012
-0.001
-0.0012
-0.001
-0.001
-0.001
-0.001
-0.00179
-0.0012
-0.0012
-0.0012
-0.0012
-0.0012
-0.00139
-0.001
-0.00159
-0.00139
-0.001
-0.00139
-0.0012
-0.00139
-0.0012
-0.00139
-0.00139
-0.00159
-0.0012
-0.00139
-0.00179
-0.0012
-0.00159
-0.00159
-0.00159
-0.00198
-0.00159
-0.00179
-0.00179
-0.00237
-0.00218
-0.00179
-0.00159
-0.00159
-0.00139
-0.00159
-0.00159
-0.0012
-0.0012
-0.00159
-0.00179
-0.00179
-0.00139
-0.00159
-0.00198
-0.00179
-0.00218
-0.00179
-0.00159
-0.00179
-0.00139
-0.00139
-0.0012
-0.00139
-0.00139
-0.00198
-0.00179
-0.00179
-0.00159
-0.00159
-0.00179
-0.00159
-0.00139
-0.00159
-0.0012
-0.00198
-0.00139
-0.00159
-0.00159
-0.00159
-0.00218
-0.00198
-0.00198
-0.00218
-0.00198
-0.00218
-0.00179
-0.00179
-0.00139
-0.00159
-0.00159
-0.00198
-0.00198
-0.00198
-0.00159
-0.00179
-0.00179
-0.00198
-0.00218
-0.00198
-0.00218
-0.00218
-0.00179
-0.00179
-0.00159
-0.00218
-0.00198
-0.00198
-0.00218
-0.00218
-0.00237
-0.00218
-0.00237
-0.00237
-0.00276
-0.00257
-0.00276
-0.00257
-0.00276
-0.00218
-0.00198
-0.00218
-0.00198
-0.00218
-0.00218
-0.00218
-0.00237
-0.00237
-0.00237
-0.00179
-0.00237
-0.00198
-0.00218
-0.00179
-0.00179
-0.00179
-0.00179
-0.00218
-0.00198
-0.00198
-0.00179
-0.00179
-0.00198
-0.00179
-0.00198
-0.00218
-0.00237
-0.00179
-0.00179
-0.00159
-0.00159
-0.00179
-0.00159
-0.00139
-0.00159
-0.00139
-0.00179
-0.00139
-0.0012
-0.0012
-0.00159
-0.00179
-0.00179
-0.00218
-0.00159
-0.00179
-0.00218
-0.00179
-0.00159
-0.00237
-0.00198
-0.00218
-0.00179
-0.00179
-0.00198
-0.00218
-0.00198
-0.00198
-0.00218
-0.00198
-0.00218
-0.00179
-0.00198
-0.00237
-0.00257
-0.00257
-0.00237
-0.00198
-0.00218
-0.00179
-0.00237
-0.00198
-0.00218
-0.00237
-0.00218
-0.00218
-0.00257
-0.00257
-0.00237
-0.00237
-0.00296
-0.00237
-0.00257
-0.00257
-0.00296
-0.00257
-0.00296
-0.00257
-0.00276
-0.00257
-0.00237
-0.00218
-0.00218
-0.00237
-0.00218
-0.00257
-0.00276
-0.00296
-0.00257
-0.00257
-0.00276
-0.00198
-0.00218
-0.00179
-0.00218
-0.00237
-0.00237
-0.00218
-0.00237
-0.00218
-0.00198
-0.00218
-0.00139
-0.00237
-0.00198
-0.00276
-0.00257
-0.00237
-0.00218
-0.00198
-0.00257
-0.00296
-0.00237
-0.00257
-0.00218
-0.00218
-0.00237
-0.00257
-0.00218
-0.00237
-0.00237
-0.00198
-0.00237
-0.00218
-0.00257
-0.00257
-0.00198
-0.00237
-0.00198
-0.00276
-0.00218
-0.00237
-0.00218
-0.00276
-0.00276
-0.00257
-0.00276
-0.00257
-0.00257
-0.00237
-0.00276
-0.00257
-0.00276
-0.00237
-0.00237
-0.00257
-0.00296
-0.00276
-0.00237
-0.00218
-0.00237
-0.00257
-0.00257
-0.00257
-0.00237
-0.00257
-0.00296
-0.00218
-0.00257
-0.00257
-0.00276
-0.00296
-0.00276
-0.00257
-0.00276
-0.00257
-0.00237
-0.00257
-0.00257
-0.00276
-0.00237
-0.00276
-0.00257
-0.00237
-0.00257
-0.00237
-0.00257
-0.00257
-0.00218
-0.00198
-0.00218
-0.00218
-0.00198
-0.00198
-0.00198
-0.00218
-0.00257
-0.00257
-0.00237
-0.00237
-0.00296
-0.00296
-0.00315
-0.00276
-0.00276
-0.00237
-0.00296
-0.00237
-0.00257
-0.00237
-0.00257
-0.00237
-0.00237
-0.00237
-0.00276
-0.00276
-0.00296
-0.00315
-0.00296
-0.00296
-0.00276
-0.00296
-0.00296
-0.00276
-0.00296
-0.00296
-0.00296
-0.00315
-0.00296
-0.00296
-0.00374
-0.00257
-0.00296
-0.00296
-0.00315
-0.00296
-0.00296
-0.00374
-0.00296
-0.00276
-0.00276
-0.00296
-0.00335
-0.00276
-0.00335
-0.00276
-0.00296
-0.00276
-0.00257
-0.00276
-0.00296
-0.00296
-0.00276
-0.00315
-0.00315
-0.00315
-0.00296
-0.00237
-0.00237
-0.00276
-0.00276
-0.00257
-0.00276
-0.00257
-0.00276
-0.00296
-0.00296
-0.00296
-0.00257
-0.00257
-0.00237
-0.00315
-0.00257
-0.00257
-0.00296
-0.00257
-0.00276
-0.00257
-0.00276
-0.00257
-0.00237
-0.00218
-0.00237
-0.00198
-0.00218
-0.00218
-0.00198
-0.00218
-0.00218
-0.00237
-0.00237
-0.00218
-0.00237
-0.00218
-0.00237
-0.00237
-0.00218
-0.00218
-0.00237
-0.00218
-0.00218
-0.00257
-0.00179
-0.00257
-0.00218
-0.00276
-0.00315
-0.00315
-0.00257
-0.00276
-0.00237
-0.00257
-0.00296
-0.00296
-0.00276
-0.00276
-0.00296
-0.00276
-0.00296
-0.00257
-0.00257
-0.00257
-0.00296
-0.00354
-0.00276
-0.00296
-0.00315
-0.00276
-0.00276
-0.00257
-0.00276
-0.00276
-0.00276
-0.00257
-0.00276
-0.00237
-0.00257
-0.00237
-0.00237
-0.00198
-0.00179
-0.00237
-0.00237
-0.00218
-0.00218
-0.00218
-0.00218
-0.00257
-0.00237
-0.00237
-0.00218
-0.00218
-0.00198
-0.00218
-0.00198
-0.00257
-0.00296
-0.00276
-0.00276
-0.00257
-0.00276
-0.00257
-0.00296
-0.00257
-0.00296
-0.00315
-0.00296
-0.00276
-0.00257
-0.00276
-0.00315
-0.00335
-0.00354
-0.00237
