-9.050002528000E-01

-0.00237
-0.00257
-0.00315
-0.00276
-0.00257
-0.00335
-0.00315
-0.00315
-0.00315
-0.00296
-0.00315
-0.00296
-0.00335
-0.00315
-0.00354
-0.00335
-0.00315
-0.00335
-0.00296
-0.00315
-0.00315
-0.00257
-0.00296
-0.00257
-0.00257
-0.00296
-0.00257
-0.00257
-0.00257
-0.00257
-0.00257
-0.00218
-0.00218
-0.00218
-0.00198
-0.00198
-0.00198
-0.00179
-0.00218
-0.00159
-0.00237
-0.00179
-0.00179
-0.00179
-0.00218
-0.00257
-0.00237
-0.00237
-0.00218
-0.00198
-0.00237
-0.00218
-0.00257
-0.00198
-0.00218
-0.00179
-0.00198
-0.00198
-0.00218
-0.00218
-0.00237
-0.00218
-0.00218
-0.00218
-0.00218
-0.00179
-0.00218
-0.00276
-0.00179
-0.00198
-0.00198
-0.00159
-0.00198
-0.00159
-0.00198
-0.00179
-0.00159
-0.00159
-0.00179
-0.00139
-0.00159
-0.00179
-0.00159
-0.0012
-0.00139
-0.00139
-0.0012
-0.00179
-0.00159
-0.00159
-0.00159
-0.00198
-0.00198
-0.00218
-0.00218
-0.00218
-0.00198
-0.00237
-0.00198
-0.00218
-0.00198
-0.00218
-0.00257
-0.00218
-0.00257
-0.00237
-0.00276
-0.00257
-0.00198
-0.00198
-0.00218
-0.00218
-0.00198
-0.00159
-0.00237
-0.00198
-0.00159
-0.00179
-0.00198
-0.00218
-0.00139
-0.00218
-0.00237
-0.00218
-0.00198
-0.00237
-0.00198
-0.00237
-0.00237
-0.00179
-0.00198
-0.00159
-0.00139
-0.00139
-0.00159
-0.00179
-0.00179
-0.00198
-0.00179
-0.00218
-0.00179
-0.00198
-0.00257
-0.00237
-0.00198
-0.00218
-0.00296
-0.00257
-0.00296
-0.00276
-0.00315
-0.00315
-0.00296
-0.00315
-0.00315
-0.00296
-0.00315
-0.00276
-0.00315
-0.00335
-0.00354
-0.00354
-0.00354
-0.00335
-0.00335
-0.00393
-0.00374
-0.00354
-0.00354
-0.00335
-0.00335
-0.00335
-0.00296
-0.00296
-0.00335
-0.00354
-0.00315
-0.00276
-0.00315
-0.00296
-0.00315
-0.00296
-0.00257
-0.00257
-0.00257
-0.00257
-0.00257
-0.00257
-0.00276
-0.00237
-0.00257
-0.00218
-0.00257
-0.00179
-0.00237
-0.00218
-0.00218
-0.00237
-0.00218
-0.00257
-0.00257
-0.00257
-0.00237
-0.00218
-0.00198
-0.00257
-0.00237
-0.00237
-0.00218
-0.00237
-0.00257
-0.00237
-0.00179
-0.00218
-0.00218
-0.00179
-0.00179
-0.0012
-3e-05
0.00075
0.00193
0.0031
0.00407
0.00544
0.0072
0.00896
0.01071
0.01267
0.01462
0.01677
0.01892
0.02068
0.02302
0.02575
0.02751
0.03025
0.03259
0.03493
0.03689
0.03884
0.04021
0.04196
0.04353
0.04489
0.04607
0.04685
0.04743
0.04841
0.04919
0.04997
0.05036
0.05075
0.05114
0.05134
0.05114
0.05154
0.05193
0.05193
0.05154
0.05075
0.05075
0.05075
0.05056
0.05075
0.05056
0.05017
0.04958
0.04958
0.04958
0.0488
0.04861
0.04763
0.04782
0.04782
0.04704
0.04665
0.04626
0.04568
0.04529
0.04509
0.04431
0.04372
0.04353
0.04294
0.04255
0.04216
0.04177
0.04118
0.04118
0.0404
0.03943
0.03923
0.03864
0.03825
0.03747
0.03728
0.0363
0.03591
0.03513
0.03493
0.03435
0.03396
0.03337
0.03279
0.032
0.03142
0.03122
0.03103
0.03025
0.02946
0.02946
0.02907
0.02849
0.02829
0.02751
0.02771
0.02712
0.02712
0.02673
0.02673
0.02614
0.02614
0.02556
0.02517
0.02478
0.02419
0.02439
0.02361
0.02321
0.02341
0.02282
0.02282
0.02204
0.02185
0.02165
0.02146
0.02107
0.02087
0.02087
0.02048
0.02009
0.02009
0.01989
0.02009
0.01931
0.01931
0.01892
0.01892
0.01833
0.01794
0.01736
0.01716
0.01716
0.01696
0.01657
0.01599
0.01579
0.0154
0.01521
0.0154
0.0154
0.01462
0.01423
0.01404
0.01384
0.01384
0.01345
0.01364
0.01364
0.01325
0.01325
0.01306
0.01306
0.01247
0.01267
0.01247
0.01189
0.01189
0.01208
0.01189
0.01169
0.0113
0.0113
0.01111
0.01071
0.01091
0.01052
0.01032
0.01013
0.00974
0.01052
0.01013
0.00974
0.00993
0.00993
0.00954
0.00993
0.00915
0.00896
0.00857
0.00837
0.00818
0.00779
0.00759
0.00759
0.00759
0.0072
0.00739
0.0072
0.007
0.00681
0.00661
0.00661
0.00642
0.00622
0.00603
0.00603
0.00564
0.00583
0.00583
0.00564
0.00544
0.00603
0.00622
0.00564
0.00544
0.00544
0.00583
0.00583
0.00564
0.00564
0.00583
0.00603
0.00642
0.00583
0.00564
0.00583
0.00564
0.00622
0.00622
0.00603
0.00583
0.00583
0.00583
0.00564
0.00603
0.00564
0.00583
0.00544
0.00564
0.00525
0.00525
0.00486
0.00486
0.00466
0.00486
0.00427
0.00407
0.00388
0.00349
0.00368
0.00349
0.00329
0.00271
0.00271
0.00251
0.00232
0.00232
0.00232
0.00212
0.00212
0.00232
0.00251
0.00212
0.00212
0.00193
0.00193
0.00173
0.00193
0.00212
0.00212
0.00193
0.00173
0.00134
0.00173
0.00154
0.00232
0.00232
0.00173
0.00212
0.00212
0.00193
0.00212
0.00212
0.00212
0.00212
0.00193
0.00193
0.00134
0.00154
0.00173
0.00173
0.00193
0.00173
0.00154
0.00114
0.00095
0.00134
0.00114
0.00095
0.00075
0.00075
0.00095
0.00075
0.00075
0.00056
0.00036
0.00056
0.00017
0.00036
-0.00022
0.00017
-3e-05
0.00017
-0.00061
-3e-05
-0.00042
-0.00061
-0.00061
-0.00042
-0.00022
-0.00042
-0.00022
-0.00042
-0.00042
-0.00022
-0.00042
-0.00022
-0.00042
-3e-05
0.00056
0.00017
0.00017
0.00017
0.00017
0.00017
-0.00022
-3e-05
0.00017
0.00017
-3e-05
0.00017
0.00036
-3e-05
0.00017
-0.00042
0.00017
0.00017
-0.00042
-0.00022
-0.00081
-0.00081
-0.001
-0.00061
-0.00042
-0.00081
-0.00081
-0.00081
-0.00081
-0.00061
-0.001
-0.0012
-0.0012
-0.0012
-0.001
-0.0012
-0.00081
-0.0012
-0.00179
-0.00159
-0.00139
-0.0012
-0.0012
-0.00081
-0.001
-0.00042
-0.00022
-0.00081
-0.00081
-0.00081
-0.00022
-3e-05
-3e-05
-0.00042
-0.00042
-0.00042
0.00017
-3e-05
0.00036
0.00036
0.00017
-0.00022
0.00017
0.00017
0.00017
-3e-05
-3e-05
-0.00042
-0.00042
-0.00042
-0.00042
-0.00042
-0.00061
-0.00022
-0.00061
-0.00022
-0.00042
-0.00081
-0.0012
-0.0012
-0.0012
-0.001
-0.00179
-0.00139
-0.00179
-0.00139
-0.00159
-0.0012
-0.00159
-0.00179
-0.00159
-0.00159
-0.00179
-0.00139
-0.00159
-0.0012
-0.00179
-0.00218
-0.00159
-0.00159
-0.00159
-0.00159
-0.00198
-0.00198
-0.00179
-0.00139
-0.00159
-0.00159
-0.00159
-0.00159
-0.00179
-0.00179
-0.001
-0.00139
-0.001
-0.00139
-0.0012
-0.001
-0.00081
-0.0012
-0.00139
-0.00139
-0.00159
-0.00179
-0.00198
-0.0012
-0.00179
-0.00198
-0.00179
-0.00159
-0.00198
-0.00218
-0.00218
-0.00179
-0.00237
-0.00237
-0.00179
-0.00198
-0.00218
-0.00218
-0.00218
-0.00218
-0.00218
-0.00179
-0.00159
-0.00237
-0.00179
-0.00179
-0.00198
-0.00179
-0.00257
-0.00218
-0.00218
-0.00159
-0.00218
-0.00218
-0.00198
-0.00237
-0.00198
-0.00237
-0.00218
-0.00179
-0.00198
-0.00179
-0.00198
-0.00159
-0.00198
-0.00139
-0.00218
-0.00198
-0.00159
-0.00159
-0.00198
-0.00218
-0.00237
-0.00198
-0.00218
-0.00237
-0.00257
-0.00276
-0.00218
-0.00237
-0.00257
-0.00257
-0.00257
-0.00218
-0.00237
-0.00218
-0.00276
-0.00296
-0.00335
-0.00276
-0.00276
-0.00257
-0.00257
-0.00257
-0.00257
-0.00237
-0.00237
-0.00237
-0.00237
-0.00218
-0.00257
-0.00198
-0.00257
-0.00198
-0.00237
-0.00218
-0.00218
-0.00179
-0.00179
-0.00179
-0.00159
-0.00179
-0.00159
-0.00159
-0.00139
-0.00179
-0.00159
-0.0012
-0.00159
-0.00159
-0.00139
-0.00159
-0.00139
-0.00179
-0.00159
-0.00159
-0.00139
-0.00159
-0.00179
-0.00198
-0.00198
-0.00159
-0.00198
-0.00179
-0.00198
-0.00159
-0.00237
-0.00159
-0.00218
-0.00237
-0.00237
-0.00218
-0.00218
-0.00237
-0.00218
-0.00218
-0.00159
-0.00198
-0.00237
-0.00237
-0.00257
-0.00257
-0.00257
-0.00257
-0.00257
-0.00237
-0.00237
-0.00257
-0.00237
-0.00237
-0.00257
-0.00218
-0.00179
-0.00218
-0.00218
-0.00218
-0.00218
-0.00198
-0.00237
-0.00179
-0.00179
-0.00179
-0.00218
-0.00198
-0.00159
-0.00139
-0.00139
-0.00198
-0.00139
-0.00139
-0.00198
-0.00159
-0.00198
-0.00159
-0.00179
-0.00179
-0.00237
-0.00179
-0.00257
-0.00218
-0.00237
-0.00218
-0.00257
-0.00257
-0.00218
-0.00218
-0.00237
-0.00237
-0.00276
-0.00257
-0.00276
-0.00257
-0.00198
-0.00257
-0.00237
-0.00218
-0.00237
-0.00257
-0.00257
-0.00218
-0.00218
-0.00218
-0.00237
-0.00198
-0.00218
-0.00179
-0.00179
-0.00179
-0.00198
-0.00237
-0.00218
-0.00218
-0.00237
-0.00198
-0.00198
-0.00198
-0.00198
-0.00179
-0.00218
-0.00237
-0.00257
-0.00276
-0.00257
-0.00218
-0.00218
-0.00237
-0.00296
-0.00315
-0.00296
-0.00257
-0.00276
-0.00257
-0.00257
-0.00257
-0.00276
-0.00315
-0.00315
-0.00315
-0.00335
-0.00315
-0.00296
-0.00296
-0.00354
-0.00237
-0.00315
-0.00276
-0.00276
-0.00257
-0.00237
-0.00237
-0.00218
-0.00179
-0.00198
-0.00218
-0.00198
-0.00237
-0.00218
-0.00237
-0.00218
-0.00218
-0.00218
-0.00237
-0.00237
-0.00237
-0.00218
-0.00198
-0.00276
-0.00198
-0.00198
-0.00179
-0.00159
-0.00198
-0.00179
-0.00179
-0.00198
-0.00218
-0.00198
-0.00218
-0.00198
-0.00237
-0.00218
-0.00237
-0.00237
-0.00237
-0.00257
-0.00276
-0.00296
-0.00276
-0.00257
-0.00276
-0.00276
-0.00276
-0.00218
-0.00237
-0.00237
-0.00237
-0.00237
-0.00237
-0.00218
-0.00257
-0.00257
-0.00218
-0.00257
-0.00237
-0.00218
-0.00237
-0.00257
-0.00237
-0.00198
-0.00198
-0.00218
-0.00218
-0.00237
-0.00218
-0.00218
-0.00218
-0.00257
-0.00237
-0.00198
-0.00218
-0.00198
-0.00218
-0.00218
-0.00179
-0.00218
-0.00237
-0.00179
-0.00179
-0.00159
-0.00198
-0.00198
-0.00218
-0.00237
-0.00257
-0.00237
-0.00276
-0.00257
-0.00237
-0.00218
-0.00237
-0.00218
-0.00159
-0.00257
-0.00237
-0.00257
-0.00237
-0.00218
-0.00218
-0.00218
-0.00198
-0.00237
-0.00237
-0.00218
-0.00198
-0.00218
-0.00237
-0.00257
-0.00237
-0.00296
-0.00237
-0.00237
-0.00237
-0.00276
-0.00198
-0.00257
-0.00237
-0.00315
-0.00276
-0.00198
-0.00218
-0.00218
-0.00218
-0.00237
-0.00218
-0.00218
-0.00218
-0.00257
-0.00257
-0.00218
-0.00276
-0.00257
-0.00315
-0.00296
-0.00276
-0.00276
-0.00296
-0.00296
-0.00296
-0.00315
-0.00335
-0.00315
-0.00335
-0.00354
-0.00296
-0.00296
-0.00276
-0.00296
-0.00257
-0.00276
-0.00276
-0.00276
-0.00237
-0.00296
-0.00257
-0.00257
-0.00276
-0.00276
-0.00276
-0.00257
-0.00237
-0.00257
-0.00276
-0.00276
-0.00296
-0.00257
-0.00257
-0.00218
-0.00296
-0.00257
-0.00237
-0.00198
-0.00179
-0.00237
-0.00218
-0.00218
-0.00179
-0.00218
-0.00179
-0.00218
-0.00237
-0.00257
-0.00257
-0.00237
-0.00237
-0.00237
-0.00218
-0.00296
-0.00257
-0.00276
-0.00257
-0.00257
-0.00257
-0.00296
-0.00296
-0.00237
-0.00257
-0.00276
-0.00315
-0.00315
-0.00276
-0.00257
-0.00296
-0.00257
-0.00296
-0.00296
-0.00257
-0.00198
-0.00257
-0.00315
-0.00276
-0.00296
-0.00335
-0.00276
-0.00296
-0.00315
-0.00257
-0.00237
-0.00296
-0.00257
-0.00276
-0.00276
-0.00257
-0.00257
-0.00237
-0.00237
-0.00198
-0.00179
-0.00198
-0.00257
-0.00179
-0.00198
-0.00198
-0.00218
-0.00159
-0.00179
-0.00179
-0.00198
-0.00198
-0.00218
-0.00179
-0.00159
-0.00198
-0.00198
-0.00179
-0.00179
-0.00218
-0.00237
-0.00237
-0.00218
-0.00257
-0.00257
-0.00218
-0.00237
-0.00237
-0.00237
-0.00237
-0.00237
-0.00237
-0.00257
-0.00218
-0.00296
-0.00257
-0.00257
-0.00237
-0.00237
-0.00257
-0.00218
-0.00237
-0.00237
-0.00257
-0.00257
-0.00218
-0.00237
-0.00218
-0.00257
-0.00198
-0.00237
-0.00237
-0.00218
-0.00257
-0.00257
-0.00257
-0.00237
-0.00257
-0.00237
-0.00257
-0.00257
-0.00257
-0.00276
-0.00218
-0.00257
-0.00257
-0.00315
-0.00296
-0.00374
-0.00315
-0.00296
-0.00315
