-1.795000502400E+00

-0.00257
-0.00257
-0.00198
-0.00237
-0.00237
-0.00237
-0.00276
-0.00237
-0.00296
-0.00257
-0.00237
-0.00257
-0.00276
-0.00257
-0.00276
-0.00257
-0.00237
-0.00198
-0.00218
-0.00218
-0.00237
-0.00237
-0.00218
-0.00218
-0.00179
-0.00218
-0.00257
-0.00218
-0.00198
-0.00179
-0.00237
-0.00237
-0.00218
-0.00257
-0.00237
-0.00257
-0.00237
-0.00257
-0.00257
-0.00257
-0.00276
-0.00237
-0.00257
-0.00276
-0.00198
-0.00257
-0.00257
-0.00257
-0.00276
-0.00237
-0.00257
-0.00218
-0.00276
-0.00237
-0.00276
-0.00296
-0.00276
-0.00296
-0.00296
-0.00276
-0.00296
-0.00296
-0.00296
-0.00315
-0.00276
-0.00276
-0.00296
-0.00257
-0.00276
-0.00257
-0.00296
-0.00257
-0.00276
-0.00296
-0.00276
-0.00257
-0.00257
-0.00257
-0.00276
-0.00257
-0.00237
-0.00296
-0.00315
-0.00315
-0.00315
-0.00315
-0.00315
-0.00276
-0.00257
-0.00296
-0.00315
-0.00296
-0.00296
-0.00257
-0.00276
-0.00276
-0.00257
-0.00237
-0.00276
-0.00257
-0.00257
-0.00237
-0.00257
-0.00237
-0.00237
-0.00276
-0.00296
-0.00276
-0.00198
-0.00237
-0.00218
-0.00198
-0.00198
-0.00198
-0.00237
-0.00218
-0.00218
-0.00179
-0.00198
-0.00198
-0.00218
-0.00237
-0.00276
-0.00218
-0.00257
-0.00218
-0.00276
-0.00218
-0.00237
-0.00198
-0.00237
-0.00218
-0.00237
-0.00237
-0.00237
-0.00237
-0.00237
-0.00257
-0.00237
-0.00237
-0.00218
-0.00237
-0.00218
-0.00237
-0.00198
-0.00218
-0.00237
-0.00296
-0.00257
-0.00276
-0.00296
-0.00296
-0.00296
-0.00296
-0.00276
-0.00257
-0.00315
-0.00257
-0.00237
-0.00257
-0.00296
-0.00257
-0.00296
-0.00276
-0.00257
-0.00296
-0.00276
-0.00276
-0.00276
-0.00257
-0.00296
-0.00257
-0.00315
-0.00276
-0.00296
-0.00315
-0.00296
-0.00276
-0.00237
-0.00315
-0.00237
-0.00237
-0.00237
-0.00257
-0.00296
-0.00296
-0.00315
-0.00257
-0.00296
-0.00276
-0.00335
-0.00276
-0.00315
-0.00296
-0.00315
-0.00296
-0.00257
-0.00257
-0.00315
-0.00276
-0.00315
-0.00315
-0.00335
-0.00276
-0.00257
-0.00276
-0.00296
-0.00257
-0.00276
-0.00257
-0.00296
-0.00237
-0.00257
-0.00237
-0.00257
-0.00276
-0.00257
-0.00257
-0.00159
-0.00061
0.00075
0.00154
0.00407
0.00622
0.00935
0.01306
0.01638
0.02009
0.024
0.02849
0.03259
0.03747
0.04275
0.04763
0.05251
0.05798
0.06325
0.06716
0.07185
0.07536
0.07986
0.08298
0.08591
0.08845
0.09099
0.09314
0.09529
0.09704
0.09861
0.10017
0.10095
0.10173
0.1031
0.10368
0.10427
0.10525
0.10486
0.10525
0.10544
0.10564
0.10544
0.10505
0.10466
0.10447
0.10388
0.1031
0.10232
0.10193
0.10095
0.10017
0.09958
0.09861
0.09802
0.09704
0.09587
0.0947
0.09411
0.09333
0.09236
0.09157
0.0906
0.08962
0.08825
0.08767
0.08689
0.08571
0.08454
0.08357
0.08298
0.08142
0.08025
0.07907
0.0781
0.07732
0.07634
0.07575
0.074
0.07341
0.07224
0.07165
0.07048
0.0695
0.06833
0.06755
0.06677
0.06521
0.06482
0.06404
0.06345
0.06267
0.06189
0.06169
0.06052
0.05954
0.05857
0.05837
0.05798
0.057
0.05622
0.05486
0.05466
0.05388
0.05368
0.05271
0.05134
0.05095
0.05056
0.04997
0.04958
0.049
0.04782
0.04763
0.04724
0.04665
0.04646
0.04587
0.04548
0.04489
0.0445
0.04353
0.04294
0.04255
0.04157
0.04157
0.04079
0.0406
0.04001
0.03943
0.03864
0.03845
0.03786
0.03689
0.03728
0.0365
0.0365
0.03532
0.03493
0.03474
0.03415
0.03435
0.03376
0.03357
0.03279
0.0322
0.03181
0.03181
0.03103
0.03103
0.03064
0.03005
0.03005
0.02927
0.02868
0.02868
0.02829
0.02868
0.0281
0.02751
0.02673
0.02712
0.02654
0.02595
0.02595
0.02536
0.02556
0.02517
0.02497
0.02478
0.024
0.024
0.02341
0.02361
0.02263
0.02185
0.02224
0.02165
0.02126
0.02087
0.02107
0.02087
0.02009
0.02009
0.01989
0.0195
0.01872
0.01853
0.01853
0.01833
0.01814
0.01814
0.01775
0.01794
0.01736
0.01716
0.01696
0.01677
0.01696
0.01599
0.01618
0.01618
0.01599
0.0156
0.0156
0.0156
0.01501
0.01521
0.01462
0.01443
0.01443
0.01462
0.01443
0.01423
0.01384
0.01364
0.01325
0.01306
0.01325
0.01286
0.01267
0.01286
0.01286
0.01267
0.01247
0.01228
0.01208
0.01208
0.0115
0.0113
0.01111
0.0113
0.01071
0.01071
0.01032
0.01052
0.00993
0.00974
0.00993
0.00993
0.00915
0.00915
0.00954
0.00896
0.00915
0.00876
0.00837
0.00876
0.00837
0.00798
0.00818
0.00779
0.00798
0.00818
0.00739
0.00779
0.00739
0.00739
0.007
0.00681
0.00681
0.007
0.00661
0.00642
0.00622
0.00603
0.00583
0.00603
0.00622
0.00603
0.00564
0.00583
0.00583
0.00544
0.00583
0.00544
0.00505
0.00544
0.00544
0.00525
0.00525
0.00505
0.00544
0.00583
0.00505
0.00564
0.00486
0.00446
0.00466
0.00446
0.00486
0.00466
0.00427
0.00407
0.00388
0.00407
0.00349
0.00349
0.00388
0.00349
0.00329
0.00407
0.00407
0.00349
0.00349
0.00368
0.00329
0.00349
0.00388
0.00388
0.00349
0.00349
0.00349
0.00368
0.00329
0.00329
0.0029
0.00271
0.00271
0.00251
0.0029
0.0031
0.00251
0.00212
0.00232
0.00232
0.00212
0.00232
0.00212
0.00212
0.00193
0.00154
0.00134
0.00212
0.00114
0.00134
0.00095
0.00114
0.00114
0.00114
0.00114
0.00114
0.00095
0.00134
0.00075
0.00134
0.00075
0.00056
0.00075
0.00075
0.00036
0.00114
0.00036
0.00017
0.00056
0.00036
0.00075
0.00056
0.00095
0.00114
0.00114
0.00095
0.00075
0.00075
0.00036
0.00095
0.00056
0.00056
0.00056
0.00075
0.00036
0.00095
0.00036
0.00036
-3e-05
0.00056
0.00017
-3e-05
0.00036
0.00036
0.00017
0.00017
0.00036
-3e-05
-3e-05
-3e-05
-3e-05
-0.00022
-0.00022
-3e-05
-0.00022
0.00017
-0.00022
-0.00042
-0.00061
-0.00061
-0.00081
-3e-05
-0.00081
-0.001
-0.00139
-0.0012
-0.00159
-0.0012
-0.0012
-0.00081
-0.00061
-0.00081
-0.00061
-0.001
-0.00061
-0.001
-0.00081
-0.001
-0.0012
-0.001
-0.0012
-0.00081
-0.00081
-0.001
-0.00061
-0.00081
-0.0012
-0.001
-0.00081
-0.00139
-0.00061
-0.00042
-0.00081
-3e-05
-0.00061
-0.00042
-0.0012
-0.0012
-0.0012
-0.00081
-0.001
-0.00081
-0.001
-0.00081
-0.001
-0.001
-0.0012
-0.001
-0.001
-0.001
-0.001
-0.00139
-0.00139
-0.001
-0.00139
-0.0012
-0.001
-0.001
-0.00159
-0.0012
-0.00139
-0.00159
-0.0012
-0.00139
-0.00159
-0.001
-0.00159
-0.0012
-0.00159
-0.001
-0.00179
-0.00139
-0.00159
-0.00159
-0.00179
-0.00198
-0.00198
-0.00198
-0.00179
-0.00179
-0.00198
-0.00179
-0.00218
-0.00198
-0.00198
-0.00179
-0.00198
-0.00218
-0.00159
-0.00179
-0.00218
-0.00237
-0.00257
-0.00237
-0.00218
-0.00237
-0.00218
-0.00218
-0.00257
-0.00237
-0.00296
-0.00296
-0.00276
-0.00257
-0.00257
-0.00276
-0.00257
-0.00237
-0.00257
-0.00296
-0.00257
-0.00257
-0.00257
-0.00159
-0.00179
-0.00237
-0.00237
-0.00198
-0.00198
-0.00198
-0.00198
-0.00237
-0.00218
-0.00237
-0.00218
-0.00237
-0.00218
-0.00257
-0.00237
-0.00198
-0.00218
-0.00159
-0.00179
-0.00198
-0.00159
-0.00179
-0.00179
-0.00179
-0.00198
-0.00179
-0.00198
-0.00198
-0.00179
-0.00179
-0.00198
-0.00179
-0.00237
-0.00218
-0.00198
-0.00218
-0.00218
-0.00218
-0.00257
-0.00237
-0.00198
-0.00218
-0.00159
-0.00237
-0.00198
-0.00218
-0.00237
-0.00198
-0.00218
-0.00198
-0.00237
-0.00218
-0.00257
-0.00237
-0.00296
-0.00237
-0.00257
-0.00237
-0.00257
-0.00257
-0.00237
-0.00218
-0.00198
-0.00218
-0.00218
-0.00237
-0.00237
-0.00257
-0.00237
-0.00198
-0.00237
-0.00179
-0.00218
-0.00218
-0.00237
-0.00276
-0.00237
-0.00179
-0.00198
-0.00159
-0.00218
-0.00198
-0.00257
-0.00218
-0.00198
-0.00237
-0.00218
-0.00198
-0.00179
-0.00198
-0.00257
-0.00218
-0.00218
-0.00218
-0.00237
-0.00257
-0.00257
-0.00237
-0.00276
-0.00198
-0.00257
-0.00198
-0.00296
-0.00257
-0.00257
-0.00218
-0.00237
-0.00218
-0.00237
-0.00198
-0.00237
-0.00198
-0.00257
-0.00198
-0.00257
-0.00218
-0.00237
-0.00159
-0.00198
-0.00237
-0.00218
-0.00198
-0.00179
-0.00198
-0.00198
-0.00139
-0.00218
-0.00159
-0.00179
-0.00179
-0.00218
-0.00257
-0.00198
-0.00198
-0.00237
-0.00237
-0.00218
-0.00198
-0.00159
-0.00198
-0.00179
-0.00257
-0.00218
-0.00179
-0.00257
-0.00237
-0.00237
-0.00237
-0.00218
-0.00198
-0.00198
-0.00237
-0.00218
-0.00218
-0.00237
-0.00237
-0.00237
-0.00257
-0.00257
-0.00218
-0.00237
-0.00257
-0.00237
-0.00237
-0.00237
-0.00237
-0.00218
-0.00218
-0.00179
-0.00179
-0.00218
-0.00218
-0.00198
-0.00179
-0.00198
-0.00159
-0.00237
-0.00237
-0.00237
-0.00198
-0.00139
-0.00179
-0.00218
-0.00218
-0.00257
-0.00218
-0.00257
-0.00257
-0.00257
-0.00237
-0.00276
-0.00257
-0.00315
-0.00296
-0.00315
-0.00276
-0.00257
-0.00218
-0.00276
-0.00315
-0.00335
-0.00296
-0.00296
-0.00315
-0.00315
-0.00315
-0.00374
-0.00296
-0.00315
-0.00354
-0.00335
-0.00296
-0.00296
-0.00315
-0.00315
-0.00315
-0.00296
-0.00276
-0.00296
-0.00315
-0.00315
-0.00257
-0.00315
-0.00296
-0.00276
-0.00276
-0.00276
-0.00257
-0.00257
-0.00335
-0.00296
-0.00315
-0.00315
-0.00296
-0.00296
-0.00257
-0.00276
-0.00296
-0.00296
-0.00237
-0.00218
-0.00296
-0.00276
-0.00296
-0.00276
-0.00257
-0.00237
-0.00257
-0.00257
-0.00237
-0.00296
-0.00276
-0.00276
-0.00257
-0.00237
-0.00276
-0.00296
-0.00276
-0.00257
-0.00237
-0.00276
-0.00276
-0.00296
-0.00257
-0.00276
-0.00218
-0.00237
-0.00218
-0.00237
-0.00276
-0.00257
-0.00198
-0.00257
-0.00257
-0.00218
-0.00257
-0.00257
-0.00237
-0.00257
-0.00257
-0.00257
-0.00237
-0.00237
-0.00237
-0.00237
-0.00237
-0.00237
-0.00237
-0.00237
-0.00257
-0.00315
-0.00276
-0.00276
-0.00296
-0.00257
-0.00276
-0.00257
-0.00296
-0.00257
-0.00296
-0.00296
-0.00257
-0.00315
-0.00276
-0.00296
-0.00276
-0.00257
-0.00296
-0.00296
-0.00296
-0.00276
-0.00257
-0.00276
-0.00257
-0.00296
-0.00296
-0.00276
-0.00257
-0.00237
-0.00218
-0.00257
-0.00218
-0.00218
-0.00198
-0.00218
-0.00237
-0.00257
-0.00257
-0.00237
-0.00179
-0.00198
-0.00218
-0.00237
-0.00237
-0.00276
-0.00218
-0.00198
-0.00218
-0.00257
-0.00276
-0.00276
-0.00257
-0.00257
-0.00276
-0.00296
-0.00276
-0.00276
-0.00276
-0.00276
-0.00276
-0.00276
-0.00237
-0.00276
-0.00276
-0.00315
-0.00276
-0.00237
-0.00237
-0.00296
-0.00276
-0.00276
-0.00296
-0.00296
-0.00315
-0.00276
-0.00315
-0.00315
-0.00296
-0.00296
-0.00315
-0.00335
-0.00315
-0.00315
-0.00315
-0.00296
-0.00276
-0.00315
-0.00296
-0.00315
-0.00257
-0.00335
-0.00296
-0.00315
-0.00296
-0.00296
-0.00296
-0.00257
-0.00257
-0.00296
-0.00257
-0.00296
-0.00296
-0.00276
-0.00296
-0.00315
-0.00276
-0.00296
-0.00257
-0.00257
-0.00276
-0.00335
-0.00296
-0.00296
-0.00237
-0.00276
-0.00257
-0.00296
-0.00257
-0.00296
-0.00257
-0.00276
-0.00257
-0.00237
-0.00276
-0.00276
-0.00257
-0.00296
-0.00315
-0.00296
-0.00296
-0.00296
-0.00296
-0.00315
-0.00296
-0.00296
-0.00257
-0.00257
-0.00257
-0.00237
-0.00296
-0.00296
-0.00276
-0.00315
-0.00257
-0.00276
-0.00257
-0.00218
-0.00237
-0.00296
-0.00315
-0.00276
-0.00335
-0.00315
-0.00257
-0.00276
-0.00315
-0.00335
-0.00257
-0.00257
-0.00296
-0.00315
-0.00296
-0.00276
-0.00257
-0.00296
-0.00257
-0.00296
-0.00237
-0.00276
-0.00257
-0.00257
-0.00257
-0.00237
-0.00218
-0.00257
-0.00315
-0.00335
-0.00315
-0.00276
-0.00237
-0.00237
-0.00237
