-5.300001600000E-02

-0.00237
-0.00237
-0.00276
-0.00237
-0.00218
-0.00218
-0.00237
-0.00237
-0.00159
-0.00179
-0.00179
-0.00198
-0.00179
-0.00179
-0.00237
-0.00237
-0.00218
-0.00237
-0.00237
-0.00237
-0.00198
-0.00218
-0.00237
-0.00257
-0.00237
-0.00276
-0.00276
-0.00237
-0.00237
-0.00257
-0.00257
-0.00296
-0.00276
-0.00218
-0.00218
-0.00276
-0.00198
-0.00257
-0.00237
-0.00315
-0.00315
-0.00276
-0.00315
-0.00315
-0.00257
-0.00276
-0.00237
-0.00296
-0.00296
-0.00296
-0.00257
-0.00276
-0.00198
-0.00276
-0.00218
-0.00237
-0.00257
-0.00237
-0.00257
-0.00257
-0.00276
-0.00237
-0.00237
-0.00257
-0.00276
-0.00218
-0.00276
-0.00276
-0.00198
-0.00218
-0.00257
-0.00198
-0.00218
-0.00237
-0.00237
-0.00198
-0.00198
-0.00237
-0.00237
-0.00237
-0.00257
-0.00198
-0.00296
-0.00257
-0.00237
-0.00276
-0.00237
-0.00257
-0.00257
-0.00257
-0.00276
-0.00315
-0.00276
-0.00257
-0.00276
-0.00335
-0.00354
-0.00315
-0.00315
-0.00276
-0.00296
-0.00276
-0.00315
-0.00315
-0.00296
-0.00276
-0.00276
-0.00257
-0.00315
-0.00257
-0.00237
-0.00237
-0.00257
-0.00257
-0.00296
-0.00237
-0.00296
-0.00296
-0.00218
-0.00237
-0.00198
-0.00237
-0.00237
-0.00276
-0.00237
-0.00237
-0.00198
-0.00198
-0.00237
-0.00218
-0.00139
-0.00159
-0.00198
-0.00179
-0.00198
-0.00237
-0.00218
-0.00198
-0.00237
-0.00179
-0.00218
-0.00257
-0.00218
-0.00237
-0.00218
-0.00237
-0.00257
-0.00237
-0.00237
-0.00237
-0.00237
-0.00296
-0.00257
-0.00218
-0.00257
-0.00198
-0.00257
-0.00218
-0.00237
-0.00237
-0.00257
-0.00218
-0.00218
-0.00237
-0.00218
-0.00296
-0.00276
-0.00276
-0.00296
-0.00218
-0.00237
-0.00198
-0.00237
-0.00237
-0.00237
-0.00198
-0.00218
-0.00218
-0.00198
-0.00218
-0.00237
-0.00257
-0.00296
-0.00296
-0.00257
-0.00276
-0.00237
-0.00296
-0.00257
-0.00218
-0.00257
-0.00257
-0.00257
-0.00257
-0.00257
-0.00276
-0.00218
-0.00257
-0.00237
-0.00198
-0.00257
-0.00257
-0.00276
-0.00198
-0.00159
-0.00061
0.00056
0.00154
0.0029
0.00388
0.00525
0.00564
0.00739
0.00798
0.00935
0.01032
0.01228
0.01423
0.01618
0.01755
0.0195
0.02107
0.02224
0.024
0.02497
0.02673
0.02732
0.02888
0.02927
0.03083
0.03181
0.03337
0.03591
0.03806
0.04099
0.04294
0.04587
0.04861
0.05075
0.05251
0.05466
0.05583
0.05779
0.05876
0.06052
0.0615
0.06189
0.06247
0.06345
0.06364
0.06501
0.06482
0.0654
0.0654
0.06599
0.06638
0.06579
0.06579
0.06521
0.0656
0.06579
0.06501
0.06482
0.06423
0.06404
0.06404
0.06364
0.06286
0.06247
0.06208
0.0613
0.06071
0.05993
0.05935
0.05954
0.05876
0.05837
0.05779
0.057
0.05642
0.05544
0.05525
0.05466
0.05388
0.0531
0.05232
0.05154
0.05154
0.05036
0.04978
0.04919
0.04841
0.04802
0.04743
0.04665
0.04568
0.0447
0.0447
0.0445
0.04431
0.04333
0.04294
0.04157
0.04138
0.04118
0.04001
0.04001
0.03943
0.03904
0.03825
0.03786
0.03708
0.03689
0.0365
0.03611
0.03552
0.03493
0.03474
0.03435
0.03396
0.03337
0.03337
0.03298
0.03259
0.03239
0.03161
0.03142
0.03083
0.03044
0.03025
0.03005
0.02946
0.02946
0.02946
0.02868
0.02829
0.0281
0.02771
0.02712
0.02654
0.02634
0.02614
0.02595
0.02536
0.02517
0.02439
0.02439
0.02341
0.02321
0.02302
0.02263
0.02243
0.02146
0.02165
0.02107
0.02126
0.02107
0.02068
0.02009
0.02029
0.02009
0.02029
0.01989
0.01931
0.01872
0.01892
0.01892
0.01892
0.01833
0.01794
0.01775
0.01755
0.01755
0.01677
0.01736
0.01677
0.01638
0.01657
0.01618
0.01618
0.01599
0.01599
0.0156
0.0154
0.0154
0.01521
0.01501
0.01501
0.01482
0.01443
0.01423
0.01384
0.01384
0.01364
0.01286
0.01247
0.01286
0.01306
0.01247
0.01189
0.01208
0.0115
0.0113
0.0115
0.0115
0.01091
0.01111
0.00993
0.01052
0.01013
0.01032
0.00993
0.00993
0.00954
0.00896
0.00935
0.00876
0.00915
0.00915
0.00915
0.00837
0.00857
0.00876
0.00837
0.00798
0.00798
0.00798
0.00798
0.00837
0.00798
0.00798
0.0072
0.00759
0.00759
0.00759
0.00759
0.00759
0.0072
0.00759
0.0072
0.00739
0.00661
0.0072
0.007
0.00681
0.00661
0.00681
0.00622
0.00642
0.00564
0.00622
0.00603
0.00583
0.00583
0.00603
0.00583
0.00583
0.00564
0.00525
0.00525
0.00525
0.00525
0.00486
0.00466
0.00446
0.00505
0.00505
0.00466
0.00486
0.00446
0.00446
0.00427
0.00427
0.00446
0.00427
0.00368
0.00329
0.00368
0.00349
0.00349
0.00349
0.00388
0.00349
0.0031
0.00388
0.00368
0.00349
0.00271
0.0029
0.0029
0.0029
0.0029
0.00271
0.00271
0.00251
0.00232
0.00271
0.00271
0.00251
0.00193
0.00212
0.00232
0.00193
0.00193
0.00173
0.00173
0.00173
0.00173
0.00134
0.00193
0.00173
0.00134
0.00154
0.00134
0.00095
0.00114
0.00154
0.00154
0.00154
0.00114
0.00075
0.00075
0.00056
0.00075
0.00056
0.00075
0.00095
0.00095
0.00075
0.00114
0.00134
0.00095
0.00134
0.00095
0.00075
0.00095
0.00075
0.00114
0.00075
0.00075
0.00075
0.00095
0.00114
0.00075
0.00114
0.00075
0.00056
0.00075
0.00056
0.00017
0.00017
0.00017
0.00075
0.00056
0.00056
0.00036
0.00036
0.00056
0.00056
0.00056
0.00036
0.00017
0.00056
0.00036
0.00036
0.00017
-0.00042
-0.00042
-0.00042
-3e-05
-0.00042
-0.00022
0.00017
-0.00022
-0.00042
-0.00042
-0.00081
-3e-05
-0.00081
-0.00042
-0.00081
-0.00061
-0.00022
-0.00042
-3e-05
-0.00061
-0.00022
-0.00042
-3e-05
-0.00022
-0.00022
-0.00042
-0.00022
-0.00061
-0.00042
-0.00042
-0.00061
-0.00081
-0.001
-0.001
-0.00081
-0.00022
-0.00081
0.00017
-0.00061
-0.00061
-0.00022
-0.001
-0.00061
-0.00022
-0.00042
-0.00061
-0.00042
-0.00061
-0.00061
-0.00081
-0.0012
-0.0012
-0.00159
-0.00139
-0.0012
-0.00139
-0.00139
-0.00159
-0.00198
-0.00179
-0.00159
-0.00198
-0.00159
-0.00139
-0.00179
-0.00179
-0.00159
-0.001
-0.00159
-0.0012
-0.0012
-0.00159
-0.00081
-0.00159
-0.00159
-0.00159
-0.00139
-0.00159
-0.00218
-0.00179
-0.00159
-0.00179
-0.00159
-0.00139
-0.00139
-0.0012
-0.00179
-0.00179
-0.00179
-0.00198
-0.0012
-0.00159
-0.00179
-0.00218
-0.00198
-0.00179
-0.00179
-0.00198
-0.0012
-0.00139
-0.00179
-0.00218
-0.00179
-0.00198
-0.00198
-0.00257
-0.00198
-0.00198
-0.00237
-0.00198
-0.00159
-0.00198
-0.00198
-0.00218
-0.00179
-0.00159
-0.00198
-0.00139
-0.001
-0.00139
-0.00179
-0.00139
-0.00139
-0.0012
-0.00139
-0.00139
-0.0012
-0.0012
-0.0012
-0.00139
-0.0012
-0.00159
-0.00159
-0.00159
-0.00159
-0.00159
-0.00198
-0.00237
-0.00218
-0.00198
-0.00257
-0.00198
-0.00218
-0.00257
-0.00179
-0.00218
-0.00218
-0.00218
-0.00257
-0.00257
-0.00218
-0.00237
-0.00237
-0.00276
-0.00276
-0.00257
-0.00237
-0.00237
-0.00237
-0.00257
-0.00257
-0.00237
-0.00276
-0.00257
-0.00276
-0.00257
-0.00198
-0.00237
-0.00218
-0.00198
-0.00218
-0.00237
-0.00198
-0.00237
-0.00218
-0.00257
-0.00237
-0.00237
-0.00218
-0.00198
-0.00237
-0.00276
-0.00198
-0.00198
-0.00237
-0.00276
-0.00257
-0.00257
-0.00237
-0.00237
-0.00218
-0.00257
-0.00237
-0.00276
-0.00276
-0.00237
-0.00237
-0.00257
-0.00237
-0.00257
-0.00237
-0.00237
-0.00198
-0.00237
-0.00218
-0.00218
-0.00179
-0.00159
-0.00179
-0.00179
-0.00218
-0.00198
-0.00237
-0.00218
-0.00198
-0.00237
-0.00237
-0.00237
-0.00257
-0.00237
-0.00237
-0.00276
-0.00237
-0.00237
-0.00179
-0.00139
-0.00179
-0.00218
-0.00198
-0.00218
-0.00198
-0.00198
-0.00237
-0.00198
-0.00237
-0.00198
-0.00218
-0.00237
-0.00237
-0.00257
-0.00296
-0.00237
-0.00218
-0.00257
-0.00237
-0.00257
-0.00276
-0.00257
-0.00276
-0.00237
-0.00276
-0.00276
-0.00296
-0.00257
-0.00218
-0.00237
-0.00237
-0.00237
-0.00237
-0.00237
-0.00237
-0.00257
-0.00257
-0.00257
-0.00257
-0.00237
-0.00276
-0.00276
-0.00237
-0.00276
-0.00237
-0.00257
-0.00257
-0.00257
-0.00296
-0.00257
-0.00276
-0.00276
-0.00218
-0.00179
-0.00159
-0.00237
-0.00218
-0.00218
-0.00139
-0.00179
-0.00159
-0.00218
-0.00218
-0.00218
-0.00218
-0.00198
-0.00237
-0.00257
-0.00218
-0.00218
-0.00237
-0.00237
-0.00198
-0.00257
-0.00218
-0.00237
-0.00179
-0.00218
-0.00218
-0.00257
-0.00179
-0.00218
-0.00237
-0.00198
-0.00198
-0.00198
-0.00179
-0.00276
-0.00237
-0.00218
-0.00237
-0.00257
-0.00218
-0.00257
-0.00237
-0.00276
-0.00276
-0.00296
-0.00237
-0.00296
-0.00276
-0.00276
-0.00276
-0.00276
-0.00276
-0.00218
-0.00237
-0.00276
-0.00218
-0.00257
-0.00237
-0.00218
-0.00237
-0.00198
-0.00257
-0.00257
-0.00276
-0.00237
-0.00257
-0.00237
-0.00257
-0.00198
-0.00237
-0.00237
-0.00218
-0.00198
-0.00198
-0.00159
-0.00198
-0.00139
-0.00218
-0.00159
-0.00198
-0.00198
-0.00198
-0.00218
-0.00257
-0.00198
-0.00198
-0.00218
-0.00218
-0.00218
-0.00237
-0.00237
-0.00218
-0.00218
-0.00257
-0.00198
-0.00257
-0.00237
-0.00218
-0.00237
-0.00257
-0.00237
-0.00218
-0.00218
-0.00218
-0.00218
-0.00257
-0.00179
-0.00218
-0.00159
-0.00237
-0.00237
-0.00237
-0.00218
-0.00198
-0.00237
-0.00257
-0.00179
-0.00218
-0.00218
-0.00257
-0.00257
-0.00257
-0.00257
-0.00276
-0.00276
-0.00257
-0.00296
-0.00276
-0.00296
-0.00276
-0.00276
-0.00296
-0.00296
-0.00296
-0.00257
-0.00276
-0.00276
-0.00296
-0.00237
-0.00276
-0.00257
-0.00257
-0.00237
-0.00257
-0.00257
-0.00237
-0.00218
-0.00257
-0.00218
-0.00257
-0.00257
-0.00198
-0.00218
-0.00198
-0.00179
-0.00179
-0.00237
-0.00179
-0.00179
-0.00179
-0.00198
-0.00198
-0.00218
-0.00179
-0.00179
-0.00179
-0.00218
-0.00218
-0.00237
-0.00218
-0.00218
-0.00218
-0.00276
-0.00257
-0.00237
-0.00237
-0.00237
-0.00237
-0.00237
-0.00276
-0.00296
-0.00237
-0.00296
-0.00257
-0.00296
-0.00257
-0.00257
-0.00315
-0.00276
-0.00315
-0.00296
-0.00315
-0.00315
-0.00257
-0.00296
-0.00296
-0.00296
-0.00296
-0.00276
-0.00276
-0.00276
-0.00296
-0.00257
-0.00296
-0.00296
-0.00315
-0.00296
-0.00315
-0.00315
-0.00237
-0.00315
-0.00257
-0.00315
-0.00237
-0.00257
-0.00237
-0.00218
-0.00198
-0.00198
-0.00218
-0.00198
-0.00218
-0.00218
-0.00179
-0.00179
-0.00198
-0.00179
-0.00198
-0.00218
-0.00237
-0.00218
-0.00218
-0.00179
-0.00237
-0.00257
-0.00237
-0.00237
-0.00198
-0.00218
-0.00218
-0.00179
-0.00237
-0.00198
-0.00218
-0.00237
-0.00198
-0.00218
-0.00218
-0.00218
-0.00237
-0.00276
-0.00237
-0.00218
-0.00237
-0.00237
-0.00276
-0.00237
-0.00257
-0.00218
-0.00257
-0.00218
-0.00179
-0.00198
-0.00198
-0.00159
-0.00198
-0.00237
-0.00257
-0.00276
-0.00218
-0.00237
-0.00257
-0.00257
-0.00237
-0.00237
-0.00218
-0.00257
-0.00257
-0.00276
-0.00257
-0.00257
-0.00257
-0.00257
-0.00276
-0.00237
-0.00257
-0.00315
-0.00237
-0.00276
-0.00218
-0.00296
-0.00296
-0.00276
-0.00296
-0.00276
-0.00296
-0.00276
-0.00315
-0.00296
-0.00354
-0.00276
-0.00354
-0.00296
-0.00257
-0.00257
-0.00315
-0.00257
-0.00276
-0.00296
-0.00276
-0.00237
-0.00237
-0.00296
-0.00257
-0.00257
-0.00218
-0.00198
-0.00198
-0.00159
-0.00159
-0.00198
-0.00198
-0.00218
-0.00257
-0.00237
-0.00198
-0.00257
-0.00198
-0.00257
-0.00218
-0.00237
-0.00237
-0.00237
-0.00257
-0.00218
-0.00218
-0.00237
-0.00237
-0.00257
-0.00218
-0.00237
-0.00198
-0.00218
-0.00179
-0.00257
-0.00237
-0.00237
-0.00296
-0.00257
-0.00257
-0.00296
-0.00315
-0.00296
-0.00276
-0.00315
