-2.860000832000E-01

-0.00276
-0.00257
-0.00218
-0.00237
-0.00218
-0.00218
-0.00198
-0.00198
-0.00218
-0.00218
-0.00218
-0.00218
-0.00237
-0.00237
-0.00179
-0.00198
-0.00257
-0.00237
-0.00198
-0.00257
-0.00276
-0.00237
-0.00237
-0.00257
-0.00296
-0.00257
-0.00218
-0.00218
-0.00237
-0.00237
-0.00296
-0.00257
-0.00237
-0.00218
-0.00198
-0.00218
-0.00257
-0.00218
-0.00257
-0.00257
-0.00218
-0.00257
-0.00218
-0.00218
-0.00198
-0.00218
-0.00218
-0.00179
-0.00237
-0.00198
-0.00237
-0.00257
-0.00296
-0.00276
-0.00276
-0.00257
-0.00276
-0.00276
-0.00257
-0.00237
-0.00237
-0.00276
-0.00237
-0.00276
-0.00276
-0.00296
-0.00257
-0.00296
-0.00296
-0.00257
-0.00296
-0.00296
-0.00296
-0.00296
-0.00315
-0.00315
-0.00296
-0.00296
-0.00315
-0.00315
-0.00296
-0.00296
-0.00296
-0.00296
-0.00315
-0.00296
-0.00296
-0.00276
-0.00276
-0.00257
-0.00276
-0.00218
-0.00296
-0.00257
-0.00276
-0.00296
-0.00276
-0.00237
-0.00237
-0.00237
-0.00257
-0.00257
-0.00257
-0.00257
-0.00237
-0.00237
-0.00218
-0.00159
-0.00179
-0.00159
-0.00179
-0.00237
-0.00218
-0.00218
-0.00198
-0.00159
-0.00237
-0.00237
-0.00198
-0.00159
-0.00237
-0.00218
-0.00237
-0.00257
-0.00276
-0.00218
-0.00237
-0.00257
-0.00296
-0.00315
-0.00335
-0.00335
-0.00354
-0.00296
-0.00335
-0.00257
-0.00354
-0.00218
-0.00257
-0.00296
-0.00296
-0.00315
-0.00218
-0.00257
-0.00257
-0.00257
-0.00237
-0.00257
-0.00257
-0.00257
-0.00257
-0.00237
-0.00257
-0.00257
-0.00276
-0.00237
-0.00276
-0.00218
-0.00237
-0.00237
-0.00218
-0.00198
-0.00218
-0.00218
-0.00218
-0.00218
-0.00237
-0.00198
-0.00218
-0.00237
-0.00257
-0.00198
-0.00237
-0.00218
-0.00218
-0.00237
-0.00257
-0.00237
-0.00198
-0.00218
-0.00257
-0.00296
-0.00296
-0.00257
-0.00315
-0.00315
-0.00257
-0.00257
-0.00296
-0.00218
-0.00257
-0.00257
-0.00276
-0.00257
-0.00257
-0.00237
-0.00218
-0.00257
-0.00179
-0.00061
0.00017
0.00075
0.00193
0.0031
0.00446
0.00564
0.00642
0.00759
0.00857
0.00876
0.00974
0.01032
0.01091
0.01208
0.01286
0.01345
0.01462
0.01599
0.01775
0.01892
0.02048
0.02243
0.02361
0.02458
0.02575
0.02712
0.0279
0.02849
0.02946
0.02986
0.03044
0.03161
0.03279
0.03415
0.03611
0.03728
0.03864
0.04118
0.04314
0.04568
0.04743
0.04978
0.05212
0.05368
0.05544
0.057
0.05857
0.05974
0.06071
0.06169
0.06247
0.06306
0.06384
0.06462
0.06423
0.06501
0.06482
0.06521
0.06521
0.06521
0.06482
0.06462
0.06462
0.06462
0.06384
0.06325
0.06306
0.06247
0.06189
0.06208
0.06071
0.06032
0.05993
0.05935
0.05896
0.05857
0.05798
0.05759
0.05661
0.05661
0.05603
0.05622
0.05466
0.05446
0.05368
0.0529
0.05212
0.05134
0.05134
0.05056
0.04997
0.049
0.0488
0.04861
0.04763
0.04704
0.04665
0.04607
0.04489
0.0447
0.04392
0.04372
0.04255
0.04255
0.04177
0.04177
0.04099
0.0404
0.03982
0.03943
0.03904
0.03845
0.03806
0.03767
0.03669
0.03689
0.03591
0.03571
0.03513
0.03513
0.03435
0.03376
0.03318
0.03318
0.0322
0.03161
0.03142
0.03083
0.03083
0.03025
0.02966
0.02986
0.02888
0.02888
0.02888
0.02829
0.0279
0.02712
0.02693
0.02693
0.02634
0.02614
0.02575
0.02536
0.02536
0.02497
0.02419
0.02419
0.0238
0.024
0.024
0.02361
0.02282
0.02243
0.02224
0.02165
0.02126
0.02126
0.02107
0.02048
0.02029
0.02009
0.01989
0.0195
0.01931
0.01872
0.01872
0.01853
0.01814
0.01716
0.01716
0.01677
0.01696
0.01657
0.01657
0.01618
0.01599
0.01579
0.0154
0.0154
0.0154
0.01501
0.0156
0.0154
0.01462
0.01443
0.01462
0.01443
0.01423
0.01364
0.01384
0.01384
0.01404
0.01364
0.01306
0.01286
0.01267
0.01247
0.01247
0.01228
0.01189
0.01189
0.01208
0.01189
0.0115
0.01169
0.0115
0.0115
0.01111
0.01111
0.01091
0.01052
0.01052
0.01013
0.00993
0.01052
0.00993
0.00974
0.00993
0.00954
0.00954
0.00896
0.00896
0.00896
0.00876
0.00837
0.00837
0.00798
0.00798
0.00779
0.00759
0.00779
0.00779
0.00739
0.00739
0.00739
0.00681
0.00642
0.00622
0.00622
0.00661
0.00642
0.00622
0.00622
0.00642
0.00603
0.00564
0.00544
0.00505
0.00466
0.00486
0.00486
0.00505
0.00505
0.00505
0.00505
0.00544
0.00505
0.00446
0.00486
0.00466
0.00427
0.00466
0.00446
0.00466
0.00407
0.00446
0.00427
0.00427
0.00446
0.00446
0.00427
0.00388
0.00407
0.00368
0.00388
0.00329
0.00329
0.00271
0.00349
0.00349
0.00329
0.0031
0.00349
0.00329
0.0031
0.0029
0.00271
0.0029
0.00329
0.00271
0.0031
0.00251
0.00271
0.0029
0.00232
0.00232
0.00251
0.00232
0.00232
0.00193
0.00173
0.00193
0.00251
0.00193
0.00232
0.00154
0.00154
0.00154
0.00193
0.00173
0.00173
0.00173
0.00173
0.00173
0.00154
0.00114
0.00114
0.00114
0.00114
0.00193
0.00114
0.00134
0.00095
0.00095
0.00095
0.00134
0.00095
0.00075
0.00036
0.00056
0.00056
0.00017
0.00056
0.00017
0.00075
0.00036
0.00036
0.00017
0.00036
0.00017
0.00017
0.00036
0.00056
0.00095
0.00075
0.00075
0.00075
0.00056
0.00095
0.00056
0.00095
0.00095
0.00095
0.00095
0.00056
0.00036
0.00036
0.00036
0.00036
0.00036
0.00056
0.00056
0.00075
0.00075
0.00056
0.00056
0.00075
0.00056
0.00056
0.00075
0.00036
0.00017
0.00017
0.00017
0.00017
0.00017
-0.00022
-0.00022
-0.00022
-0.00042
-0.00042
-0.00042
-0.00061
-0.00061
-0.00061
-0.001
-0.00042
-0.00061
-0.00042
-0.00042
-0.00081
-0.001
-0.00081
-0.001
-0.0012
-0.001
-0.00081
-0.00081
-0.00061
-0.001
-0.001
-0.00139
-0.0012
-0.00139
-0.00159
-0.001
-0.0012
-0.00159
-0.00139
-0.0012
-0.0012
-0.0012
-0.00139
-0.001
-0.0012
-0.00081
-0.001
-0.0012
-0.001
-0.00081
-0.001
-0.0012
-0.00139
-0.0012
-0.0012
-0.00139
-0.00139
-0.00159
-0.00139
-0.0012
-0.00159
-0.00159
-0.00159
-0.00159
-0.00159
-0.00159
-0.00159
-0.00139
-0.00179
-0.00139
-0.00179
-0.00159
-0.0012
-0.00139
-0.0012
-0.00179
-0.00139
-0.00159
-0.0012
-0.00179
-0.00159
-0.00198
-0.00218
-0.00198
-0.00198
-0.00218
-0.00257
-0.00198
-0.00218
-0.00139
-0.00179
-0.00198
-0.00179
-0.00198
-0.00179
-0.00159
-0.00198
-0.00179
-0.00159
-0.00139
-0.00139
-0.00159
-0.00179
-0.00159
-0.00159
-0.00159
-0.00159
-0.0012
-0.00139
-0.00159
-0.00159
-0.00198
-0.00198
-0.00218
-0.00218
-0.00179
-0.00198
-0.00237
-0.00237
-0.00198
-0.00218
-0.00237
-0.00257
-0.00198
-0.00218
-0.00179
-0.00198
-0.00198
-0.00257
-0.00218
-0.00218
-0.00179
-0.00218
-0.00198
-0.00198
-0.00257
-0.00237
-0.00218
-0.00257
-0.00218
-0.00237
-0.00218
-0.00237
-0.00276
-0.00257
-0.00257
-0.00198
-0.00198
-0.00159
-0.00179
-0.00159
-0.00198
-0.00179
-0.00198
-0.00179
-0.00198
-0.00198
-0.00179
-0.00198
-0.00218
-0.00237
-0.00237
-0.00237
-0.00218
-0.00218
-0.00218
-0.00237
-0.00276
-0.00276
-0.00276
-0.00257
-0.00237
-0.00218
-0.00218
-0.00218
-0.00257
-0.00218
-0.00296
-0.00257
-0.00296
-0.00354
-0.00276
-0.00276
-0.00296
-0.00296
-0.00296
-0.00296
-0.00296
-0.00257
-0.00296
-0.00276
-0.00315
-0.00276
-0.00296
-0.00296
-0.00296
-0.00296
-0.00296
-0.00276
-0.00257
-0.00276
-0.00296
-0.00276
-0.00296
-0.00257
-0.00276
-0.00257
-0.00257
-0.00257
-0.00218
-0.00218
-0.00257
-0.00218
-0.00237
-0.00257
-0.00257
-0.00237
-0.00257
-0.00198
-0.00218
-0.00237
-0.00237
-0.00257
-0.00218
-0.00257
-0.00276
-0.00276
-0.00179
-0.00257
-0.00237
-0.00257
-0.00218
-0.00237
-0.00296
-0.00257
-0.00296
-0.00257
-0.00276
-0.00257
-0.00276
-0.00257
-0.00296
-0.00296
-0.00237
-0.00257
-0.00257
-0.00237
-0.00257
-0.00237
-0.00276
-0.00237
-0.00179
-0.00198
-0.00179
-0.00159
-0.00179
-0.00179
-0.00237
-0.00159
-0.00237
-0.00198
-0.00218
-0.00218
-0.00218
-0.00237
-0.00276
-0.00218
-0.00237
-0.00276
-0.00276
-0.00257
-0.00218
-0.00237
-0.00237
-0.00296
-0.00315
-0.00257
-0.00296
-0.00296
-0.00296
-0.00257
-0.00296
-0.00257
-0.00276
-0.00237
-0.00257
-0.00237
-0.00296
-0.00257
-0.00257
-0.00237
-0.00198
-0.00276
-0.00218
-0.00257
-0.00218
-0.00276
-0.00237
-0.00237
-0.00179
-0.00218
-0.00218
-0.00139
-0.00179
-0.00198
-0.00218
-0.00198
-0.00179
-0.00198
-0.00179
-0.00198
-0.00218
-0.00218
-0.00218
-0.00179
-0.00179
-0.00179
-0.00159
-0.00159
-0.00159
-0.00159
-0.00198
-0.00198
-0.00179
-0.00218
-0.00179
-0.00198
-0.00179
-0.00159
-0.00218
-0.00198
-0.00198
-0.00139
-0.00179
-0.00179
-0.00218
-0.00218
-0.00237
-0.00237
-0.00237
-0.00218
-0.00237
-0.00257
-0.00218
-0.00198
-0.00237
-0.00257
-0.00296
-0.00276
-0.00315
-0.00276
-0.00296
-0.00257
-0.00257
-0.00218
-0.00237
-0.00237
-0.00296
-0.00276
-0.00276
-0.00257
-0.00257
-0.00218
-0.00276
-0.00257
-0.00276
-0.00276
-0.00276
-0.00257
-0.00296
-0.00257
-0.00296
-0.00257
-0.00296
-0.00296
-0.00296
-0.00257
-0.00257
-0.00276
-0.00276
-0.00257
-0.00276
-0.00237
-0.00218
-0.00257
-0.00257
-0.00218
-0.00237
-0.00237
-0.00237
-0.00257
-0.00237
-0.00237
-0.00218
-0.00257
-0.00257
-0.00218
-0.00276
-0.00237
-0.00257
-0.00237
-0.00257
-0.00276
-0.00237
-0.00257
-0.00296
-0.00218
-0.00257
-0.00257
-0.00276
-0.00276
-0.00296
-0.00257
-0.00276
-0.00257
-0.00296
-0.00218
-0.00296
-0.00257
-0.00276
-0.00315
-0.00237
-0.00257
-0.00237
-0.00296
-0.00276
-0.00276
-0.00296
-0.00296
-0.00374
-0.00276
-0.00315
-0.00296
-0.00335
-0.00296
-0.00354
-0.00354
-0.00296
-0.00296
-0.00335
-0.00296
-0.00315
-0.00296
-0.00276
-0.00296
-0.00276
-0.00276
-0.00296
-0.00276
-0.00315
-0.00335
-0.00335
-0.00335
-0.00296
-0.00296
-0.00296
-0.00296
-0.00296
-0.00257
-0.00257
-0.00237
-0.00276
-0.00218
-0.00257
-0.00237
-0.00257
-0.00276
-0.00276
-0.00296
-0.00276
-0.00276
-0.00257
-0.00257
-0.00237
-0.00198
-0.00198
-0.00237
-0.00257
-0.00257
-0.00315
-0.00237
-0.00296
-0.00296
-0.00276
-0.00276
-0.00315
-0.00296
-0.00276
-0.00257
-0.00296
-0.00257
-0.00237
-0.00237
-0.00296
-0.00335
-0.00315
-0.00354
-0.00315
-0.00335
-0.00374
-0.00374
-0.00354
-0.00354
-0.00335
-0.00335
-0.00315
-0.00335
-0.00296
-0.00335
-0.00374
-0.00354
-0.00393
-0.00354
-0.00374
-0.00354
-0.00335
-0.00354
-0.00315
-0.00374
-0.00354
-0.00335
-0.00335
-0.00296
-0.00315
-0.00296
-0.00335
-0.00276
-0.00296
-0.00257
-0.00296
-0.00276
-0.00276
-0.00296
-0.00296
-0.00237
-0.00296
-0.00296
-0.00296
-0.00315
-0.00276
-0.00296
-0.00276
-0.00257
-0.00335
-0.00296
-0.00315
-0.00335
-0.00335
-0.00315
-0.00315
-0.00296
-0.00296
-0.00257
-0.00315
-0.00315
-0.00354
-0.00315
-0.00237
-0.00218
-0.00218
-0.00257
-0.00276
-0.00276
-0.00296
-0.00276
-0.00296
-0.00276
-0.00257
-0.00237
-0.00237
-0.00257
-0.00237
-0.00218
-0.00218
-0.00218
-0.00276
-0.00257
-0.00237
-0.00237
-0.00276
-0.00257
-0.00276
-0.00276
-0.00276
-0.00296
-0.00335
-0.00335
-0.00296
-0.00276
-0.00315
-0.00315
-0.00315
-0.00335
-0.00315
-0.00276
-0.00276
-0.00276
-0.00315
-0.00315
-0.00335
-0.00315
-0.00315
-0.00354
-0.00237
-0.00257
-0.00237
-0.00257
-0.00257
-0.00257
-0.00257
-0.00257
-0.00257
-0.00257
-0.00296
-0.00237
-0.00218
-0.00237
-0.00237
-0.00198
-0.00198
-0.00218
-0.00276
-0.00237
-0.00218
-0.00198
-0.00198
-0.00179
-0.00257
-0.00237
