-1.900000531200E+00

-0.00218
-0.00237
-0.00218
-0.00237
-0.00179
-0.00218
-0.00237
-0.00218
-0.00198
-0.00198
-0.00198
-0.00198
-0.00159
-0.00159
-0.00179
-0.00198
-0.00218
-0.00179
-0.00237
-0.00198
-0.00198
-0.00198
-0.00179
-0.00198
-0.00159
-0.00159
-0.0012
-0.00159
-0.001
-0.001
-0.00061
-0.00081
-0.0012
-0.0012
-0.00081
-0.00139
-0.0012
-0.0012
-0.001
-0.001
-0.00139
-0.00159
-0.00179
-0.00159
-0.00198
-0.00159
-0.00218
-0.00218
-0.00159
-0.00237
-0.00237
-0.00237
-0.00237
-0.00257
-0.00276
-0.00257
-0.00237
-0.00218
-0.00237
-0.00276
-0.00296
-0.00237
-0.00257
-0.00218
-0.00237
-0.00257
-0.00257
-0.00276
-0.00257
-0.00237
-0.00237
-0.00198
-0.00218
-0.00237
-0.00218
-0.00179
-0.00179
-0.00159
-0.00139
-0.00159
-0.0012
-0.00179
-0.00218
-0.00218
-0.00179
-0.00179
-0.00159
-0.00159
-0.00159
-0.00139
-0.00198
-0.00179
-0.00218
-0.00198
-0.00237
-0.00218
-0.00198
-0.00179
-0.00198
-0.00218
-0.00179
-0.00179
-0.00159
-0.00198
-0.00179
-0.00159
-0.00179
-0.00198
-0.00198
-0.00198
-0.00179
-0.00179
-0.00179
-0.00198
-0.00179
-0.00179
-0.00198
-0.00198
-0.00218
-0.00218
-0.00218
-0.00237
-0.00257
-0.00218
-0.00218
-0.00237
-0.00159
-0.00198
-0.0012
-0.00218
-0.00237
-0.00237
-0.00179
-0.00218
-0.00179
-0.00179
-0.00198
-0.00159
-0.00159
-0.00159
-0.00081
-0.001
-0.00139
-0.00179
-0.00139
-0.00179
-0.00198
-0.00198
-0.00159
-0.0012
-0.001
-0.0012
-0.001
-0.00139
-0.00159
-0.00159
-0.00139
-0.00179
-0.00179
-0.00198
-0.00139
-0.00198
-0.00198
-0.00218
-0.00218
-0.00179
-0.00237
-0.00218
-0.00218
-0.00198
-0.00179
-0.00179
-0.00159
-0.00218
-0.00198
-0.00198
-0.00218
-0.00198
-0.00159
-0.00179
-0.00159
-0.00218
-0.00179
-0.00139
-0.00159
-0.00159
-0.00179
-0.00179
-0.00179
-0.00198
-0.00159
-0.00198
-0.00159
-0.00218
-0.00179
-0.00198
-0.00159
-0.00159
-0.0012
-0.001
-0.00022
0.00114
0.00193
0.0029
0.00446
0.00525
0.00642
0.0072
0.00837
0.00915
0.00954
0.00993
0.01071
0.0113
0.01228
0.01267
0.01443
0.01521
0.01657
0.01794
0.0197
0.02068
0.02263
0.02439
0.02712
0.02946
0.03279
0.03532
0.03982
0.04314
0.04743
0.05075
0.05505
0.05837
0.06208
0.06521
0.06833
0.07146
0.07419
0.07693
0.08025
0.08376
0.08591
0.08825
0.09118
0.09353
0.09509
0.09665
0.09802
0.09978
0.10114
0.10212
0.1029
0.1029
0.10388
0.10447
0.10505
0.10525
0.10486
0.10486
0.10486
0.10486
0.10388
0.10368
0.1031
0.10251
0.10193
0.10114
0.10095
0.09978
0.09939
0.09821
0.09743
0.09685
0.09568
0.0947
0.09431
0.09333
0.09294
0.09216
0.09118
0.09099
0.0906
0.0906
0.09001
0.08962
0.08864
0.08845
0.08767
0.08689
0.08591
0.08552
0.08474
0.08415
0.08298
0.08239
0.08161
0.08083
0.08025
0.07946
0.07849
0.07732
0.07693
0.07575
0.07497
0.0738
0.07321
0.07224
0.07146
0.07107
0.06989
0.06931
0.06794
0.06775
0.06677
0.06579
0.06501
0.06404
0.06325
0.06286
0.06228
0.06111
0.06032
0.05993
0.05915
0.05876
0.05798
0.0572
0.05681
0.05603
0.05564
0.05466
0.05407
0.05407
0.0531
0.05232
0.05212
0.05134
0.05056
0.04978
0.04978
0.049
0.04861
0.04802
0.04743
0.04685
0.04587
0.04509
0.04489
0.04392
0.04411
0.04333
0.04255
0.04196
0.04157
0.04099
0.0404
0.04001
0.03982
0.03904
0.03864
0.03786
0.03728
0.03728
0.03669
0.0365
0.03611
0.03552
0.03532
0.03493
0.03376
0.03357
0.03318
0.03298
0.03239
0.03142
0.03181
0.03122
0.03083
0.03025
0.02986
0.02946
0.02946
0.02927
0.02907
0.02829
0.0281
0.02732
0.02732
0.02751
0.02693
0.02614
0.02595
0.02614
0.02536
0.02517
0.02458
0.02458
0.02419
0.02361
0.02361
0.02321
0.02282
0.02243
0.02243
0.02185
0.02126
0.02107
0.02126
0.02048
0.02068
0.02068
0.02107
0.02029
0.02009
0.01989
0.01989
0.01931
0.01911
0.01892
0.01892
0.01814
0.01775
0.01775
0.01736
0.01696
0.01657
0.01657
0.01638
0.01599
0.0156
0.0156
0.01579
0.01579
0.0154
0.01501
0.01521
0.01482
0.01501
0.01462
0.01482
0.01443
0.01384
0.01384
0.01325
0.01404
0.01364
0.01306
0.01364
0.01267
0.01286
0.01286
0.01286
0.01208
0.01189
0.0115
0.01189
0.01169
0.01111
0.0113
0.01091
0.01071
0.01091
0.01032
0.01013
0.00974
0.01013
0.00993
0.00935
0.00935
0.00896
0.00876
0.00915
0.00935
0.00915
0.00915
0.00896
0.00915
0.00857
0.00876
0.00876
0.00876
0.00876
0.00876
0.00837
0.00798
0.00798
0.00798
0.00837
0.00779
0.00779
0.0072
0.0072
0.0072
0.00739
0.0072
0.00739
0.00642
0.00681
0.00661
0.00642
0.00661
0.00603
0.00622
0.00642
0.00622
0.00622
0.00583
0.00583
0.00544
0.00525
0.00525
0.00583
0.00525
0.00544
0.00486
0.00505
0.00505
0.00525
0.00486
0.00486
0.00466
0.00486
0.00466
0.00427
0.00407
0.00446
0.00388
0.00427
0.00407
0.00388
0.00388
0.00368
0.00368
0.00349
0.00388
0.0031
0.00349
0.0031
0.0031
0.0031
0.0031
0.00349
0.00349
0.0031
0.0031
0.0031
0.00329
0.00349
0.00349
0.00271
0.0029
0.00271
0.00329
0.0029
0.00271
0.00271
0.00251
0.00251
0.00271
0.00251
0.00251
0.00212
0.00212
0.00193
0.00173
0.00193
0.00193
0.00193
0.00193
0.00193
0.00154
0.00193
0.00134
0.00095
0.00095
0.00134
0.00114
0.00114
0.00075
0.00095
0.00075
0.00114
0.00114
0.00095
0.00095
0.00095
0.00075
0.00095
0.00095
0.00114
0.00095
0.00075
0.00114
0.00075
0.00095
0.00075
0.00075
0.00095
0.00075
0.00114
0.00056
0.00075
0.00036
0.00056
0.00056
0.00075
0.00056
0.00075
0.00056
0.00017
-3e-05
0.00036
0.00036
0.00036
0.00056
0.00075
-0.00022
0.00036
-0.00022
-0.00022
0.00017
-3e-05
0.00017
-0.00022
-0.00022
-0.00042
-0.00042
-0.00081
-0.00061
-0.001
-0.00061
-0.00081
-0.00061
-0.00042
-0.001
-0.001
-0.001
-0.00061
-0.00081
-0.00042
-0.00061
-0.00042
-0.00081
-0.00022
-0.00022
-0.00022
-3e-05
-3e-05
-0.00022
-0.00022
-0.00042
-0.00042
-0.00042
-0.00022
-3e-05
-0.00022
-0.00042
-0.00022
-0.001
-0.0012
-0.00081
-0.001
-0.00022
-3e-05
-0.00042
-0.00042
0.00017
-0.00042
-3e-05
-0.00022
-0.00022
-0.00022
-0.00022
-3e-05
-0.00022
-0.00042
-0.00022
-0.00042
-0.001
-0.00081
-0.00061
-0.0012
-0.0012
-0.00159
-0.0012
-0.00081
-0.00081
-0.00081
-0.0012
-0.0012
-0.00139
-0.0012
-0.001
-0.00081
-0.00042
-0.00061
-0.00042
-0.00081
-0.00081
-0.00061
-0.0012
-0.00061
-0.00081
-0.00081
-0.00081
-0.001
-0.00159
-0.00179
-0.001
-0.0012
-0.0012
-0.0012
-0.001
-0.001
-0.0012
-0.0012
-0.00061
-0.00061
-0.00081
-0.00081
-0.00081
-0.00061
-0.001
-0.001
-0.00042
-0.00042
-0.00042
-0.00061
-0.00081
-0.0012
-0.0012
-0.0012
-0.00081
-0.00139
-0.0012
-0.001
-0.0012
-0.0012
-0.00139
-0.001
-0.001
-0.00081
-0.0012
-0.00081
-0.00061
-0.0012
-0.00061
-0.001
-0.0012
-0.0012
-0.0012
-0.0012
-0.00139
-0.00139
-0.00139
-0.0012
-0.0012
-0.00179
-0.00198
-0.00198
-0.00218
-0.00198
-0.00198
-0.00198
-0.00218
-0.00237
-0.00198
-0.00218
-0.00237
-0.00179
-0.00159
-0.00159
-0.00179
-0.0012
-0.00179
-0.00139
-0.00179
-0.00179
-0.00179
-0.00198
-0.00198
-0.00218
-0.00276
-0.00218
-0.00179
-0.00198
-0.00218
-0.00198
-0.00179
-0.00139
-0.00159
-0.00179
-0.00218
-0.00179
-0.00218
-0.00198
-0.00179
-0.00139
-0.0012
-0.00159
-0.00159
-0.00139
-0.00139
-0.0012
-0.00139
-0.00179
-0.00179
-0.00179
-0.00179
-0.00198
-0.00198
-0.00218
-0.00218
-0.00198
-0.00218
-0.00198
-0.00198
-0.00198
-0.00179
-0.00159
-0.00139
-0.00139
-0.00159
-0.00179
-0.00139
-0.00159
-0.00139
-0.00179
-0.00179
-0.00179
-0.00159
-0.00218
-0.00237
-0.00237
-0.00218
-0.00198
-0.00198
-0.00218
-0.00257
-0.00257
-0.00218
-0.00237
-0.00218
-0.00198
-0.00179
-0.00198
-0.00179
-0.00198
-0.00218
-0.00237
-0.00198
-0.00179
-0.00198
-0.00218
-0.00237
-0.00218
-0.00218
-0.00237
-0.00237
-0.00218
-0.00198
-0.00179
-0.00237
-0.00276
-0.00257
-0.00237
-0.00257
-0.00257
-0.00237
-0.00257
-0.00237
-0.00257
-0.00257
-0.00218
-0.00237
-0.00218
-0.00198
-0.00198
-0.00237
-0.00218
-0.00257
-0.00237
-0.00218
-0.00198
-0.00237
-0.00257
-0.00257
-0.00237
-0.00218
-0.00237
-0.00198
-0.00218
-0.00237
-0.00237
-0.00257
-0.00218
-0.00257
-0.00237
-0.00198
-0.00218
-0.00218
-0.00198
-0.00198
-0.00198
-0.00159
-0.00159
-0.00159
-0.00198
-0.00139
-0.00159
-0.00179
-0.00159
-0.00159
-0.00159
-0.00218
-0.00179
-0.00218
-0.00179
-0.00237
-0.00179
-0.00198
-0.00198
-0.00218
-0.00218
-0.00198
-0.00218
-0.00218
-0.00218
-0.00218
-0.00198
-0.00198
-0.00257
-0.00218
-0.00237
-0.00218
-0.00218
-0.00218
-0.00237
-0.00257
-0.00218
-0.00179
-0.00218
-0.00218
-0.00198
-0.00198
-0.00198
-0.00198
-0.00218
-0.00198
-0.00198
-0.00198
-0.00179
-0.00159
-0.00237
-0.00198
-0.00179
-0.00139
-0.00198
-0.00159
-0.00198
-0.00198
-0.00198
-0.00218
-0.00179
-0.00159
-0.00179
-0.00198
-0.00218
-0.00237
-0.00198
-0.00218
-0.00218
-0.00198
-0.00159
-0.00198
-0.00159
-0.00237
-0.00218
-0.00237
-0.00198
-0.00198
-0.00237
-0.00198
-0.00218
-0.00218
-0.00198
-0.00237
-0.00257
-0.00237
-0.00218
-0.00276
-0.00257
-0.00257
-0.00276
-0.00276
-0.00237
-0.00218
-0.00257
-0.00276
-0.00296
-0.00276
-0.00257
-0.00257
-0.00218
-0.00218
-0.00257
-0.00237
-0.00237
-0.00218
-0.00198
-0.00237
-0.00257
-0.00218
-0.00218
-0.00237
-0.00257
-0.00218
-0.00257
-0.00218
-0.00276
-0.00257
-0.00257
-0.00276
-0.00257
-0.00257
-0.00257
-0.00296
-0.00237
-0.00276
-0.00257
-0.00218
-0.00257
-0.00257
-0.00218
-0.00218
-0.00198
-0.00218
-0.00237
-0.00218
-0.00218
-0.00237
-0.00237
-0.00237
-0.00257
-0.00237
-0.00218
-0.00237
-0.00218
-0.00237
-0.00218
-0.00198
-0.00198
-0.00198
-0.00179
-0.00218
-0.00179
-0.00237
-0.00198
-0.00198
-0.00257
-0.00159
-0.00159
-0.00257
-0.00179
-0.00179
-0.00218
-0.00218
-0.00198
-0.00179
-0.00237
-0.00237
-0.00257
-0.00257
-0.00237
-0.00198
-0.00218
-0.00218
-0.00237
-0.00237
-0.00179
-0.00198
-0.00237
-0.00237
-0.00276
-0.00276
-0.00257
-0.00237
-0.00276
-0.00257
-0.00276
-0.00237
-0.00296
-0.00257
-0.00257
-0.00276
-0.00257
-0.00257
-0.00237
-0.00276
-0.00276
-0.00276
-0.00276
-0.00276
-0.00237
-0.00237
-0.00218
-0.00296
-0.00257
-0.00237
-0.00198
-0.00198
-0.00237
-0.00198
-0.00179
-0.00179
-0.00218
-0.00179
-0.00198
-0.00237
-0.00198
-0.00237
-0.00198
-0.00198
-0.00218
-0.00179
-0.00218
-0.00218
-0.00237
-0.00198
-0.00198
-0.00198
-0.00198
-0.00218
-0.00237
-0.00218
-0.00159
-0.00198
-0.00237
-0.00198
-0.00218
-0.00218
-0.00218
-0.00179
-0.00198
-0.00257
-0.00198
-0.00237
-0.00218
-0.00218
-0.00218
-0.00237
-0.00218
-0.00257
-0.00237
-0.00257
-0.00218
-0.00237
-0.00218
-0.00218
-0.00257
-0.00276
-0.00276
-0.00276
-0.00198
-0.00198
-0.00198
-0.00218
-0.00237
-0.00257
-0.00257
-0.00276
-0.00257
-0.00237
-0.00257
-0.00296
-0.00218
-0.00257
-0.00257
-0.00257
-0.00276
-0.00237
-0.00198
-0.00276
-0.00179
-0.00257
-0.00218
-0.00237
-0.00237
-0.00198
-0.00257
-0.00237
-0.00218
-0.00257
-0.00257
-0.00237
-0.00257
-0.00218
-0.00257
-0.00276
