-3.710001056000E-01

-0.00257
-0.00276
-0.00296
-0.00276
-0.00257
-0.00237
-0.00296
-0.00296
-0.00257
-0.00257
-0.00257
-0.00315
-0.00276
-0.00315
-0.00315
-0.00276
-0.00276
-0.00296
-0.00257
-0.00237
-0.00237
-0.00296
-0.00296
-0.00296
-0.00276
-0.00237
-0.00315
-0.00218
-0.00257
-0.00257
-0.00237
-0.00237
-0.00257
-0.00257
-0.00276
-0.00296
-0.00237
-0.00257
-0.00257
-0.00257
-0.00257
-0.00257
-0.00198
-0.00276
-0.00237
-0.00218
-0.00218
-0.00257
-0.00237
-0.00237
-0.00218
-0.00257
-0.00218
-0.00276
-0.00198
-0.00257
-0.00257
-0.00276
-0.00237
-0.00276
-0.00257
-0.00257
-0.00257
-0.00257
-0.00276
-0.00237
-0.00237
-0.00257
-0.00218
-0.00218
-0.00276
-0.00257
-0.00257
-0.00257
-0.00296
-0.00257
-0.00296
-0.00296
-0.00296
-0.00335
-0.00354
-0.00374
-0.00296
-0.00335
-0.00315
-0.00315
-0.00315
-0.00335
-0.00335
-0.00335
-0.00315
-0.00315
-0.00335
-0.00335
-0.00296
-0.00276
-0.00276
-0.00296
-0.00257
-0.00237
-0.00237
-0.00257
-0.00257
-0.00257
-0.00257
-0.00218
-0.00237
-0.00198
-0.00218
-0.00218
-0.00237
-0.00218
-0.00237
-0.00218
-0.00237
-0.00237
-0.00218
-0.00218
-0.00257
-0.00257
-0.00218
-0.00237
-0.00257
-0.00276
-0.00257
-0.00276
-0.00257
-0.00296
-0.00257
-0.00257
-0.00257
-0.00315
-0.00315
-0.00276
-0.00296
-0.00237
-0.00257
-0.00218
-0.00218
-0.00257
-0.00257
-0.00276
-0.00257
-0.00257
-0.00257
-0.00237
-0.00237
-0.00257
-0.00218
-0.00257
-0.00237
-0.00296
-0.00276
-0.00296
-0.00315
-0.00315
-0.00276
-0.00296
-0.00315
-0.00315
-0.00276
-0.00276
-0.00276
-0.00296
-0.00276
-0.00315
-0.00276
-0.00315
-0.00276
-0.00296
-0.00257
-0.00315
-0.00315
-0.00335
-0.00335
-0.00354
-0.00315
-0.00335
-0.00335
-0.00335
-0.00296
-0.00315
-0.00257
-0.00315
-0.00296
-0.00296
-0.00276
-0.00315
-0.00296
-0.00276
-0.00276
-0.00276
-0.00257
-0.00276
-0.00257
-0.00237
-0.00257
-0.00257
-0.00179
-0.00159
-0.00061
0.00095
0.00232
0.00427
0.00681
0.00915
0.01091
0.01306
0.01482
0.01677
0.01892
0.02068
0.02224
0.02419
0.02673
0.02829
0.03083
0.03279
0.03532
0.03689
0.03923
0.0404
0.04236
0.0445
0.04665
0.0488
0.05095
0.05349
0.05505
0.05681
0.05857
0.05974
0.06169
0.06247
0.06364
0.06404
0.06501
0.0654
0.06599
0.06638
0.06696
0.06755
0.06814
0.06736
0.06775
0.06755
0.06736
0.06736
0.06696
0.06677
0.06638
0.06638
0.06579
0.06521
0.06521
0.06482
0.06384
0.06325
0.06306
0.06228
0.06189
0.06111
0.06032
0.05935
0.05915
0.05876
0.05798
0.057
0.05642
0.05583
0.05564
0.05446
0.05368
0.05329
0.05212
0.05134
0.05095
0.05036
0.04958
0.049
0.04861
0.04782
0.04724
0.04626
0.04587
0.04568
0.0447
0.04411
0.04333
0.04294
0.04236
0.04196
0.04138
0.04099
0.0404
0.03943
0.03923
0.03884
0.03806
0.03767
0.03728
0.03728
0.0363
0.03611
0.03552
0.03513
0.03493
0.03435
0.03376
0.03318
0.03298
0.03259
0.03259
0.03142
0.03103
0.03025
0.03044
0.03005
0.02986
0.02868
0.02868
0.02849
0.02771
0.02732
0.02693
0.02654
0.02595
0.02614
0.02595
0.02536
0.02517
0.02497
0.02497
0.02439
0.02458
0.02458
0.02439
0.0238
0.02361
0.02341
0.02341
0.02341
0.02243
0.02243
0.02224
0.02185
0.02146
0.02126
0.02068
0.02087
0.02048
0.02029
0.02029
0.0195
0.01931
0.01911
0.01931
0.01853
0.01853
0.01794
0.01794
0.01755
0.01775
0.01736
0.01657
0.01677
0.01638
0.01599
0.01579
0.01579
0.0154
0.01501
0.01482
0.01482
0.01462
0.01462
0.01443
0.01384
0.01423
0.01384
0.01364
0.01384
0.01384
0.01384
0.01384
0.01306
0.01306
0.01267
0.01286
0.01247
0.01228
0.01228
0.01228
0.01228
0.01228
0.01169
0.01169
0.0113
0.01111
0.01071
0.01032
0.01013
0.01052
0.00993
0.00954
0.00935
0.00915
0.00915
0.00857
0.00876
0.00818
0.00798
0.00798
0.00857
0.00798
0.00759
0.00739
0.00759
0.0072
0.007
0.007
0.0072
0.007
0.00642
0.0072
0.00642
0.00642
0.00642
0.00622
0.00642
0.00681
0.00642
0.00603
0.00564
0.00603
0.00603
0.00603
0.00603
0.00564
0.00544
0.00525
0.00544
0.00583
0.00583
0.00564
0.00603
0.00564
0.00544
0.00505
0.00525
0.00486
0.00505
0.00466
0.00427
0.00466
0.00427
0.00407
0.00388
0.00349
0.00329
0.0029
0.00349
0.00329
0.0031
0.0029
0.00271
0.0029
0.0031
0.00329
0.00271
0.0031
0.00271
0.00251
0.00232
0.00232
0.00251
0.00232
0.00251
0.00232
0.00232
0.00232
0.00232
0.00251
0.00251
0.00193
0.00232
0.00232
0.00212
0.00232
0.00251
0.00232
0.00232
0.00212
0.00271
0.00212
0.00193
0.00193
0.00251
0.00212
0.00193
0.00212
0.00232
0.00173
0.00154
0.00193
0.00173
0.00114
0.00075
0.00095
0.00193
0.00114
0.00075
0.00114
0.00036
0.00056
0.00075
0.00075
0.00056
0.00056
0.00036
0.00036
0.00036
0.00036
0.00017
0.00036
0.00056
0.00017
-0.00042
-3e-05
0.00017
-3e-05
0.00036
0.00036
0.00036
0.00036
-3e-05
-0.00042
-0.00042
-0.00061
-0.00042
-0.00022
0.00036
0.00017
-0.00042
-0.00061
-0.00042
-0.00022
-0.00042
-0.00022
-0.00022
-0.00081
-0.00081
-0.00081
-0.00042
-0.001
-0.00022
-0.00042
-0.00022
-0.00042
-0.00042
-0.00061
-0.001
-0.0012
-0.0012
-0.00139
-0.001
-0.0012
-0.00081
-0.00139
-0.001
-0.0012
-0.00081
-0.00081
-0.00042
-0.00042
-0.00081
-0.00061
-0.00042
0.00017
0.00017
0.00017
-0.00022
-0.00042
-0.00061
-0.00042
0.00017
-0.00022
-0.00061
-0.00042
-0.00081
-0.001
-0.00061
-0.00061
-0.00042
-3e-05
-0.00022
-0.00022
-0.00042
-0.00042
-0.00042
-0.00042
-0.00042
-0.00022
-0.001
-0.00022
-0.00081
-0.00081
-0.00081
-0.001
-0.0012
-0.00042
-0.00081
-0.00081
-0.00042
-0.00042
-0.00042
-0.00081
-0.00042
-0.001
-0.0012
-0.00159
-0.0012
-0.001
-0.00139
-0.0012
-0.0012
-0.001
-0.00139
-0.00159
-0.00179
-0.0012
-0.00159
-0.00159
-0.00139
-0.00218
-0.00218
-0.00139
-0.00218
-0.00198
-0.00198
-0.00179
-0.00179
-0.00179
-0.00237
-0.00198
-0.00218
-0.00218
-0.00218
-0.00276
-0.00237
-0.00276
-0.00276
-0.00257
-0.00218
-0.00237
-0.00237
-0.00296
-0.00237
-0.00237
-0.00218
-0.00218
-0.00237
-0.00218
-0.00218
-0.00276
-0.00198
-0.00237
-0.00218
-0.00218
-0.00218
-0.00139
-0.00159
-0.00218
-0.00179
-0.00198
-0.0012
-0.00159
-0.00179
-0.00159
-0.00179
-0.00179
-0.00179
-0.00139
-0.00159
-0.00139
-0.00198
-0.00198
-0.00218
-0.00198
-0.00179
-0.00198
-0.00198
-0.00198
-0.00218
-0.00179
-0.00218
-0.00198
-0.00159
-0.00198
-0.00218
-0.00257
-0.00218
-0.00218
-0.00237
-0.00257
-0.00198
-0.00179
-0.00198
-0.00198
-0.00257
-0.00198
-0.00237
-0.00218
-0.00198
-0.00218
-0.00237
-0.00257
-0.00218
-0.00237
-0.00237
-0.00218
-0.00198
-0.00218
-0.00218
-0.00179
-0.00179
-0.00159
-0.00218
-0.00179
-0.00218
-0.00179
-0.00198
-0.00179
-0.00159
-0.00159
-0.00159
-0.00159
-0.00179
-0.00179
-0.00179
-0.00179
-0.00198
-0.00159
-0.00159
-0.00218
-0.00198
-0.00139
-0.00218
-0.00218
-0.00237
-0.00237
-0.00237
-0.00218
-0.00218
-0.00218
-0.00218
-0.00218
-0.00218
-0.00237
-0.00237
-0.00276
-0.00276
-0.00296
-0.00276
-0.00276
-0.00257
-0.00257
-0.00296
-0.00296
-0.00276
-0.00354
-0.00335
-0.00276
-0.00354
-0.00315
-0.00315
-0.00296
-0.00257
-0.00257
-0.00296
-0.00315
-0.00315
-0.00276
-0.00296
-0.00335
-0.00296
-0.00237
-0.00296
-0.00276
-0.00296
-0.00315
-0.00276
-0.00296
-0.00276
-0.00257
-0.00257
-0.00315
-0.00276
-0.00335
-0.00276
-0.00276
-0.00257
-0.00257
-0.00276
-0.00276
-0.00257
-0.00257
-0.00237
-0.00237
-0.00257
-0.00315
-0.00257
-0.00237
-0.00218
-0.00237
-0.00257
-0.00257
-0.00257
-0.00237
-0.00218
-0.00198
-0.00257
-0.00257
-0.00218
-0.00218
-0.00198
-0.00296
-0.00257
-0.00296
-0.00257
-0.00237
-0.00237
-0.00218
-0.00237
-0.00218
-0.00276
-0.00218
-0.00257
-0.00198
-0.00237
-0.00218
-0.00179
-0.00237
-0.00198
-0.00237
-0.00218
-0.00237
-0.00198
-0.00198
-0.00198
-0.00237
-0.00218
-0.00237
-0.00296
-0.00296
-0.00276
-0.00276
-0.00315
-0.00296
-0.00257
-0.00257
-0.00237
-0.00237
-0.00257
-0.00257
-0.00257
-0.00276
-0.00296
-0.00315
-0.00296
-0.00315
-0.00276
-0.00296
-0.00257
-0.00296
-0.00296
-0.00257
-0.00315
-0.00296
-0.00315
-0.00296
-0.00296
-0.00276
-0.00354
-0.00315
-0.00296
-0.00296
-0.00296
-0.00296
-0.00315
-0.00354
-0.00296
-0.00296
-0.00276
-0.00315
-0.00335
-0.00276
-0.00257
-0.00296
-0.00237
-0.00296
-0.00296
-0.00237
-0.00296
-0.00237
-0.00257
-0.00218
-0.00257
-0.00276
-0.00257
-0.00237
-0.00296
-0.00257
-0.00257
-0.00237
-0.00198
-0.00218
-0.00218
-0.00198
-0.00198
-0.00218
-0.00237
-0.00237
-0.00218
-0.00257
-0.00237
-0.00237
-0.00276
-0.00237
-0.00257
-0.00218
-0.00257
-0.00276
-0.00257
-0.00315
-0.00335
-0.00296
-0.00315
-0.00296
-0.00237
-0.00257
-0.00257
-0.00296
-0.00257
-0.00276
-0.00237
-0.00257
-0.00276
-0.00296
-0.00296
-0.00296
-0.00315
-0.00276
-0.00276
-0.00237
-0.00257
-0.00237
-0.00276
-0.00276
-0.00237
-0.00257
-0.00237
-0.00296
-0.00276
-0.00257
-0.00218
-0.00276
-0.00257
-0.00218
-0.00198
-0.00237
-0.00198
-0.00237
-0.00237
-0.00296
-0.00276
-0.00237
-0.00257
-0.00257
-0.00257
-0.00257
-0.00257
-0.00296
-0.00257
-0.00237
-0.00276
-0.00257
-0.00257
-0.00276
-0.00296
-0.00276
-0.00335
-0.00315
-0.00276
-0.00315
-0.00257
-0.00276
-0.00237
-0.00257
-0.00315
-0.00315
-0.00276
-0.00296
-0.00315
-0.00296
-0.00335
-0.00315
-0.00315
-0.00296
-0.00296
-0.00296
-0.00276
-0.00276
-0.00296
-0.00237
-0.00276
-0.00276
-0.00296
-0.00276
-0.00315
-0.00257
-0.00296
-0.00276
-0.00276
-0.00315
-0.00315
-0.00354
-0.00374
-0.00335
-0.00374
-0.00315
-0.00315
-0.00374
-0.00335
-0.00335
-0.00315
-0.00296
-0.00315
-0.00296
-0.00315
-0.00335
-0.00276
-0.00276
-0.00296
-0.00315
-0.00315
-0.00257
-0.00257
-0.00276
-0.00237
-0.00257
-0.00296
-0.00257
-0.00276
-0.00237
-0.00257
-0.00237
-0.00237
-0.00276
-0.00276
-0.00276
-0.00257
-0.00296
-0.00276
-0.00257
-0.00237
-0.00237
-0.00237
-0.00237
-0.00276
-0.00276
-0.00237
-0.00276
-0.00276
-0.00257
-0.00257
-0.00237
-0.00257
-0.00296
-0.00276
-0.00296
-0.00296
-0.00315
-0.00296
-0.00257
-0.00296
-0.00257
-0.00276
-0.00315
-0.00257
-0.00237
-0.00257
-0.00296
-0.00374
-0.00335
-0.00296
-0.00335
-0.00296
-0.00335
-0.00296
-0.00296
-0.00296
-0.00276
-0.00276
-0.00276
-0.00257
-0.00257
-0.00276
-0.00276
-0.00296
-0.00257
-0.00276
-0.00276
-0.00257
-0.00257
-0.00257
-0.00276
-0.00218
-0.00237
-0.00237
-0.00257
-0.00296
-0.00296
-0.00237
-0.00276
-0.00257
-0.00257
-0.00276
-0.00257
-0.00276
-0.00315
-0.00296
-0.00296
-0.00257
-0.00257
-0.00296
-0.00276
-0.00296
-0.00237
-0.00296
-0.00276
-0.00296
-0.00257
-0.00296
-0.00296
-0.00276
-0.00257
-0.00296
-0.00296
-0.00276
-0.00296
-0.00257
-0.00257
-0.00296
-0.00296
-0.00276
-0.00276
-0.00296
-0.00315
-0.00296
-0.00315
-0.00315
-0.00296
-0.00296
-0.00276
-0.00315
-0.00315
-0.00276
-0.00276
-0.00257
-0.00257
-0.00296
-0.00276
-0.00296
-0.00315
-0.00315
-0.00315
-0.00276
-0.00276
-0.00315
-0.00315
-0.00296
-0.00296
-0.00276
-0.00296
-0.00315
-0.00335
-0.00335
-0.00276
-0.00315
-0.00296
-0.00315
-0.00296
-0.00315
-0.00335
-0.00296
-0.00315
-0.00335
-0.00276
-0.00257
