-1.014000284800E+00

-0.00218
-0.00276
-0.00257
-0.00315
-0.00296
-0.00315
-0.00315
-0.00296
-0.00315
-0.00315
-0.00335
-0.00315
-0.00335
-0.00315
-0.00276
-0.00276
-0.00315
-0.00354
-0.00257
-0.00257
-0.00257
-0.00276
-0.00257
-0.00237
-0.00257
-0.00296
-0.00276
-0.00257
-0.00237
-0.00257
-0.00257
-0.00198
-0.00218
-0.00276
-0.00257
-0.00296
-0.00237
-0.00276
-0.00237
-0.00296
-0.00257
-0.00257
-0.00237
-0.00218
-0.00257
-0.00218
-0.00179
-0.00237
-0.00237
-0.00257
-0.00218
-0.00257
-0.00237
-0.00257
-0.00237
-0.00315
-0.00296
-0.00276
-0.00257
-0.00296
-0.00296
-0.00296
-0.00276
-0.00296
-0.00296
-0.00276
-0.00257
-0.00315
-0.00296
-0.00276
-0.00276
-0.00276
-0.00257
-0.00237
-0.00257
-0.00218
-0.00237
-0.00237
-0.00296
-0.00276
-0.00257
-0.00276
-0.00296
-0.00315
-0.00237
-0.00315
-0.00296
-0.00315
-0.00296
-0.00296
-0.00276
-0.00257
-0.00276
-0.00296
-0.00257
-0.00237
-0.00237
-0.00276
-0.00159
-0.00218
-0.00159
-0.00218
-0.00237
-0.00237
-0.00198
-0.00179
-0.00198
-0.00198
-0.00218
-0.00218
-0.00237
-0.00237
-0.00257
-0.00276
-0.00198
-0.00257
-0.00237
-0.00237
-0.00257
-0.00257
-0.00218
-0.00237
-0.00218
-0.00218
-0.00218
-0.00198
-0.00218
-0.00198
-0.00218
-0.00218
-0.00159
-0.00257
-0.00237
-0.00296
-0.00218
-0.00198
-0.00237
-0.00257
-0.00237
-0.00257
-0.00296
-0.00296
-0.00276
-0.00257
-0.00296
-0.00296
-0.00218
-0.00257
-0.00218
-0.00237
-0.00198
-0.00198
-0.00179
-0.00237
-0.00257
-0.00237
-0.00257
-0.00296
-0.00276
-0.00276
-0.00276
-0.00257
-0.00296
-0.00276
-0.00296
-0.00315
-0.00296
-0.00276
-0.00276
-0.00296
-0.00315
-0.00335
-0.00296
-0.00276
-0.00276
-0.00276
-0.00257
-0.00276
-0.00257
-0.00257
-0.00237
-0.00257
-0.00296
-0.00276
-0.00276
-0.00296
-0.00296
-0.00296
-0.00276
-0.00296
-0.00296
-0.00315
-0.00315
-0.00296
-0.00257
-0.00315
-0.00237
-0.00315
-0.00257
-0.00276
-0.00257
-0.00237
-0.00237
-0.00218
-0.00237
-0.00276
-0.00276
-0.00276
-0.00218
-0.00296
-0.00179
-0.00179
-0.00042
0.00036
0.00329
0.00505
0.007
0.00954
0.01169
0.01404
0.01638
0.01794
0.0197
0.02126
0.02263
0.024
0.02556
0.02614
0.02732
0.02849
0.02946
0.03005
0.03103
0.03161
0.03181
0.0322
0.03259
0.03318
0.03298
0.03318
0.03376
0.03396
0.03396
0.03435
0.03513
0.03552
0.03728
0.03806
0.03904
0.04021
0.04118
0.04216
0.04314
0.04411
0.04431
0.0447
0.04548
0.04568
0.04646
0.04665
0.04704
0.04646
0.04665
0.04665
0.04646
0.04626
0.04626
0.04607
0.04587
0.04607
0.04587
0.04529
0.0445
0.0445
0.04431
0.04392
0.04372
0.04333
0.04236
0.04255
0.04216
0.04236
0.04138
0.04118
0.04079
0.0404
0.04001
0.03923
0.03943
0.03825
0.03845
0.03728
0.03747
0.0365
0.03591
0.03552
0.03513
0.03435
0.03415
0.03357
0.03298
0.03259
0.03279
0.032
0.03181
0.03181
0.03161
0.03083
0.03025
0.02966
0.02966
0.02888
0.02907
0.0281
0.02751
0.02751
0.02693
0.02654
0.02595
0.02575
0.02517
0.02478
0.02419
0.02419
0.0238
0.0238
0.02361
0.02263
0.02282
0.02185
0.02224
0.02165
0.02146
0.02165
0.02107
0.02107
0.02087
0.02107
0.02068
0.02048
0.01989
0.0197
0.01931
0.01911
0.01931
0.01853
0.01853
0.01833
0.01833
0.01794
0.01755
0.01736
0.01736
0.01696
0.01677
0.01638
0.01657
0.01579
0.01579
0.0154
0.0156
0.01501
0.01501
0.01482
0.01462
0.01443
0.01404
0.01404
0.01345
0.01325
0.01364
0.01286
0.01306
0.01228
0.01208
0.01189
0.01169
0.01189
0.0113
0.0115
0.0115
0.0115
0.0113
0.0115
0.01091
0.01052
0.01013
0.00993
0.01032
0.00974
0.01013
0.00935
0.00974
0.00935
0.00954
0.00935
0.00935
0.00915
0.00915
0.00896
0.00818
0.00896
0.00896
0.00876
0.00818
0.00837
0.00837
0.00837
0.00818
0.00818
0.00837
0.00818
0.00779
0.00739
0.00739
0.00739
0.007
0.00642
0.00681
0.00603
0.00583
0.00622
0.00583
0.00642
0.00622
0.00603
0.00583
0.00564
0.00564
0.00544
0.00583
0.00544
0.00525
0.00486
0.00544
0.00466
0.00505
0.00505
0.00466
0.00525
0.00466
0.00486
0.00486
0.00466
0.00525
0.00446
0.00466
0.00486
0.00466
0.00486
0.00466
0.00407
0.00427
0.00368
0.00427
0.00427
0.00427
0.00407
0.00368
0.00368
0.00368
0.00368
0.0031
0.00349
0.00349
0.00329
0.00329
0.00329
0.0031
0.00271
0.00251
0.00251
0.0029
0.00271
0.0031
0.00251
0.00251
0.00232
0.00232
0.00212
0.00193
0.00251
0.00251
0.00232
0.00251
0.00232
0.00271
0.00193
0.00251
0.00232
0.00193
0.00251
0.00232
0.00232
0.00232
0.00193
0.00193
0.00193
0.00173
0.00193
0.00232
0.00193
0.00212
0.00232
0.00232
0.00193
0.00193
0.00193
0.00134
0.00154
0.00173
0.00154
0.00114
0.00075
0.00114
0.00095
0.00114
0.00075
0.00036
0.00056
0.00056
0.00056
0.00036
-3e-05
0.00017
0.00036
0.00017
-3e-05
-0.00022
0.00017
0.00036
-0.00022
-3e-05
0.00017
0.00017
-0.00022
-3e-05
-0.00061
-3e-05
-3e-05
-0.00022
-0.00061
-0.00042
-0.00022
-3e-05
-0.00042
-0.00022
-0.00022
-0.00042
-0.00081
-0.001
-0.00042
-0.00081
-0.00081
-0.00081
-0.001
-0.00081
-0.00081
-0.00061
-3e-05
-0.00022
-0.00061
-0.00042
-0.00042
-0.00081
-0.00061
-0.00061
-0.00042
-0.00022
-0.00042
-0.00061
-0.00061
-0.00042
-0.001
-0.00022
-0.00081
-0.00061
-0.00042
-0.00022
-0.00081
-0.00061
-0.00061
-0.001
-3e-05
-0.00042
-0.00061
-0.00022
-0.00061
-0.00061
-0.00061
-0.001
-0.00061
-0.00061
-0.00042
-0.00022
-0.00022
-0.00022
-0.00022
-0.00042
-0.00042
-0.00042
-0.00081
-0.00042
-0.00022
-0.00061
-0.0012
-0.001
-0.00042
-0.00022
-0.00022
-0.00022
-0.001
-0.00042
-0.00081
-0.00061
-0.00061
-0.00081
-0.001
-0.00081
-0.00061
-0.001
-0.00139
-0.0012
-0.00081
-0.001
-0.0012
-0.0012
-0.00159
-0.00159
-0.00139
-0.0012
-0.00179
-0.00139
-0.00159
-0.00139
-0.00159
-0.0012
-0.00198
-0.00179
-0.00179
-0.00139
-0.00159
-0.00159
-0.00159
-0.00159
-0.0012
-0.00139
-0.00139
-0.00139
-0.001
-0.001
-0.00139
-0.0012
-0.00159
-0.0012
-0.00179
-0.00139
-0.00159
-0.0012
-0.001
-0.00081
-0.00179
-0.00139
-0.00198
-0.00139
-0.00159
-0.00139
-0.00179
-0.00139
-0.00159
-0.00159
-0.00159
-0.00139
-0.00159
-0.00179
-0.00218
-0.00198
-0.00179
-0.00218
-0.00179
-0.00218
-0.00237
-0.00237
-0.00237
-0.00237
-0.00237
-0.00237
-0.00237
-0.00257
-0.00257
-0.00237
-0.00276
-0.00276
-0.00237
-0.00218
-0.00237
-0.00237
-0.00237
-0.00218
-0.00179
-0.00218
-0.00237
-0.00237
-0.00237
-0.00218
-0.00218
-0.00198
-0.00218
-0.00159
-0.00198
-0.00179
-0.00198
-0.00179
-0.00218
-0.00179
-0.00139
-0.00179
-0.00218
-0.00218
-0.00237
-0.00198
-0.00218
-0.00198
-0.00218
-0.00198
-0.00179
-0.00257
-0.00198
-0.00179
-0.00218
-0.00198
-0.00198
-0.00237
-0.00237
-0.00179
-0.00198
-0.00218
-0.00218
-0.00198
-0.00257
-0.00257
-0.00276
-0.00257
-0.00276
-0.00218
-0.00296
-0.00257
-0.00198
-0.00159
-0.00276
-0.00218
-0.00237
-0.00237
-0.00198
-0.00218
-0.00257
-0.00276
-0.00237
-0.00257
-0.00198
-0.00257
-0.00296
-0.00257
-0.00218
-0.00218
-0.00276
-0.00296
-0.00218
-0.00257
-0.00257
-0.00237
-0.00257
-0.00237
-0.00237
-0.00218
-0.00237
-0.00257
-0.00237
-0.00218
-0.00198
-0.00198
-0.00257
-0.00237
-0.00218
-0.00179
-0.00237
-0.00218
-0.00237
-0.00198
-0.00198
-0.00218
-0.00198
-0.00257
-0.00218
-0.00257
-0.00237
-0.00276
-0.00257
-0.00257
-0.00218
-0.00179
-0.00179
-0.00198
-0.00218
-0.00198
-0.00237
-0.00179
-0.00198
-0.00179
-0.00198
-0.00198
-0.00159
-0.00159
-0.00198
-0.00179
-0.00159
-0.00139
-0.00159
-0.00198
-0.00218
-0.00159
-0.00179
-0.00179
-0.00198
-0.00237
-0.00218
-0.00276
-0.00218
-0.00179
-0.00159
-0.00179
-0.00198
-0.00159
-0.0012
-0.00159
-0.00218
-0.00218
-0.00198
-0.00179
-0.00198
-0.00237
-0.00218
-0.00198
-0.00198
-0.00198
-0.00237
-0.00218
-0.00198
-0.00218
-0.00257
-0.00237
-0.00257
-0.00237
-0.00218
-0.00257
-0.00257
-0.00237
-0.00257
-0.00257
-0.00257
-0.00218
-0.00237
-0.00237
-0.00218
-0.00237
-0.00218
-0.00257
-0.00276
-0.00237
-0.00296
-0.00296
-0.00276
-0.00257
-0.00237
-0.00257
-0.00257
-0.00198
-0.00218
-0.00218
-0.00257
-0.00237
-0.00237
-0.00218
-0.00218
-0.00218
-0.00257
-0.00218
-0.00257
-0.00218
-0.00296
-0.00257
-0.00237
-0.00257
-0.00257
-0.00218
-0.00257
-0.00237
-0.00276
-0.00257
-0.00276
-0.00296
-0.00276
-0.00276
-0.00237
-0.00257
-0.00296
-0.00315
-0.00276
-0.00237
-0.00257
-0.00237
-0.00218
-0.00237
-0.00296
-0.00257
-0.00296
-0.00237
-0.00237
-0.00237
-0.00276
-0.00218
-0.00237
-0.00257
-0.00237
-0.00237
-0.00237
-0.00296
-0.00315
-0.00257
-0.00237
-0.00218
-0.00276
-0.00237
-0.00237
-0.00218
-0.00237
-0.00237
-0.00237
-0.00237
-0.00296
-0.00237
-0.00296
-0.00276
-0.00296
-0.00315
-0.00296
-0.00296
-0.00276
-0.00276
-0.00276
-0.00276
-0.00315
-0.00276
-0.00335
-0.00257
-0.00276
-0.00276
-0.00237
-0.00218
-0.00237
-0.00237
-0.00218
-0.00237
-0.00218
-0.00237
-0.00237
-0.00179
-0.00218
-0.00257
-0.00296
-0.00257
-0.00198
-0.00198
-0.00257
-0.00237
-0.00257
-0.00237
-0.00237
-0.00257
-0.00276
-0.00257
-0.00276
-0.00257
-0.00276
-0.00276
-0.00315
-0.00335
-0.00296
-0.00237
-0.00257
-0.00276
-0.00296
-0.00257
-0.00296
-0.00257
-0.00276
-0.00335
-0.00276
-0.00237
-0.00276
-0.00257
-0.00257
-0.00257
-0.00276
-0.00257
-0.00218
-0.00276
-0.00276
-0.00237
-0.00218
-0.00237
-0.00257
-0.00296
-0.00296
-0.00237
-0.00276
-0.00276
-0.00296
-0.00257
-0.00315
-0.00335
-0.00276
-0.00218
-0.00257
-0.00257
-0.00257
-0.00257
-0.00296
-0.00296
-0.00315
-0.00276
-0.00257
-0.00296
-0.00335
-0.00296
-0.00257
-0.00237
-0.00257
-0.00354
-0.00296
-0.00296
-0.00296
-0.00218
-0.00315
-0.00257
-0.00315
-0.00276
-0.00315
-0.00257
-0.00257
-0.00257
-0.00257
-0.00257
-0.00257
-0.00237
-0.00237
-0.00257
-0.00257
-0.00218
-0.00237
-0.00257
-0.00257
-0.00237
-0.00237
-0.00198
-0.00237
-0.00179
-0.00257
-0.00257
-0.00237
-0.00218
-0.00179
-0.00237
-0.00218
-0.00198
-0.00237
-0.00218
-0.00257
-0.00276
-0.00237
-0.00315
-0.00296
-0.00315
-0.00315
-0.00315
-0.00315
-0.00296
-0.00335
-0.00354
-0.00296
-0.00296
-0.00315
-0.00315
-0.00276
-0.00296
-0.00335
-0.00315
-0.00354
-0.00393
-0.00354
-0.00335
-0.00315
-0.00296
-0.00315
-0.00335
-0.00354
-0.00315
-0.00315
-0.00335
-0.00354
-0.00296
-0.00315
-0.00276
-0.00315
-0.00257
-0.00218
-0.00296
-0.00276
-0.00237
-0.00237
-0.00237
-0.00257
-0.00237
-0.00296
-0.00237
-0.00276
-0.00218
-0.00257
-0.00276
-0.00296
-0.00257
-0.00276
-0.00237
-0.00237
-0.00315
-0.00296
-0.00296
-0.00296
-0.00218
-0.00276
-0.00218
-0.00257
-0.00237
-0.00276
-0.00276
-0.00237
-0.00237
-0.00198
-0.00237
-0.00257
-0.00237
-0.00237
-0.00218
-0.00237
-0.00257
-0.00257
-0.00237
-0.00237
-0.00257
-0.00257
-0.00237
-0.00218
-0.00237
-0.00237
-0.00257
-0.00257
-0.00237
-0.00257
-0.00276
-0.00296
-0.00237
-0.00237
-0.00198
-0.00237
-0.00237
-0.00198
-0.00237
-0.00218
-0.00276
-0.00237
-0.00237
-0.00179
-0.00237
-0.00237
-0.00257
-0.00237
-0.00198
-0.00257
-0.00198
-0.00237
-0.00179
-0.00179
-0.00218
-0.00179
-0.00237
-0.00198
-0.00179
-0.00218
-0.00198
-0.00237
