-1.859000521600E+00

-0.00276
-0.00296
-0.00257
-0.00257
-0.00296
-0.00276
-0.00257
-0.00257
-0.00296
-0.00257
-0.00237
-0.00237
-0.00257
-0.00257
-0.00237
-0.00276
-0.00276
-0.00237
-0.00257
-0.00257
-0.00257
-0.00257
-0.00237
-0.00237
-0.00257
-0.00237
-0.00237
-0.00179
-0.00198
-0.00218
-0.00237
-0.00218
-0.00237
-0.00276
-0.00296
-0.00237
-0.00257
-0.00257
-0.00296
-0.00276
-0.00296
-0.00276
-0.00257
-0.00296
-0.00257
-0.00257
-0.00296
-0.00296
-0.00296
-0.00296
-0.00276
-0.00276
-0.00257
-0.00218
-0.00296
-0.00257
-0.00276
-0.00257
-0.00296
-0.00296
-0.00257
-0.00276
-0.00257
-0.00257
-0.00276
-0.00276
-0.00276
-0.00218
-0.00257
-0.00218
-0.00276
-0.00237
-0.00296
-0.00237
-0.00218
-0.00198
-0.00198
-0.00237
-0.00218
-0.00237
-0.00237
-0.00257
-0.00237
-0.00218
-0.00237
-0.00237
-0.00218
-0.00218
-0.00218
-0.00237
-0.00237
-0.00237
-0.00257
-0.00257
-0.00237
-0.00257
-0.00257
-0.00218
-0.00276
-0.00218
-0.00218
-0.00257
-0.00237
-0.00218
-0.00218
-0.00237
-0.00237
-0.00257
-0.00276
-0.00237
-0.00315
-0.00237
-0.00237
-0.00237
-0.00237
-0.00237
-0.00198
-0.00179
-0.00179
-0.00198
-0.00198
-0.00198
-0.00218
-0.00159
-0.00179
-0.00218
-0.00237
-0.00198
-0.00218
-0.00198
-0.00237
-0.00237
-0.00218
-0.00198
-0.00257
-0.00237
-0.00237
-0.00237
-0.00237
-0.00237
-0.00257
-0.00257
-0.00237
-0.00237
-0.00218
-0.00218
-0.00218
-0.00218
-0.00218
-0.00237
-0.00198
-0.00218
-0.00218
-0.00237
-0.00257
-0.00257
-0.00198
-0.00276
-0.00218
-0.00237
-0.00218
-0.00218
-0.00218
-0.00218
-0.00237
-0.00218
-0.00257
-0.00257
-0.00276
-0.00257
-0.00296
-0.00257
-0.00218
-0.00237
-0.00237
-0.00218
-0.00179
-0.00218
-0.00237
-0.00159
-0.00179
-0.001
-3e-05
0.00114
0.00193
0.0031
0.00388
0.00486
0.00642
0.00798
0.00798
0.00954
0.00974
0.01013
0.01052
0.0115
0.01169
0.01267
0.01404
0.0154
0.01599
0.01736
0.01872
0.02048
0.02282
0.02536
0.0279
0.03142
0.03396
0.03669
0.04021
0.04314
0.04626
0.04997
0.05271
0.05603
0.05876
0.06169
0.06423
0.06638
0.06911
0.07165
0.07302
0.07517
0.07673
0.07829
0.07927
0.08064
0.0822
0.08298
0.08435
0.0865
0.08786
0.08923
0.0906
0.09177
0.09294
0.09333
0.0945
0.09548
0.09646
0.09763
0.0988
0.09978
0.10095
0.10193
0.10271
0.10388
0.10544
0.10622
0.10681
0.10798
0.10896
0.10896
0.10915
0.10915
0.10935
0.10935
0.10915
0.10954
0.10935
0.10915
0.10876
0.10798
0.1072
0.10642
0.10603
0.10544
0.10447
0.10407
0.10329
0.10251
0.10193
0.10056
0.09958
0.0988
0.09802
0.09626
0.09568
0.0945
0.09372
0.09255
0.09138
0.0906
0.08982
0.08923
0.08825
0.08708
0.08591
0.08493
0.08415
0.08318
0.08259
0.08103
0.08005
0.07927
0.07829
0.07732
0.07575
0.07517
0.07458
0.07361
0.07263
0.07185
0.07048
0.07009
0.06892
0.06794
0.06696
0.06618
0.0654
0.06501
0.06423
0.06364
0.06267
0.06228
0.0613
0.06091
0.06013
0.05857
0.05837
0.05759
0.0572
0.05681
0.05564
0.05486
0.05427
0.05349
0.05329
0.05251
0.05193
0.05095
0.05036
0.04958
0.04939
0.049
0.04802
0.04724
0.04646
0.04626
0.04587
0.04529
0.0447
0.04431
0.04392
0.04333
0.04294
0.04177
0.04138
0.0406
0.0406
0.03962
0.03943
0.03845
0.03786
0.03747
0.03689
0.03689
0.03611
0.03571
0.03552
0.03532
0.03454
0.03415
0.03318
0.03298
0.03279
0.0322
0.03181
0.03161
0.03083
0.03064
0.03025
0.03005
0.02927
0.02927
0.02868
0.02868
0.0279
0.0279
0.02771
0.02771
0.02732
0.02693
0.02614
0.02614
0.02536
0.02556
0.02536
0.02478
0.02439
0.02439
0.02439
0.02439
0.02341
0.02321
0.02263
0.02243
0.02224
0.02146
0.02185
0.02107
0.02087
0.02107
0.02126
0.02009
0.01989
0.02009
0.0195
0.01931
0.01911
0.01833
0.01853
0.01775
0.01736
0.01794
0.01775
0.01736
0.01696
0.01657
0.01657
0.01657
0.01657
0.01638
0.01599
0.01599
0.0156
0.0154
0.0154
0.01501
0.01501
0.01423
0.01462
0.01404
0.01364
0.01364
0.01384
0.01325
0.01364
0.01306
0.01267
0.01267
0.01247
0.01247
0.01228
0.01189
0.01091
0.0115
0.01111
0.0113
0.01052
0.01013
0.00993
0.00993
0.01013
0.00954
0.00993
0.00974
0.00993
0.00954
0.00935
0.00935
0.00915
0.00876
0.00876
0.00857
0.00857
0.00876
0.00857
0.00876
0.00837
0.00837
0.00818
0.00798
0.00798
0.00779
0.00759
0.00759
0.00759
0.00759
0.00759
0.00661
0.007
0.00739
0.0072
0.007
0.0072
0.00661
0.00681
0.00661
0.00642
0.00622
0.00642
0.00642
0.00622
0.00564
0.00583
0.00544
0.00486
0.00525
0.00505
0.00446
0.00486
0.00466
0.00446
0.00407
0.00446
0.00446
0.00407
0.00466
0.00368
0.00407
0.00368
0.00349
0.00329
0.00368
0.00388
0.00349
0.00388
0.00368
0.00349
0.00407
0.00349
0.00329
0.00329
0.00329
0.0031
0.0031
0.00349
0.00329
0.0031
0.00329
0.0029
0.0031
0.0031
0.0029
0.0029
0.00329
0.00271
0.00251
0.00251
0.00251
0.00232
0.00212
0.00251
0.00251
0.00251
0.00251
0.00212
0.00232
0.00251
0.00251
0.00212
0.00193
0.00193
0.00193
0.00212
0.00212
0.00193
0.00134
0.00193
0.00154
0.00193
0.00154
0.00134
0.00154
0.00154
0.00134
0.00154
0.00173
0.00134
0.00134
0.00173
0.00154
0.00154
0.00134
0.00173
0.00114
0.00075
0.00075
0.00095
0.00134
0.00114
0.00095
0.00075
0.00114
0.00095
0.00095
0.00114
0.00056
0.00056
0.00036
0.00075
0.00036
0.00017
0.00056
-0.00022
0.00075
0.00017
0.00036
0.00017
0.00036
0.00017
0.00017
-3e-05
-3e-05
-0.00042
-0.00061
-0.00061
-0.0012
-0.00042
-0.00061
-0.001
-0.00061
-0.00081
-0.00061
-0.00081
-0.00081
-0.00081
-0.00061
-0.00042
-0.00022
-0.00042
-0.00081
-0.00061
-0.00022
-0.00081
-0.00042
-0.00061
-0.00042
-0.00022
-0.00022
-0.00061
-0.00022
-0.00042
-0.00042
-0.00022
-0.00042
-0.00042
-0.00061
-0.00042
-0.00081
-0.00081
-0.00022
-0.00022
-0.00061
-3e-05
-0.001
-0.001
-0.00061
-0.001
-0.00081
-0.00061
-0.001
-0.001
-0.001
-0.0012
-0.00042
-0.00081
-0.001
-0.001
-0.001
-0.0012
-0.001
-0.001
-0.00081
-0.00159
-0.00139
-0.00159
-0.00139
-0.00139
-0.00139
-0.0012
-0.0012
-0.00139
-0.00139
-0.00159
-0.00139
-0.00237
-0.00179
-0.001
-0.00139
-0.00159
-0.00139
-0.0012
-0.00179
-0.00198
-0.00218
-0.00179
-0.00139
-0.00218
-0.00198
-0.00218
-0.00179
-0.00198
-0.00159
-0.0012
-0.00159
-0.00159
-0.00159
-0.001
-0.0012
-0.00159
-0.00179
-0.00179
-0.00139
-0.00159
-0.0012
-0.00179
-0.00159
-0.00159
-0.00139
-0.00159
-0.00179
-0.00179
-0.00179
-0.00179
-0.00179
-0.00198
-0.00257
-0.00257
-0.00237
-0.00257
-0.00218
-0.00237
-0.00218
-0.00257
-0.00218
-0.00237
-0.00218
-0.00218
-0.00198
-0.00218
-0.00179
-0.00179
-0.00198
-0.00198
-0.0012
-0.00139
-0.00179
-0.00198
-0.00179
-0.00218
-0.00218
-0.00198
-0.00179
-0.00179
-0.00179
-0.00198
-0.00218
-0.00237
-0.00237
-0.00159
-0.00237
-0.00276
-0.00237
-0.00257
-0.00198
-0.00276
-0.00218
-0.00276
-0.00237
-0.00198
-0.00218
-0.00218
-0.00237
-0.00198
-0.00237
-0.00198
-0.00179
-0.00237
-0.00237
-0.00296
-0.00237
-0.00198
-0.00218
-0.00218
-0.00257
-0.00257
-0.00237
-0.00179
-0.00257
-0.00198
-0.00218
-0.00179
-0.00218
-0.00198
-0.00179
-0.00159
-0.00159
-0.00159
-0.00179
-0.00159
-0.00179
-0.00179
-0.00159
-0.00159
-0.00139
-0.00198
-0.00198
-0.00159
-0.00179
-0.00198
-0.00139
-0.00179
-0.00179
-0.00198
-0.00179
-0.00159
-0.00179
-0.00237
-0.00237
-0.00179
-0.00218
-0.00218
-0.00218
-0.00218
-0.00237
-0.00257
-0.00257
-0.00257
-0.00237
-0.00257
-0.00257
-0.00257
-0.00237
-0.00296
-0.00276
-0.00257
-0.00315
-0.00276
-0.00296
-0.00296
-0.00257
-0.00276
-0.00218
-0.00218
-0.00237
-0.00257
-0.00237
-0.00218
-0.00237
-0.00237
-0.00237
-0.00218
-0.00237
-0.00237
-0.00276
-0.00296
-0.00315
-0.00296
-0.00276
-0.00315
-0.00296
-0.00374
-0.00296
-0.00296
-0.00257
-0.00276
-0.00218
-0.00237
-0.00257
-0.00237
-0.00257
-0.00218
-0.00179
-0.00179
-0.00198
-0.00198
-0.00237
-0.00218
-0.00218
-0.00237
-0.00218
-0.00218
-0.00218
-0.00237
-0.00257
-0.00296
-0.00276
-0.00218
-0.00237
-0.00237
-0.00218
-0.00276
-0.00296
-0.00296
-0.00257
-0.00218
-0.00237
-0.00296
-0.00237
-0.00237
-0.00218
-0.00237
-0.00257
-0.00237
-0.00237
-0.00257
-0.00257
-0.00315
-0.00296
-0.00276
-0.00276
-0.00276
-0.00315
-0.00296
-0.00296
-0.00276
-0.00296
-0.00296
-0.00335
-0.00315
-0.00257
-0.00296
-0.00296
-0.00315
-0.00296
-0.00315
-0.00276
-0.00296
-0.00296
-0.00315
-0.00257
-0.00296
-0.00296
-0.00276
-0.00296
-0.00315
-0.00276
-0.00335
-0.00276
-0.00276
-0.00237
-0.00218
-0.00257
-0.00276
-0.00257
-0.00218
-0.00257
-0.00218
-0.00276
-0.00218
-0.00257
-0.00237
-0.00237
-0.00218
-0.00237
-0.00179
-0.00218
-0.00257
-0.00237
-0.00218
-0.00237
-0.00218
-0.00257
-0.00198
-0.00237
-0.00198
-0.00237
-0.00179
-0.00198
-0.00257
-0.00276
-0.00237
-0.00218
-0.00257
-0.00276
-0.00276
-0.00296
-0.00296
-0.00237
-0.00218
-0.00257
-0.00276
-0.00276
-0.00257
-0.00237
-0.00276
-0.00237
-0.00257
-0.00237
-0.00315
-0.00296
-0.00276
-0.00296
-0.00296
-0.00335
-0.00315
-0.00335
-0.00296
-0.00335
-0.00315
-0.00296
-0.00315
-0.00315
-0.00296
-0.00315
-0.00276
-0.00296
-0.00296
-0.00276
-0.00296
-0.00237
-0.00257
-0.00276
-0.00276
-0.00237
-0.00296
-0.00315
-0.00276
-0.00257
-0.00296
-0.00257
-0.00276
-0.00315
-0.00296
-0.00257
-0.00296
-0.00237
-0.00296
-0.00257
-0.00276
-0.00237
-0.00276
-0.00257
-0.00257
-0.00237
-0.00257
-0.00237
-0.00276
-0.00296
-0.00315
-0.00315
-0.00237
-0.00276
-0.00296
-0.00276
-0.00296
-0.00315
-0.00257
-0.00257
-0.00276
-0.00315
-0.00296
-0.00257
-0.00257
-0.00276
-0.00218
-0.00237
-0.00237
-0.00237
-0.00257
-0.00237
-0.00276
-0.00257
-0.00296
-0.00237
-0.00237
-0.00257
-0.00296
-0.00276
-0.00296
-0.00257
-0.00315
-0.00296
-0.00315
-0.00335
-0.00276
-0.00335
-0.00315
-0.00315
-0.00257
-0.00315
-0.00354
-0.00374
-0.00315
-0.00315
-0.00315
-0.00315
-0.00354
-0.00354
-0.00335
-0.00315
-0.00335
-0.00276
-0.00315
-0.00296
-0.00276
-0.00296
-0.00354
-0.00315
-0.00315
-0.00276
-0.00296
-0.00354
-0.00315
-0.00257
-0.00257
-0.00257
-0.00296
-0.00276
-0.00296
-0.00296
-0.00296
-0.00237
-0.00237
-0.00237
-0.00276
-0.00198
-0.00218
-0.00276
-0.00276
-0.00276
-0.00257
-0.00276
-0.00237
-0.00237
-0.00296
-0.00276
-0.00296
-0.00257
-0.00257
-0.00237
-0.00198
-0.00276
-0.00296
-0.00257
-0.00296
-0.00315
-0.00315
-0.00257
-0.00276
-0.00296
-0.00296
-0.00315
-0.00296
-0.00315
-0.00315
-0.00335
-0.00315
-0.00315
-0.00296
-0.00257
-0.00315
-0.00296
-0.00315
-0.00296
-0.00257
-0.00276
-0.00315
-0.00354
-0.00315
-0.00296
-0.00335
-0.00296
-0.00276
-0.00296
-0.00296
-0.00276
-0.00296
-0.00296
-0.00315
-0.00315
-0.00276
-0.00296
-0.00276
-0.00296
-0.00276
-0.00237
-0.00257
-0.00218
-0.00257
-0.00257
-0.00296
-0.00257
-0.00218
-0.00218
-0.00237
-0.00257
-0.00237
-0.00257
-0.00296
-0.00276
-0.00296
-0.00276
-0.00335
-0.00296
-0.00335
-0.00296
-0.00315
-0.00335
-0.00276
-0.00296
-0.00296
-0.00296
-0.00296
-0.00335
-0.00354
-0.00296
