-8.320002336000E-01

-0.00296
-0.00237
-0.00218
-0.00218
-0.00218
-0.00237
-0.00218
-0.00237
-0.00198
-0.00139
-0.00159
-0.00198
-0.00218
-0.00179
-0.00159
-0.00237
-0.00218
-0.00198
-0.00218
-0.00218
-0.00218
-0.00218
-0.00179
-0.00237
-0.00257
-0.00257
-0.00257
-0.00218
-0.00218
-0.00218
-0.00218
-0.00237
-0.00218
-0.00198
-0.00257
-0.00257
-0.00237
-0.00296
-0.00296
-0.00296
-0.00276
-0.00276
-0.00257
-0.00276
-0.00296
-0.00257
-0.00257
-0.00335
-0.00276
-0.00335
-0.00296
-0.00276
-0.00276
-0.00315
-0.00237
-0.00296
-0.00296
-0.00296
-0.00296
-0.00296
-0.00296
-0.00315
-0.00257
-0.00296
-0.00315
-0.00257
-0.00237
-0.00296
-0.00276
-0.00296
-0.00257
-0.00276
-0.00257
-0.00296
-0.00257
-0.00218
-0.00198
-0.00198
-0.00218
-0.00276
-0.00179
-0.00218
-0.00218
-0.00198
-0.0012
-0.00198
-0.00198
-0.00237
-0.00218
-0.00257
-0.00198
-0.00198
-0.00198
-0.00257
-0.00218
-0.00198
-0.00218
-0.00198
-0.00218
-0.00237
-0.00198
-0.00218
-0.00218
-0.00198
-0.00179
-0.00218
-0.00257
-0.00218
-0.00198
-0.00198
-0.00218
-0.00237
-0.00198
-0.00218
-0.00179
-0.00179
-0.00179
-0.00198
-0.00198
-0.00218
-0.00179
-0.00179
-0.00159
-0.00198
-0.00198
-0.00218
-0.00198
-0.00237
-0.00198
-0.00218
-0.00198
-0.00237
-0.00218
-0.00218
-0.00198
-0.00257
-0.00276
-0.00218
-0.00237
-0.00296
-0.00276
-0.00276
-0.00276
-0.00276
-0.00296
-0.00296
-0.00257
-0.00296
-0.00296
-0.00296
-0.00257
-0.00296
-0.00257
-0.00218
-0.00257
-0.00276
-0.00257
-0.00276
-0.00257
-0.00276
-0.00257
-0.00276
-0.00237
-0.00218
-0.00257
-0.00257
-0.00218
-0.00237
-0.00237
-0.00218
-0.00237
-0.00218
-0.00257
-0.00218
-0.00276
-0.00296
-0.00296
-0.00276
-0.00276
-0.00296
-0.00276
-0.00315
-0.00315
-0.00335
-0.00315
-0.00296
-0.00296
-0.00296
-0.00296
-0.00276
-0.00296
-0.00315
-0.00354
-0.00335
-0.00335
-0.00354
-0.00276
-0.00335
-0.00315
-0.00354
-0.00315
-0.00315
-0.00335
-0.00315
-0.00315
-0.00296
-0.00296
-0.00296
-0.00296
-0.00276
-0.00257
-0.00296
-0.00257
-0.00296
-0.00296
-0.00218
-0.00257
-0.00198
-0.00198
-0.0012
-0.00061
0.00075
0.00173
0.00251
0.00388
0.00505
0.00603
0.0072
0.00896
0.00954
0.0115
0.01286
0.01501
0.01677
0.01931
0.02146
0.024
0.02732
0.03025
0.03357
0.0365
0.03962
0.04294
0.04568
0.0488
0.05095
0.0531
0.05505
0.05661
0.05779
0.05974
0.0613
0.06247
0.06364
0.06443
0.06501
0.06618
0.06657
0.06716
0.06755
0.06833
0.06833
0.06872
0.06853
0.06833
0.06814
0.06775
0.06716
0.06716
0.06696
0.06696
0.06657
0.06638
0.06638
0.06677
0.06794
0.06814
0.06853
0.06892
0.06931
0.0695
0.07029
0.07048
0.07087
0.07029
0.07029
0.07048
0.07068
0.0697
0.07009
0.0697
0.06911
0.06872
0.06853
0.06833
0.06736
0.06736
0.06657
0.06638
0.06579
0.06521
0.06462
0.06423
0.06364
0.06306
0.06228
0.06208
0.0615
0.06091
0.06013
0.05935
0.05896
0.05857
0.05779
0.057
0.05661
0.05583
0.05544
0.05525
0.05446
0.05407
0.05329
0.05212
0.05232
0.05154
0.05056
0.05017
0.04958
0.04919
0.0488
0.04802
0.04704
0.04646
0.04607
0.04568
0.04489
0.0445
0.04392
0.04314
0.04255
0.04275
0.04177
0.04118
0.0404
0.04001
0.03982
0.03923
0.03864
0.03825
0.03806
0.03767
0.03708
0.03571
0.03552
0.03493
0.03474
0.03435
0.03357
0.03357
0.03259
0.03279
0.032
0.03181
0.03083
0.03122
0.03044
0.03005
0.02946
0.02907
0.02868
0.0281
0.0281
0.0281
0.0279
0.02751
0.02712
0.02673
0.02634
0.02634
0.02536
0.02556
0.02497
0.02419
0.0238
0.024
0.02361
0.02361
0.02321
0.02282
0.02263
0.02185
0.02185
0.02087
0.02087
0.02068
0.02087
0.02068
0.02048
0.02029
0.0197
0.0197
0.0195
0.01872
0.01892
0.01814
0.01794
0.01794
0.01736
0.01755
0.01696
0.01677
0.01638
0.01657
0.01599
0.01599
0.0156
0.0156
0.0156
0.0154
0.01482
0.01501
0.01423
0.01404
0.01404
0.01364
0.01404
0.01384
0.01325
0.01325
0.01306
0.01228
0.01267
0.01267
0.01267
0.01208
0.01247
0.01208
0.01169
0.01189
0.0115
0.0115
0.01111
0.01091
0.01071
0.01071
0.01032
0.01032
0.00993
0.00974
0.00974
0.00896
0.00954
0.00954
0.00896
0.00857
0.00857
0.00857
0.00857
0.00857
0.00837
0.00857
0.00857
0.00837
0.00818
0.00779
0.00798
0.00798
0.00779
0.00818
0.00798
0.00798
0.00739
0.00759
0.00739
0.00759
0.00739
0.0072
0.00759
0.00739
0.007
0.00642
0.00681
0.00661
0.00661
0.00681
0.00681
0.00642
0.00622
0.00622
0.00544
0.00583
0.00544
0.00564
0.00603
0.00583
0.00564
0.00583
0.00564
0.00525
0.00544
0.00525
0.00505
0.00486
0.00505
0.00486
0.00446
0.00427
0.00368
0.00407
0.00368
0.00349
0.00349
0.00349
0.0031
0.00329
0.00329
0.00368
0.00329
0.0031
0.0031
0.00271
0.0029
0.00251
0.00251
0.00232
0.00251
0.00271
0.00271
0.00193
0.00232
0.00232
0.00232
0.00232
0.00232
0.00193
0.00212
0.00212
0.00193
0.00212
0.00154
0.00193
0.00232
0.00173
0.00173
0.00154
0.00154
0.00193
0.00193
0.00154
0.00154
0.00114
0.00114
0.00095
0.00134
0.00036
0.00114
0.00134
0.00075
0.00114
0.00075
0.00095
0.00075
0.00075
0.00095
0.00095
0.00095
0.00095
0.00075
0.00095
0.00075
0.00095
0.00095
0.00095
0.00036
0.00114
0.00075
0.00056
0.00056
0.00056
0.00075
0.00075
0.00095
0.00036
0.00036
0.00017
0.00056
0.00114
0.00075
-3e-05
0.00036
0.00017
0.00036
-3e-05
-3e-05
-0.00022
0.00017
-0.00042
-0.00061
-0.00061
-0.00042
-0.00022
0.00036
-3e-05
-0.00061
-0.001
-0.00061
-0.00061
-0.00042
-0.00061
-0.00042
-0.00042
-3e-05
-0.00022
-0.00042
-0.00061
-0.001
-0.00061
-0.00061
-3e-05
-0.00042
-3e-05
-0.00042
-0.00022
-0.00042
-0.00042
-0.00061
-0.00022
-0.00061
-3e-05
-0.00042
-0.00042
-0.00042
-0.00042
-0.00061
-0.00022
-0.00042
-3e-05
-3e-05
0.00056
-3e-05
-3e-05
-0.00022
-0.00042
-0.00022
-0.00042
-0.00081
-0.00042
-0.00061
-0.00081
-0.00061
-0.00042
-0.0012
-0.00081
-0.001
-0.00081
-0.001
-0.0012
-0.00139
-0.0012
-0.00139
-0.0012
-0.0012
-0.001
-0.0012
-0.0012
-0.00159
-0.001
-0.00081
-0.00139
-0.0012
-0.00179
-0.00179
-0.00159
-0.00139
-0.0012
-0.00179
-0.00198
-0.00198
-0.00179
-0.00159
-0.00179
-0.00159
-0.0012
-0.001
-0.00139
-0.00179
-0.00179
-0.00198
-0.00198
-0.00179
-0.00179
-0.00159
-0.0012
-0.00179
-0.00139
-0.00179
-0.0012
-0.00139
-0.0012
-0.00159
-0.0012
-0.00159
-0.00139
-0.00139
-0.00179
-0.0012
-0.00139
-0.00139
-0.0012
-0.00159
-0.00139
-0.00198
-0.00159
-0.00159
-0.00159
-0.00139
-0.00198
-0.00159
-0.00198
-0.00159
-0.00218
-0.00198
-0.00218
-0.00179
-0.00218
-0.00218
-0.00237
-0.00218
-0.00237
-0.00218
-0.00218
-0.00179
-0.00218
-0.00179
-0.00218
-0.00198
-0.00198
-0.00218
-0.00218
-0.00218
-0.00198
-0.00237
-0.00179
-0.00198
-0.00179
-0.00198
-0.00179
-0.00257
-0.00198
-0.00237
-0.00237
-0.00257
-0.00218
-0.00257
-0.00237
-0.00237
-0.00237
-0.00257
-0.00198
-0.00276
-0.00257
-0.00257
-0.00257
-0.00237
-0.00257
-0.00257
-0.00257
-0.00257
-0.00218
-0.00257
-0.00237
-0.00296
-0.00257
-0.00237
-0.00218
-0.00276
-0.00276
-0.00218
-0.00237
-0.00257
-0.00257
-0.00218
-0.00237
-0.00257
-0.00257
-0.00237
-0.00237
-0.00237
-0.00237
-0.00218
-0.00218
-0.00198
-0.00179
-0.00237
-0.00198
-0.00218
-0.00179
-0.00179
-0.00237
-0.00218
-0.00218
-0.00218
-0.00198
-0.00218
-0.00237
-0.00296
-0.00237
-0.00257
-0.00218
-0.00218
-0.00257
-0.00257
-0.00218
-0.00218
-0.00237
-0.00237
-0.00237
-0.00218
-0.00237
-0.00237
-0.00276
-0.00257
-0.00237
-0.00237
-0.00237
-0.00218
-0.00257
-0.00276
-0.00257
-0.00257
-0.00257
-0.00276
-0.00296
-0.00276
-0.00237
-0.00257
-0.00218
-0.00296
-0.00276
-0.00296
-0.00218
-0.00276
-0.00315
-0.00296
-0.00276
-0.00237
-0.00237
-0.00315
-0.00296
-0.00257
-0.00198
-0.00218
-0.00198
-0.00179
-0.00198
-0.00179
-0.00179
-0.00179
-0.00159
-0.00179
-0.00159
-0.00179
-0.00159
-0.00179
-0.00159
-0.00139
-0.00139
-0.00198
-0.00159
-0.00218
-0.00179
-0.00198
-0.00179
-0.00218
-0.00198
-0.00218
-0.00218
-0.00179
-0.00198
-0.00237
-0.00218
-0.00179
-0.00159
-0.00237
-0.00179
-0.00179
-0.00218
-0.00237
-0.00218
-0.00257
-0.00237
-0.00218
-0.00257
-0.00218
-0.00159
-0.00198
-0.00218
-0.00257
-0.00179
-0.00179
-0.00179
-0.00237
-0.00198
-0.00198
-0.00198
-0.00179
-0.00159
-0.00257
-0.00218
-0.00257
-0.00237
-0.00218
-0.00218
-0.00237
-0.00257
-0.00257
-0.00257
-0.00276
-0.00276
-0.00315
-0.00296
-0.00296
-0.00296
-0.00296
-0.00315
-0.00257
-0.00296
-0.00315
-0.00315
-0.00257
-0.00257
-0.00257
-0.00257
-0.00296
-0.00296
-0.00257
-0.00257
-0.00276
-0.00315
-0.00276
-0.00335
-0.00315
-0.00257
-0.00296
-0.00335
-0.00257
-0.00296
-0.00296
-0.00276
-0.00296
-0.00257
-0.00296
-0.00257
-0.00335
-0.00374
-0.00354
-0.00296
-0.00354
-0.00296
-0.00335
-0.00296
-0.00296
-0.00296
-0.00276
-0.00257
-0.00257
-0.00335
-0.00335
-0.00374
-0.00315
-0.00296
-0.00296
-0.00335
-0.00296
-0.00315
-0.00374
-0.00354
-0.00296
-0.00335
-0.00335
-0.00335
-0.00374
-0.00354
-0.00335
-0.00354
-0.00315
-0.00335
-0.00276
-0.00296
-0.00315
-0.00335
-0.00354
-0.00354
-0.00354
-0.00296
-0.00276
-0.00315
-0.00315
-0.00296
-0.00315
-0.00257
-0.00276
-0.00257
-0.00276
-0.00257
-0.00257
-0.00237
-0.00276
-0.00179
-0.00198
-0.00198
-0.00179
-0.00198
-0.00179
-0.00237
-0.00198
-0.00179
-0.00179
-0.00198
-0.00179
-0.00179
-0.00179
-0.00218
-0.00179
-0.00218
-0.00218
-0.00257
-0.00257
-0.00218
-0.00218
-0.00257
-0.00257
-0.00218
-0.00198
-0.00179
-0.00257
-0.00257
-0.00218
-0.00237
-0.00237
-0.00257
-0.00179
-0.00237
-0.00218
-0.00218
-0.00237
-0.00218
-0.00218
-0.00179
-0.00198
-0.00257
-0.00237
-0.00198
-0.00198
-0.00218
-0.00237
-0.00257
-0.00179
-0.00218
-0.00218
-0.00198
-0.00237
-0.00198
-0.00218
-0.00218
-0.00218
-0.00218
-0.00257
-0.00276
-0.00276
-0.00257
-0.00218
-0.00296
-0.00296
-0.00257
-0.00296
-0.00276
-0.00315
-0.00315
-0.00335
-0.00354
-0.00354
-0.00335
-0.00354
-0.00315
-0.00354
-0.00335
-0.00335
-0.00354
-0.00374
-0.00374
-0.00374
-0.00315
-0.00335
-0.00315
-0.00335
-0.00315
-0.00296
-0.00296
-0.00315
-0.00354
-0.00335
-0.00315
-0.00315
-0.00257
-0.00276
-0.00257
-0.00276
-0.00257
-0.00315
-0.00315
-0.00315
-0.00276
-0.00276
-0.00257
-0.00218
-0.00257
-0.00237
-0.00218
-0.00257
-0.00257
-0.00218
-0.00159
-0.00276
-0.00257
-0.00257
-0.00257
-0.00218
-0.00257
-0.00276
-0.00296
-0.00296
-0.00257
-0.00276
-0.00296
-0.00276
-0.00296
-0.00296
-0.00315
-0.00354
-0.00315
-0.00257
-0.00257
-0.00315
-0.00296
-0.00354
-0.00315
-0.00315
-0.00296
-0.00276
-0.00315
-0.00354
-0.00354
-0.00354
-0.00335
-0.00296
-0.00276
-0.00315
-0.00257
-0.00315
-0.00276
-0.00315
-0.00296
-0.00296
-0.00237
-0.00276
-0.00257
-0.00296
-0.00276
-0.00257
-0.00257
-0.00237
-0.00237
-0.00257
-0.00257
-0.00257
-0.00218
-0.00237
-0.00237
-0.00218
-0.00237
-0.00237
-0.00257
-0.00296
-0.00257
-0.00218
-0.00218
-0.00237
-0.00218
-0.00257
-0.00276
-0.00218
-0.00237
-0.00198
-0.00218
-0.00257
-0.00237
-0.00257
-0.00218
-0.00237
