-3.620001024000E-01

-0.00159
-0.00218
-0.00218
-0.00257
-0.00198
-0.00257
-0.00257
-0.00198
-0.00179
-0.00198
-0.00237
-0.00237
-0.00237
-0.00237
-0.00218
-0.00276
-0.00257
-0.00257
-0.00218
-0.00218
-0.00218
-0.00257
-0.00276
-0.00237
-0.00237
-0.00257
-0.00257
-0.00276
-0.00237
-0.00237
-0.00296
-0.00315
-0.00296
-0.00296
-0.00276
-0.00315
-0.00315
-0.00276
-0.00237
-0.00218
-0.00276
-0.00257
-0.00257
-0.00257
-0.00237
-0.00218
-0.00198
-0.00218
-0.00198
-0.00276
-0.00218
-0.00276
-0.00198
-0.00276
-0.00257
-0.00237
-0.00218
-0.00198
-0.00276
-0.00276
-0.00276
-0.00257
-0.00296
-0.00276
-0.00257
-0.00257
-0.00257
-0.00237
-0.00198
-0.00218
-0.00218
-0.00237
-0.00218
-0.00218
-0.00218
-0.00218
-0.00179
-0.00218
-0.00237
-0.00296
-0.00237
-0.00237
-0.00179
-0.00237
-0.00257
-0.00257
-0.00237
-0.00257
-0.00198
-0.00257
-0.00237
-0.00218
-0.00218
-0.00218
-0.00179
-0.00179
-0.00237
-0.00237
-0.00237
-0.00179
-0.00257
-0.00276
-0.00257
-0.00237
-0.00257
-0.00276
-0.00257
-0.00257
-0.00257
-0.00296
-0.00257
-0.00296
-0.00315
-0.00276
-0.00276
-0.00276
-0.00257
-0.00296
-0.00237
-0.00237
-0.00315
-0.00257
-0.00237
-0.00276
-0.00237
-0.00218
-0.00218
-0.00218
-0.00159
-0.00179
-0.00179
-0.00159
-0.00159
-0.00179
-0.00179
-0.00179
-0.00179
-0.00218
-0.00159
-0.00159
-0.00139
-0.00139
-0.00139
-0.00218
-0.00179
-0.00159
-0.00159
-0.00179
-0.00198
-0.00198
-0.00198
-0.00159
-0.00218
-0.00257
-0.00257
-0.00257
-0.00218
-0.00276
-0.00296
-0.00257
-0.00276
-0.00276
-0.00276
-0.00257
-0.00257
-0.00296
-0.00276
-0.00296
-0.00276
-0.00315
-0.00315
-0.00257
-0.00257
-0.00276
-0.00296
-0.00315
-0.00237
-0.00237
-0.00257
-0.00257
-0.00296
-0.00296
-0.00276
-0.00276
-0.00276
-0.00315
-0.00257
-0.00276
-0.00257
-0.00257
-0.00218
-0.00257
-0.00237
-0.00276
-0.00276
-0.00237
-0.00257
-0.00218
-0.00218
-0.00198
-0.00237
-0.00237
-0.00237
-0.00218
-0.00198
-0.00198
-0.00139
-0.00022
0.00095
0.00251
0.00505
0.00779
0.0113
0.0156
0.01989
0.02439
0.02888
0.03376
0.03864
0.04333
0.04802
0.05271
0.05681
0.06032
0.06384
0.06736
0.07146
0.07458
0.07849
0.082
0.08474
0.08767
0.09021
0.09294
0.0947
0.09665
0.09821
0.09978
0.10114
0.10193
0.10271
0.10349
0.10407
0.10466
0.10505
0.10544
0.10544
0.10525
0.10525
0.10525
0.10427
0.10407
0.10388
0.1031
0.1029
0.10193
0.10095
0.09978
0.09978
0.099
0.09763
0.09685
0.09626
0.09509
0.09431
0.09333
0.09236
0.09157
0.0904
0.08962
0.08864
0.08806
0.08689
0.08591
0.08493
0.08396
0.08298
0.0822
0.08122
0.07986
0.07888
0.07771
0.07712
0.07595
0.07517
0.07439
0.0738
0.07204
0.07165
0.07087
0.07009
0.06872
0.06775
0.06657
0.06599
0.06599
0.06423
0.06306
0.06247
0.06169
0.06111
0.06052
0.06032
0.05954
0.05896
0.05779
0.05779
0.05661
0.05583
0.05505
0.05427
0.05407
0.0531
0.05232
0.05173
0.05114
0.05017
0.05017
0.04919
0.04861
0.04782
0.04743
0.04685
0.04607
0.04548
0.0447
0.04411
0.04353
0.04314
0.04294
0.04236
0.04157
0.04138
0.0406
0.04001
0.03943
0.03904
0.03864
0.03806
0.03767
0.03708
0.03708
0.03669
0.0363
0.03611
0.03552
0.03474
0.03454
0.03474
0.03376
0.03298
0.03279
0.03259
0.032
0.03181
0.03122
0.03083
0.03044
0.03025
0.02986
0.02986
0.02986
0.02907
0.02888
0.0279
0.0279
0.02771
0.02712
0.02654
0.02614
0.02595
0.02575
0.02517
0.02497
0.02497
0.02419
0.024
0.02321
0.02321
0.02302
0.02263
0.02204
0.02204
0.02146
0.02107
0.02146
0.02068
0.02068
0.02029
0.01989
0.02009
0.0195
0.0197
0.0197
0.01872
0.01853
0.01833
0.01814
0.01814
0.01775
0.01716
0.01696
0.01657
0.01618
0.01638
0.01618
0.01579
0.0156
0.0154
0.01521
0.01521
0.01501
0.01423
0.01423
0.01443
0.01423
0.01345
0.01364
0.01325
0.01345
0.01345
0.01325
0.01306
0.01267
0.01208
0.01189
0.01267
0.01267
0.01247
0.01169
0.0115
0.01111
0.0115
0.01091
0.01091
0.01111
0.01111
0.01091
0.01111
0.01071
0.01111
0.01071
0.01071
0.01071
0.01052
0.01032
0.00974
0.00993
0.00974
0.00954
0.00974
0.00974
0.00935
0.00915
0.00915
0.00896
0.00857
0.00915
0.00857
0.00857
0.00818
0.00818
0.00779
0.00739
0.00798
0.00798
0.00779
0.00798
0.00759
0.007
0.007
0.007
0.0072
0.00681
0.00681
0.00681
0.00622
0.00622
0.00622
0.00583
0.00564
0.00564
0.00525
0.00544
0.00525
0.00525
0.00525
0.00544
0.00486
0.00486
0.00486
0.00544
0.00525
0.00505
0.00505
0.00466
0.00446
0.00466
0.00427
0.00407
0.00427
0.00466
0.00407
0.00446
0.00407
0.00349
0.00349
0.0031
0.00329
0.0031
0.0031
0.00271
0.00329
0.0029
0.0029
0.00271
0.0029
0.00271
0.00271
0.0029
0.0029
0.0029
0.00271
0.00271
0.00271
0.00271
0.00232
0.00232
0.00251
0.00251
0.00212
0.0029
0.00212
0.00232
0.00232
0.00212
0.00154
0.00232
0.00154
0.00193
0.00154
0.00193
0.00173
0.00193
0.00212
0.00251
0.00193
0.00173
0.00193
0.00193
0.00193
0.00173
0.00154
0.00173
0.00154
0.00114
0.00114
0.00095
0.00134
0.00114
0.00095
0.00095
0.00075
0.00095
0.00056
0.00056
0.00056
0.00036
0.00036
-3e-05
0.00017
-3e-05
0.00017
-3e-05
0.00056
0.00017
0.00036
0.00017
0.00017
0.00036
0.00017
-0.00022
-0.00022
-0.00042
-0.00022
-0.00042
-0.00022
-0.00022
0.00036
-0.00022
0.00017
-3e-05
-0.00022
-3e-05
-3e-05
0.00036
-0.00022
-0.00022
0.00017
0.00036
-3e-05
-3e-05
0.00036
0.00017
0.00017
0.00036
0.00056
0.00056
0.00036
-3e-05
-0.00022
-3e-05
-0.00042
-3e-05
-0.00022
-0.00061
-0.00022
-0.00042
-0.00061
-0.00042
-0.00022
-0.00042
-0.00022
-0.00061
-0.00042
-0.00081
-0.00061
-0.00061
-0.00061
-0.00061
-0.00042
-0.00081
-0.001
-0.00081
-0.001
-0.001
-0.001
-0.0012
-0.001
-0.00159
-0.0012
-0.00139
-0.001
-0.00159
-0.00081
-0.00139
-0.0012
-0.00081
-0.00081
-0.001
-0.00081
-0.00061
-0.00042
-0.00061
-0.00061
-0.00042
-0.00081
-0.00061
-0.00081
-0.001
-0.001
-0.0012
-0.00139
-0.00081
-0.001
-0.001
-0.001
-0.00081
-0.00081
-0.0012
-0.00081
-0.0012
-0.0012
-0.0012
-0.00139
-0.0012
-0.00139
-0.00139
-0.0012
-0.0012
-0.00139
-0.00179
-0.00198
-0.00179
-0.0012
-0.0012
-0.00159
-0.00159
-0.00179
-0.00218
-0.00218
-0.00237
-0.00257
-0.00237
-0.00218
-0.00179
-0.00159
-0.00179
-0.00198
-0.00179
-0.00179
-0.00159
-0.00139
-0.00159
-0.00159
-0.0012
-0.0012
-0.00139
-0.0012
-0.00139
-0.0012
-0.0012
-0.0012
-0.0012
-0.00139
-0.00179
-0.00159
-0.00198
-0.00159
-0.00179
-0.00218
-0.00198
-0.00179
-0.00179
-0.00159
-0.00159
-0.00218
-0.00218
-0.00198
-0.00237
-0.00257
-0.00198
-0.00179
-0.00218
-0.00179
-0.00198
-0.00179
-0.00218
-0.00198
-0.00198
-0.00198
-0.00218
-0.00179
-0.00179
-0.00198
-0.00198
-0.00159
-0.00159
-0.00198
-0.00198
-0.00198
-0.00198
-0.00159
-0.00179
-0.00179
-0.00198
-0.00218
-0.00198
-0.00179
-0.00198
-0.00159
-0.00179
-0.00179
-0.00179
-0.00237
-0.00198
-0.00198
-0.00179
-0.00237
-0.00237
-0.00198
-0.00237
-0.00257
-0.00198
-0.00237
-0.00218
-0.00218
-0.00257
-0.00257
-0.00257
-0.00257
-0.00257
-0.00257
-0.00198
-0.00237
-0.00237
-0.00257
-0.00237
-0.00276
-0.00296
-0.00276
-0.00257
-0.00257
-0.00296
-0.00237
-0.00237
-0.00276
-0.00237
-0.00257
-0.00257
-0.00257
-0.00237
-0.00218
-0.00198
-0.00218
-0.00237
-0.00218
-0.00237
-0.00218
-0.00218
-0.00276
-0.00198
-0.00198
-0.00198
-0.00218
-0.00179
-0.00198
-0.00276
-0.00257
-0.00218
-0.00257
-0.00237
-0.00198
-0.00218
-0.00257
-0.00237
-0.00218
-0.00218
-0.00218
-0.00276
-0.00179
-0.00218
-0.00218
-0.00237
-0.00218
-0.00237
-0.00257
-0.00237
-0.00237
-0.00218
-0.00276
-0.00257
-0.00257
-0.00257
-0.00237
-0.00276
-0.00237
-0.00276
-0.00218
-0.00218
-0.00198
-0.00257
-0.00237
-0.00237
-0.00237
-0.00179
-0.00198
-0.00218
-0.00218
-0.00237
-0.00237
-0.00218
-0.00139
-0.00179
-0.00159
-0.00237
-0.00237
-0.00218
-0.00218
-0.00237
-0.00237
-0.00198
-0.00237
-0.00237
-0.00218
-0.00237
-0.00237
-0.00218
-0.00198
-0.00237
-0.00198
-0.00296
-0.00296
-0.00237
-0.00257
-0.00276
-0.00237
-0.00276
-0.00257
-0.00315
-0.00276
-0.00257
-0.00237
-0.00315
-0.00296
-0.00296
-0.00257
-0.00257
-0.00218
-0.00276
-0.00198
-0.00237
-0.00198
-0.00179
-0.00159
-0.00159
-0.00179
-0.00179
-0.00159
-0.00159
-0.00159
-0.00159
-0.00139
-0.00159
-0.00159
-0.00179
-0.00159
-0.00159
-0.00139
-0.00139
-0.00159
-0.00159
-0.00198
-0.00237
-0.00198
-0.00218
-0.00179
-0.00179
-0.00237
-0.00179
-0.00139
-0.00179
-0.00237
-0.00198
-0.00218
-0.00218
-0.00198
-0.00159
-0.00198
-0.00276
-0.00257
-0.00276
-0.00218
-0.00257
-0.00257
-0.00276
-0.00218
-0.00237
-0.00257
-0.00257
-0.00276
-0.00237
-0.00257
-0.00257
-0.00276
-0.00276
-0.00296
-0.00276
-0.00296
-0.00296
-0.00315
-0.00315
-0.00296
-0.00296
-0.00315
-0.00335
-0.00315
-0.00276
-0.00257
-0.00296
-0.00315
-0.00237
-0.00296
-0.00296
-0.00257
-0.00237
-0.00257
-0.00276
-0.00276
-0.00257
-0.00296
-0.00257
-0.00218
-0.00257
-0.00198
-0.00257
-0.00257
-0.00296
-0.00257
-0.00276
-0.00237
-0.00257
-0.00257
-0.00315
-0.00257
-0.00218
-0.00237
-0.00257
-0.00276
-0.00296
-0.00276
-0.00276
-0.00276
-0.00257
-0.00237
-0.00257
-0.00257
-0.00276
-0.00237
-0.00237
-0.00257
-0.00257
-0.00218
-0.00218
-0.00257
-0.00237
-0.00257
-0.00237
-0.00237
-0.00237
-0.00218
-0.00198
-0.00159
-0.00237
-0.00276
-0.00237
-0.00237
-0.00198
-0.00218
-0.00198
-0.00257
-0.00237
-0.00257
-0.00276
-0.00257
-0.00237
-0.00237
-0.00276
-0.00218
-0.00237
-0.00257
-0.00276
-0.00296
-0.00276
-0.00257
-0.00296
-0.00257
-0.00296
-0.00257
-0.00257
-0.00198
-0.00198
-0.00237
-0.00257
-0.00198
-0.00198
-0.00237
-0.00237
-0.00218
-0.00237
-0.00257
-0.00237
-0.00179
-0.00198
-0.00139
-0.00198
-0.00198
-0.00179
-0.00198
-0.00198
-0.00179
-0.00218
-0.00179
-0.00198
-0.00218
-0.00198
-0.00198
-0.00218
-0.00296
-0.00218
-0.00237
-0.00198
-0.00237
-0.00237
-0.00296
-0.00276
-0.00257
-0.00276
-0.00315
-0.00296
-0.00276
-0.00276
-0.00237
-0.00257
-0.00276
-0.00257
-0.00257
-0.00296
-0.00296
-0.00354
-0.00315
-0.00315
-0.00276
-0.00315
-0.00276
-0.00315
-0.00276
-0.00335
-0.00257
-0.00335
-0.00335
-0.00374
-0.00296
-0.00335
-0.00354
-0.00335
-0.00276
-0.00296
-0.00257
-0.00257
-0.00257
-0.00296
-0.00315
-0.00276
-0.00315
-0.00315
-0.00296
-0.00315
-0.00276
-0.00296
-0.00257
-0.00276
-0.00276
-0.00276
-0.00257
-0.00257
-0.00296
-0.00257
-0.00257
-0.00276
-0.00257
-0.00296
-0.00257
-0.00276
-0.00276
-0.00257
-0.00276
-0.00237
-0.00237
-0.00276
-0.00218
-0.00276
-0.00276
-0.00296
-0.00257
-0.00218
-0.00257
-0.00237
-0.00179
-0.00198
-0.00179
-0.00218
-0.00198
-0.00237
-0.00198
-0.00237
-0.00198
-0.00179
-0.00159
-0.00179
-0.00218
-0.00159
-0.00218
-0.00218
-0.00218
-0.00218
-0.00179
-0.00218
-0.00179
-0.00159
-0.00179
-0.00198
-0.00159
-0.00218
-0.00218
-0.00237
-0.00257
-0.00257
-0.00198
-0.00237
-0.00257
-0.00257
-0.00257
-0.00296
-0.00276
-0.00257
-0.00237
-0.00276
-0.00257
-0.00296
