-2.720000768000E-01

-0.00237
-0.00237
-0.00296
-0.00237
-0.00257
-0.00237
-0.00276
-0.00296
-0.00296
-0.00296
-0.00276
-0.00276
-0.00276
-0.00296
-0.00296
-0.00257
-0.00296
-0.00276
-0.00315
-0.00296
-0.00257
-0.00276
-0.00257
-0.00257
-0.00237
-0.00257
-0.00276
-0.00276
-0.00218
-0.00257
-0.00257
-0.00237
-0.00276
-0.00237
-0.00315
-0.00296
-0.00257
-0.00276
-0.00237
-0.00257
-0.00296
-0.00257
-0.00296
-0.00257
-0.00276
-0.00276
-0.00276
-0.00257
-0.00296
-0.00296
-0.00296
-0.00218
-0.00218
-0.00257
-0.00296
-0.00276
-0.00237
-0.00276
-0.00257
-0.00257
-0.00257
-0.00237
-0.00257
-0.00218
-0.00276
-0.00198
-0.00237
-0.00257
-0.00257
-0.00257
-0.00257
-0.00276
-0.00296
-0.00257
-0.00296
-0.00257
-0.00257
-0.00276
-0.00276
-0.00296
-0.00315
-0.00315
-0.00276
-0.00257
-0.00257
-0.00276
-0.00276
-0.00315
-0.00315
-0.00296
-0.00296
-0.00315
-0.00296
-0.00315
-0.00315
-0.00335
-0.00335
-0.00315
-0.00296
-0.00276
-0.00276
-0.00257
-0.00315
-0.00296
-0.00257
-0.00276
-0.00257
-0.00276
-0.00257
-0.00257
-0.00276
-0.00218
-0.00276
-0.00257
-0.00276
-0.00237
-0.00237
-0.00257
-0.00296
-0.00276
-0.00276
-0.00257
-0.00257
-0.00276
-0.00237
-0.00315
-0.00276
-0.00237
-0.00276
-0.00257
-0.00276
-0.00276
-0.00276
-0.00276
-0.00257
-0.00296
-0.00257
-0.00257
-0.00237
-0.00276
-0.00237
-0.00257
-0.00296
-0.00315
-0.00315
-0.00315
-0.00315
-0.00315
-0.00335
-0.00315
-0.00315
-0.00257
-0.00257
-0.00218
-0.00276
-0.00296
-0.00296
-0.00237
-0.00218
-0.00257
-0.00237
-0.00198
-0.00218
-0.00237
-0.00257
-0.00237
-0.00198
-0.00198
-0.00198
-0.00218
-0.00218
-0.00257
-0.00237
-0.00257
-0.00296
-0.00257
-0.00296
-0.00296
-0.00296
-0.00276
-0.00276
-0.00257
-0.00276
-0.00257
-0.00257
-0.00257
-0.00237
-0.00218
-0.00237
-0.00218
-0.00198
-0.00218
-0.00218
-0.00198
-0.00198
-0.0012
-3e-05
0.00075
0.00173
0.00271
0.00388
0.00505
0.00759
0.00915
0.01267
0.0154
0.01931
0.02321
0.02712
0.03122
0.03435
0.03825
0.04196
0.04489
0.04743
0.04997
0.05232
0.05486
0.05622
0.05759
0.05876
0.06052
0.06208
0.06325
0.06443
0.06482
0.0656
0.06755
0.06931
0.07107
0.07321
0.07536
0.07712
0.07966
0.0822
0.08435
0.0863
0.08747
0.08884
0.09021
0.09138
0.09275
0.09333
0.09411
0.09411
0.09489
0.09489
0.09509
0.09548
0.09509
0.09509
0.09548
0.09489
0.0947
0.09411
0.09411
0.09353
0.09275
0.09196
0.09196
0.09138
0.09021
0.08962
0.08904
0.08845
0.08786
0.08689
0.08571
0.08474
0.08435
0.08337
0.0822
0.08122
0.08025
0.07966
0.07868
0.0781
0.07732
0.07614
0.07536
0.07439
0.07361
0.07243
0.07185
0.07087
0.07087
0.06931
0.06892
0.06775
0.06696
0.06618
0.0656
0.06462
0.06364
0.06286
0.06228
0.06169
0.06052
0.05954
0.05837
0.05798
0.0572
0.05642
0.05603
0.05525
0.05466
0.05368
0.05329
0.05232
0.05114
0.05095
0.05056
0.04997
0.04978
0.0488
0.04802
0.04763
0.04704
0.04626
0.04587
0.04529
0.04431
0.04431
0.04333
0.04275
0.04236
0.04138
0.04099
0.04099
0.03982
0.03962
0.03864
0.03864
0.03845
0.03825
0.03806
0.03786
0.03728
0.0365
0.0363
0.03552
0.03552
0.03474
0.03435
0.03415
0.03337
0.03318
0.03239
0.03239
0.0322
0.03142
0.03142
0.03044
0.02986
0.02927
0.02927
0.02868
0.0279
0.0279
0.02732
0.0279
0.02751
0.02732
0.02712
0.02654
0.02614
0.02575
0.02556
0.02517
0.02458
0.02439
0.02419
0.0238
0.024
0.02341
0.02302
0.02282
0.02263
0.02204
0.02185
0.02146
0.02087
0.02165
0.02107
0.02068
0.02048
0.02009
0.02009
0.0197
0.0195
0.01931
0.01931
0.01931
0.01833
0.01794
0.01755
0.01716
0.01736
0.01716
0.01677
0.01579
0.01599
0.0156
0.01579
0.01501
0.01482
0.01443
0.01462
0.01482
0.01462
0.01423
0.01423
0.01423
0.01384
0.01364
0.01345
0.01345
0.01325
0.01306
0.01286
0.01267
0.01228
0.01189
0.01247
0.01169
0.01169
0.0113
0.01169
0.01111
0.01111
0.01111
0.0113
0.01091
0.01091
0.01052
0.01032
0.00993
0.01032
0.00974
0.00993
0.00954
0.00954
0.00935
0.00915
0.00876
0.00896
0.00818
0.00876
0.00818
0.00837
0.00798
0.00818
0.00779
0.00798
0.00759
0.0072
0.00759
0.0072
0.0072
0.0072
0.007
0.00681
0.00661
0.00681
0.00642
0.00583
0.00603
0.00583
0.00642
0.00622
0.00603
0.00583
0.00544
0.00505
0.00505
0.00505
0.00466
0.00525
0.00466
0.00505
0.00466
0.00505
0.00466
0.00427
0.00427
0.00427
0.00427
0.00407
0.00466
0.00427
0.00446
0.00407
0.00407
0.00407
0.00407
0.00427
0.00427
0.00446
0.00368
0.00329
0.00349
0.0031
0.0031
0.0031
0.00329
0.00329
0.00368
0.00349
0.00368
0.0029
0.0031
0.0029
0.00271
0.0029
0.0029
0.0031
0.0029
0.0031
0.00271
0.0031
0.00271
0.00271
0.0029
0.00232
0.00232
0.00173
0.00193
0.00193
0.00154
0.00193
0.00232
0.00232
0.00212
0.00193
0.00134
0.00173
0.00193
0.00134
0.00154
0.00154
0.00173
0.00154
0.00114
0.00134
0.00114
0.00114
0.00134
0.00056
0.00095
0.00075
0.00075
0.00036
0.00036
-3e-05
-3e-05
0.00056
0.00056
-0.00022
-3e-05
0.00017
0.00017
-0.00022
-0.00022
-0.00042
-0.00042
-3e-05
-0.00061
-0.00061
-3e-05
-0.00042
-0.00042
-0.00061
-0.00042
-0.00042
-3e-05
-0.00022
-0.00081
-3e-05
-0.00022
-3e-05
-0.00042
-3e-05
-0.00022
-0.00022
0.00036
-3e-05
-3e-05
-0.00042
-3e-05
0.00017
-3e-05
-3e-05
-0.00022
-3e-05
0.00017
-0.00022
-3e-05
-0.00022
-3e-05
-3e-05
-0.00022
-0.00022
-0.00042
-0.00042
-3e-05
-0.00042
-0.00022
-0.00042
-0.001
-0.00081
-0.0012
-0.00159
-0.0012
-0.001
-0.0012
-0.00081
-0.00061
-0.0012
-0.00159
-0.0012
-0.0012
-0.00061
-0.00081
-0.001
-0.001
-0.0012
-0.00139
-0.00179
-0.0012
-0.001
-0.001
-0.00179
-0.00159
-0.00139
-0.00159
-0.001
-0.001
-0.00139
-0.00159
-0.0012
-0.00159
-0.00159
-0.00159
-0.00139
-0.00139
-0.001
-0.001
-0.00081
-0.00042
-0.001
-0.0012
-0.001
-0.00061
-0.00061
-0.001
-0.0012
-0.001
-0.0012
-0.0012
-0.0012
-0.00081
-0.00081
-0.00179
-0.00159
-0.0012
-0.00179
-0.00179
-0.00179
-0.0012
-0.00139
-0.0012
-0.0012
-0.00139
-0.0012
-0.0012
-0.00081
-0.001
-0.00139
-0.00081
-0.00081
-0.00081
-0.0012
-0.0012
-0.0012
-0.001
-0.0012
-0.0012
-0.001
-0.0012
-0.0012
-0.00139
-0.00139
-0.001
-0.00139
-0.00159
-0.00139
-0.00159
-0.0012
-0.0012
-0.00139
-0.00139
-0.00179
-0.00159
-0.00179
-0.00218
-0.00159
-0.00159
-0.00159
-0.00159
-0.00179
-0.00237
-0.00237
-0.00237
-0.00237
-0.00257
-0.00218
-0.00218
-0.00257
-0.00237
-0.00237
-0.00198
-0.00237
-0.00257
-0.00257
-0.00198
-0.00218
-0.00179
-0.00237
-0.00218
-0.00237
-0.00179
-0.00218
-0.00237
-0.00198
-0.00179
-0.00179
-0.00218
-0.00179
-0.00159
-0.00218
-0.00159
-0.00139
-0.00198
-0.00139
-0.00198
-0.00198
-0.00218
-0.00218
-0.00198
-0.00218
-0.00237
-0.00218
-0.00237
-0.00257
-0.00237
-0.00276
-0.00237
-0.00218
-0.00257
-0.00257
-0.00296
-0.00296
-0.00315
-0.00296
-0.00296
-0.00257
-0.00237
-0.00257
-0.00276
-0.00315
-0.00315
-0.00296
-0.00315
-0.00276
-0.00257
-0.00257
-0.00237
-0.00257
-0.00257
-0.00296
-0.00276
-0.00237
-0.00257
-0.00218
-0.00237
-0.00218
-0.00237
-0.00218
-0.00257
-0.00257
-0.00276
-0.00257
-0.00198
-0.00218
-0.00237
-0.00237
-0.00218
-0.00276
-0.00198
-0.00237
-0.00257
-0.00257
-0.00198
-0.00198
-0.00179
-0.00179
-0.00179
-0.00179
-0.00159
-0.00198
-0.00218
-0.00198
-0.00159
-0.0012
-0.00159
-0.00218
-0.00198
-0.00198
-0.00179
-0.00198
-0.00237
-0.00237
-0.00218
-0.00198
-0.00218
-0.00237
-0.00257
-0.00257
-0.00257
-0.00218
-0.00257
-0.00237
-0.00218
-0.00198
-0.00179
-0.00218
-0.00257
-0.00218
-0.00257
-0.00257
-0.00237
-0.00296
-0.00296
-0.00296
-0.00296
-0.00296
-0.00276
-0.00315
-0.00257
-0.00315
-0.00296
-0.00354
-0.00335
-0.00335
-0.00315
-0.00315
-0.00335
-0.00296
-0.00296
-0.00354
-0.00296
-0.00296
-0.00257
-0.00257
-0.00296
-0.00315
-0.00296
-0.00296
-0.00335
-0.00276
-0.00296
-0.00315
-0.00315
-0.00335
-0.00296
-0.00315
-0.00296
-0.00374
-0.00315
-0.00276
-0.00296
-0.00335
-0.00315
-0.00335
-0.00315
-0.00296
-0.00315
-0.00296
-0.00315
-0.00315
-0.00257
-0.00276
-0.00257
-0.00237
-0.00276
-0.00257
-0.00315
-0.00257
-0.00296
-0.00237
-0.00276
-0.00257
-0.00276
-0.00257
-0.00276
-0.00237
-0.00257
-0.00237
-0.00218
-0.00179
-0.00218
-0.00218
-0.00237
-0.00218
-0.00179
-0.00237
-0.00218
-0.00237
-0.00257
-0.00198
-0.00218
-0.00198
-0.00237
-0.00257
-0.00237
-0.00218
-0.00237
-0.00198
-0.00198
-0.00198
-0.00237
-0.00257
-0.00296
-0.00257
-0.00296
-0.00276
-0.00257
-0.00276
-0.00237
-0.00218
-0.00257
-0.00276
-0.00257
-0.00296
-0.00276
-0.00296
-0.00276
-0.00276
-0.00296
-0.00296
-0.00276
-0.00296
-0.00257
-0.00257
-0.00276
-0.00276
-0.00257
-0.00257
-0.00257
-0.00257
-0.00296
-0.00237
-0.00257
-0.00257
-0.00257
-0.00237
-0.00218
-0.00276
-0.00257
-0.00257
-0.00257
-0.00276
-0.00237
-0.00218
-0.00218
-0.00257
-0.00218
-0.00237
-0.00296
-0.00315
-0.00218
-0.00218
-0.00237
-0.00276
-0.00198
-0.00179
-0.00198
-0.00237
-0.00257
-0.00276
-0.00257
-0.00237
-0.00218
-0.00237
-0.00276
-0.00237
-0.00276
-0.00237
-0.00237
-0.00198
-0.00276
-0.00296
-0.00296
-0.00315
-0.00335
-0.00296
-0.00354
-0.00296
-0.00335
-0.00315
-0.00354
-0.00335
-0.00335
-0.00354
-0.00335
-0.00315
-0.00296
-0.00335
-0.00374
-0.00354
-0.00354
-0.00354
-0.00374
-0.00354
-0.00335
-0.00354
-0.00374
-0.00315
-0.00335
-0.00315
-0.00315
-0.00296
-0.00335
-0.00296
-0.00335
-0.00315
-0.00237
-0.00257
-0.00276
-0.00315
-0.00276
-0.00276
-0.00296
-0.00276
-0.00257
-0.00198
-0.00257
-0.00237
-0.00257
-0.00276
-0.00276
-0.00218
-0.00237
-0.00237
-0.00257
-0.00257
-0.00296
-0.00257
-0.00257
-0.00315
-0.00237
-0.00257
-0.00237
-0.00257
-0.00257
-0.00276
-0.00315
-0.00315
-0.00296
-0.00296
-0.00335
-0.00335
-0.00335
-0.00354
-0.00374
-0.00335
-0.00335
-0.00354
-0.00315
-0.00354
-0.00354
-0.00374
-0.00315
-0.00315
-0.00335
-0.00315
-0.00335
-0.00315
-0.00315
-0.00296
-0.00315
-0.00276
-0.00315
-0.00276
-0.00296
-0.00276
-0.00296
-0.00296
-0.00276
-0.00296
-0.00257
-0.00257
-0.00276
-0.00296
-0.00315
-0.00237
-0.00257
-0.00237
-0.00198
-0.00257
-0.00257
-0.00218
-0.00218
-0.00237
-0.00296
-0.00218
-0.00257
-0.00257
-0.00276
-0.00218
-0.00257
-0.00237
-0.00237
-0.00276
-0.00218
-0.00257
-0.00296
-0.00257
-0.00296
-0.00296
-0.00296
-0.00315
-0.00315
-0.00296
-0.00296
-0.00237
-0.00276
-0.00296
-0.00276
-0.00276
-0.00296
-0.00276
-0.00296
-0.00315
-0.00296
-0.00335
-0.00296
-0.00335
-0.00296
-0.00335
-0.00335
-0.00335
-0.00354
-0.00354
-0.00354
-0.00315
-0.00296
-0.00296
-0.00276
-0.00276
-0.00257
-0.00257
-0.00276
-0.00335
-0.00296
-0.00335
-0.00276
-0.00315
-0.00296
-0.00315
-0.00296
-0.00315
-0.00296
-0.00296
-0.00296
-0.00276
-0.00315
-0.00276
-0.00335
-0.00276
-0.00296
-0.00296
-0.00276
-0.00276
-0.00296
-0.00296
-0.00315
-0.00315
-0.00276
-0.00296
-0.00315
-0.00354
-0.00354
-0.00354
-0.00335
-0.00374
-0.00374
-0.00315
-0.00315
-0.00335
