-1.101000307200E+00

-0.00296
-0.00296
-0.00276
-0.00354
-0.00315
-0.00315
-0.00315
-0.00315
-0.00335
-0.00354
-0.00374
-0.00315
-0.00335
-0.00296
-0.00296
-0.00296
-0.00354
-0.00315
-0.00296
-0.00335
-0.00315
-0.00315
-0.00335
-0.00315
-0.00315
-0.00335
-0.00296
-0.00315
-0.00296
-0.00296
-0.00296
-0.00296
-0.00276
-0.00296
-0.00257
-0.00276
-0.00198
-0.00276
-0.00276
-0.00237
-0.00296
-0.00257
-0.00237
-0.00296
-0.00218
-0.00237
-0.00257
-0.00257
-0.00257
-0.00237
-0.00237
-0.00237
-0.00257
-0.00257
-0.00296
-0.00296
-0.00276
-0.00276
-0.00257
-0.00218
-0.00218
-0.00218
-0.00237
-0.00198
-0.00237
-0.00237
-0.00296
-0.00237
-0.00198
-0.00237
-0.00237
-0.00218
-0.00237
-0.00276
-0.00276
-0.00218
-0.00198
-0.00237
-0.00218
-0.00218
-0.00276
-0.00257
-0.00237
-0.00237
-0.00237
-0.00257
-0.00257
-0.00257
-0.00237
-0.00257
-0.00315
-0.00335
-0.00296
-0.00296
-0.00276
-0.00257
-0.00276
-0.00296
-0.00315
-0.00335
-0.00335
-0.00257
-0.00315
-0.00335
-0.00296
-0.00276
-0.00315
-0.00315
-0.00276
-0.00276
-0.00276
-0.00276
-0.00296
-0.00276
-0.00335
-0.00257
-0.00276
-0.00276
-0.00296
-0.00315
-0.00296
-0.00296
-0.00257
-0.00257
-0.00257
-0.00198
-0.00276
-0.00218
-0.00218
-0.00237
-0.00237
-0.00296
-0.00237
-0.00257
-0.00237
-0.00237
-0.00218
-0.00237
-0.00218
-0.00218
-0.00237
-0.00237
-0.00218
-0.00257
-0.00276
-0.00257
-0.00276
-0.00237
-0.00198
-0.00257
-0.00237
-0.00257
-0.00237
-0.00237
-0.00257
-0.00257
-0.00296
-0.00257
-0.00276
-0.00257
-0.00296
-0.00296
-0.00257
-0.00335
-0.00257
-0.00315
-0.00296
-0.00296
-0.00296
-0.00335
-0.00315
-0.00335
-0.00315
-0.00315
-0.00257
-0.00276
-0.00276
-0.00315
-0.00315
-0.00276
-0.00218
-0.00218
-0.00218
-0.00198
-0.00218
-0.00257
-0.00296
-0.00276
-0.00218
-0.00237
-0.00276
-0.00257
-0.00237
-0.00276
-0.00296
-0.00276
-0.00276
-0.00237
-0.00237
-0.00237
-0.00257
-0.00296
-0.00296
-0.00257
-0.00237
-0.00296
-0.00296
-0.00315
-0.00296
-0.00257
-0.00315
-0.00296
-0.00257
-0.00276
-0.00237
-0.00198
-0.00139
-3e-05
0.00212
0.00466
0.0072
0.01052
0.01384
0.01736
0.02107
0.02517
0.02868
0.03298
0.0365
0.04079
0.0447
0.04958
0.05427
0.05915
0.06306
0.06814
0.07282
0.07654
0.07966
0.08279
0.08571
0.08884
0.09099
0.09333
0.09529
0.09724
0.09861
0.10017
0.10095
0.10212
0.10271
0.10349
0.10407
0.10427
0.10505
0.10486
0.10486
0.10466
0.10447
0.10427
0.10368
0.10368
0.10232
0.10212
0.10193
0.10134
0.10036
0.10017
0.099
0.09782
0.09743
0.09665
0.09548
0.0945
0.09353
0.09314
0.09196
0.09118
0.09021
0.08943
0.08845
0.08708
0.08708
0.08591
0.08454
0.08318
0.08239
0.08122
0.08044
0.07927
0.0779
0.07712
0.07614
0.07497
0.0738
0.07321
0.07243
0.07146
0.07048
0.0697
0.06872
0.06814
0.06657
0.06657
0.0654
0.06443
0.06345
0.06247
0.06208
0.0613
0.06052
0.05993
0.05896
0.05779
0.05779
0.05622
0.05642
0.05583
0.05466
0.05388
0.05349
0.05251
0.05154
0.05095
0.05056
0.05017
0.0488
0.04841
0.04802
0.04763
0.04724
0.04665
0.04607
0.04587
0.04529
0.04431
0.04411
0.04333
0.04275
0.04236
0.04177
0.04138
0.04099
0.04021
0.04001
0.03923
0.03884
0.03864
0.03767
0.03786
0.03747
0.03689
0.03611
0.03591
0.03571
0.03513
0.03513
0.03435
0.03376
0.03318
0.03279
0.0322
0.03181
0.03122
0.03044
0.03025
0.03025
0.03025
0.02966
0.02888
0.02849
0.0281
0.0279
0.0281
0.02771
0.02732
0.02732
0.02693
0.02654
0.02595
0.02556
0.02497
0.02478
0.02458
0.02497
0.02419
0.0238
0.02302
0.02263
0.02263
0.02263
0.02263
0.02224
0.02146
0.02146
0.02107
0.02107
0.02048
0.02029
0.01989
0.01989
0.0197
0.01931
0.01892
0.01872
0.01814
0.01814
0.01755
0.01775
0.01755
0.01736
0.01696
0.01657
0.01657
0.01579
0.01599
0.01579
0.0154
0.01482
0.01462
0.01482
0.01462
0.01462
0.01423
0.01404
0.01423
0.01364
0.01345
0.01345
0.01286
0.01306
0.01286
0.01306
0.01267
0.01286
0.01208
0.01189
0.01228
0.01208
0.01189
0.01189
0.01169
0.01169
0.0115
0.0113
0.0113
0.0113
0.01071
0.01071
0.01052
0.01052
0.00993
0.01032
0.00974
0.00954
0.00974
0.00974
0.00935
0.00896
0.00857
0.00818
0.00818
0.00837
0.00818
0.00837
0.00837
0.00798
0.00779
0.00739
0.00759
0.00739
0.0072
0.00739
0.00779
0.00739
0.00681
0.00642
0.00661
0.00622
0.00661
0.00661
0.00622
0.00603
0.00622
0.00622
0.00603
0.00583
0.00583
0.00544
0.00622
0.00525
0.00544
0.00564
0.00505
0.00466
0.00525
0.00505
0.00525
0.00466
0.00505
0.00525
0.00505
0.00486
0.00446
0.00486
0.00466
0.00427
0.00446
0.00407
0.00427
0.00427
0.00446
0.00407
0.00388
0.00427
0.00368
0.00407
0.00388
0.00407
0.00349
0.00329
0.00329
0.0029
0.0031
0.0029
0.0031
0.0029
0.00271
0.00271
0.00271
0.00271
0.00251
0.00251
0.00251
0.00212
0.00212
0.00212
0.00251
0.00212
0.00232
0.0029
0.00251
0.00212
0.00173
0.00232
0.00251
0.00173
0.00193
0.00154
0.00232
0.00134
0.00173
0.00154
0.00134
0.00154
0.00134
0.00154
0.00114
0.00114
0.00173
0.00154
0.00154
0.00095
0.00095
0.00095
0.00075
0.00095
0.00095
0.00056
0.00056
0.00036
0.00036
0.00036
0.00056
0.00017
0.00036
-3e-05
0.00017
-0.00081
-0.00042
-0.00042
0.00017
-0.00022
0.00017
-3e-05
-0.00042
-3e-05
-3e-05
0.00017
-3e-05
-3e-05
0.00056
0.00036
0.00036
0.00036
0.00056
0.00056
0.00036
0.00075
0.00056
0.00056
0.00095
0.00017
0.00017
-3e-05
0.00036
0.00017
-3e-05
-3e-05
-0.00022
-0.00061
-0.00022
0.00036
-0.00022
-0.00022
-0.00061
-0.00022
-0.00022
-3e-05
-0.00022
-0.00022
-0.00042
-0.00022
-0.00022
-0.00022
-0.00042
-0.00042
-0.001
-0.001
-0.00081
-0.00139
-0.001
-0.0012
-0.00081
-0.00139
-0.0012
-0.001
-0.0012
-0.00179
-0.0012
-0.00159
-0.001
-0.00139
-0.001
-0.001
-0.00139
-0.00139
-0.00081
-0.00081
-0.0012
-0.001
-0.001
-0.00139
-0.0012
-0.00159
-0.00159
-0.00159
-0.001
-0.00179
-0.00159
-0.00159
-0.00179
-0.00179
-0.00179
-0.00159
-0.00139
-0.00139
-0.001
-0.00081
-0.001
-0.001
-0.0012
-0.00139
-0.0012
-0.00139
-0.00179
-0.00139
-0.00139
-0.00159
-0.00159
-0.00179
-0.00159
-0.00159
-0.00218
-0.00179
-0.00159
-0.00218
-0.0012
-0.00139
-0.00139
-0.00159
-0.0012
-0.0012
-0.00159
-0.00159
-0.00139
-0.00139
-0.00139
-0.0012
-0.0012
-0.0012
-0.0012
-0.0012
-0.0012
-0.00159
-0.00139
-0.00198
-0.00179
-0.00179
-0.00139
-0.00198
-0.00179
-0.00159
-0.00159
-0.00159
-0.00139
-0.00179
-0.00179
-0.00159
-0.00179
-0.00218
-0.00159
-0.00198
-0.00218
-0.00139
-0.00198
-0.00237
-0.00218
-0.00218
-0.00198
-0.00218
-0.00257
-0.00276
-0.00237
-0.00257
-0.00218
-0.00237
-0.00257
-0.00237
-0.00257
-0.00198
-0.00237
-0.00198
-0.00179
-0.00179
-0.00179
-0.00198
-0.00198
-0.00198
-0.00179
-0.00159
-0.00179
-0.00179
-0.00159
-0.00139
-0.00159
-0.00139
-0.0012
-0.00139
-0.00139
-0.00159
-0.00139
-0.00218
-0.00139
-0.00159
-0.00139
-0.00159
-0.001
-0.00198
-0.00139
-0.00139
-0.00159
-0.0012
-0.00139
-0.00159
-0.00139
-0.00218
-0.00159
-0.00198
-0.00198
-0.00179
-0.00198
-0.00218
-0.00198
-0.00198
-0.00198
-0.00296
-0.00276
-0.00218
-0.00257
-0.00218
-0.00257
-0.00198
-0.00218
-0.00296
-0.00296
-0.00257
-0.00218
-0.00218
-0.00237
-0.00218
-0.00237
-0.00257
-0.00218
-0.00218
-0.00218
-0.00218
-0.00218
-0.00315
-0.00276
-0.00296
-0.00257
-0.00198
-0.00257
-0.00237
-0.00218
-0.00296
-0.00237
-0.00237
-0.00198
-0.00198
-0.00198
-0.00218
-0.00198
-0.00237
-0.00237
-0.00237
-0.00218
-0.00218
-0.00237
-0.00257
-0.00237
-0.00218
-0.00257
-0.00276
-0.00315
-0.00296
-0.00296
-0.00276
-0.00276
-0.00296
-0.00276
-0.00257
-0.00257
-0.00257
-0.00237
-0.00218
-0.00218
-0.00237
-0.00198
-0.00218
-0.00198
-0.00218
-0.00257
-0.00237
-0.00218
-0.00257
-0.00237
-0.00257
-0.00237
-0.00218
-0.00218
-0.00296
-0.00237
-0.00315
-0.00296
-0.00315
-0.00276
-0.00276
-0.00315
-0.00315
-0.00315
-0.00296
-0.00276
-0.00257
-0.00296
-0.00296
-0.00315
-0.00335
-0.00315
-0.00335
-0.00315
-0.00296
-0.00354
-0.00335
-0.00335
-0.00335
-0.00315
-0.00354
-0.00315
-0.00315
-0.00315
-0.00276
-0.00354
-0.00315
-0.00315
-0.00276
-0.00354
-0.00315
-0.00276
-0.00276
-0.00237
-0.00237
-0.00276
-0.00257
-0.00257
-0.00257
-0.00257
-0.00237
-0.00257
-0.00257
-0.00237
-0.00237
-0.00237
-0.00237
-0.00237
-0.00218
-0.00257
-0.00257
-0.00218
-0.00198
-0.00237
-0.00218
-0.00237
-0.00257
-0.00257
-0.00237
-0.00218
-0.00257
-0.00276
-0.00257
-0.00276
-0.00276
-0.00257
-0.00296
-0.00257
-0.00296
-0.00276
-0.00276
-0.00354
-0.00354
-0.00276
-0.00315
-0.00276
-0.00296
-0.00296
-0.00237
-0.00276
-0.00237
-0.00237
-0.00257
-0.00218
-0.00237
-0.00237
-0.00237
-0.00218
-0.00257
-0.00237
-0.00276
-0.00237
-0.00276
-0.00335
-0.00315
-0.00296
-0.00296
-0.00257
-0.00276
-0.00276
-0.00296
-0.00257
-0.00276
-0.00257
-0.00276
-0.00237
-0.00276
-0.00257
-0.00296
-0.00276
-0.00237
-0.00257
-0.00296
-0.00315
-0.00276
-0.00276
-0.00276
-0.00276
-0.00315
-0.00296
-0.00257
-0.00257
-0.00296
-0.00257
-0.00315
-0.00315
-0.00296
-0.00257
-0.00276
-0.00257
-0.00276
-0.00257
-0.00296
-0.00276
-0.00296
-0.00237
-0.00296
-0.00237
-0.00257
-0.00218
-0.00257
-0.00237
-0.00257
-0.00237
-0.00237
-0.00218
-0.00237
-0.00257
-0.00276
-0.00237
-0.00237
-0.00257
-0.00237
-0.00237
-0.00257
-0.00218
-0.00218
-0.00276
-0.00296
-0.00296
-0.00276
-0.00276
-0.00296
-0.00276
-0.00257
-0.00276
-0.00296
-0.00335
-0.00354
-0.00296
-0.00335
-0.00335
-0.00374
-0.00354
-0.00354
-0.00354
-0.00335
-0.00315
-0.00315
-0.00315
-0.00315
-0.00335
-0.00296
-0.00276
-0.00276
-0.00257
-0.00315
-0.00257
-0.00276
-0.00237
-0.00257
-0.00276
-0.00237
-0.00257
-0.00237
-0.00198
-0.00198
-0.00237
-0.00218
-0.00237
-0.00198
-0.00218
-0.00218
-0.00198
-0.00179
-0.00198
-0.00237
-0.00218
-0.00198
-0.00218
-0.00198
-0.00198
-0.00218
-0.00218
-0.00198
-0.00257
-0.00237
-0.00237
-0.00276
-0.00257
-0.00257
-0.00237
-0.00296
-0.00335
-0.00276
-0.00315
-0.00276
-0.00296
-0.00276
-0.00296
-0.00237
-0.00335
-0.00296
-0.00315
-0.00335
-0.00335
-0.00354
-0.00315
-0.00296
-0.00315
-0.00354
-0.00315
-0.00296
-0.00315
-0.00315
-0.00315
-0.00393
-0.00374
-0.00315
-0.00315
-0.00315
-0.00354
-0.00335
-0.00354
-0.00354
-0.00374
-0.00335
-0.00354
-0.00296
-0.00276
-0.00296
-0.00335
-0.00374
-0.00354
-0.00354
-0.00315
-0.00335
-0.00276
-0.00276
-0.00315
-0.00276
-0.00296
-0.00315
-0.00296
-0.00296
-0.00315
-0.00296
-0.00276
-0.00276
-0.00335
-0.00315
-0.00335
-0.00335
-0.00315
-0.00354
-0.00354
-0.00296
-0.00315
-0.00296
-0.00296
-0.00237
-0.00257
-0.00296
-0.00257
-0.00296
-0.00257
-0.00257
-0.00237
-0.00276
-0.00257
-0.00257
-0.00276
-0.00296
-0.00237
-0.00276
-0.00296
-0.00257
-0.00315
-0.00296
-0.00296
-0.00296
-0.00257
-0.00257
-0.00296
-0.00276
-0.00218
-0.00257
-0.00257
-0.00257
-0.00237
-0.00218
-0.00276
-0.00257
-0.00276
-0.00257
-0.00218
-0.00315
-0.00315
-0.00276
-0.00257
-0.00315
-0.00257
