-1.967000550400E+00

-0.00198
-0.00257
-0.00296
-0.00276
-0.00257
-0.00296
-0.00296
-0.00257
-0.00257
-0.00296
-0.00315
-0.00315
-0.00354
-0.00374
-0.00276
-0.00315
-0.00276
-0.00315
-0.00315
-0.00335
-0.00296
-0.00296
-0.00315
-0.00315
-0.00335
-0.00354
-0.00315
-0.00296
-0.00335
-0.00335
-0.00354
-0.00354
-0.00393
-0.00393
-0.00374
-0.00393
-0.00335
-0.00374
-0.00374
-0.00374
-0.00393
-0.00393
-0.00393
-0.00374
-0.00374
-0.00374
-0.00374
-0.00335
-0.00315
-0.00374
-0.00296
-0.00354
-0.00354
-0.00374
-0.00335
-0.00296
-0.00296
-0.00296
-0.00315
-0.00335
-0.00276
-0.00296
-0.00315
-0.00335
-0.00374
-0.00335
-0.00296
-0.00276
-0.00257
-0.00315
-0.00257
-0.00237
-0.00257
-0.00257
-0.00276
-0.00296
-0.00257
-0.00237
-0.00257
-0.00276
-0.00237
-0.00257
-0.00237
-0.00218
-0.00276
-0.00276
-0.00296
-0.00276
-0.00257
-0.00276
-0.00257
-0.00257
-0.00257
-0.00315
-0.00257
-0.00257
-0.00315
-0.00218
-0.00257
-0.00237
-0.00237
-0.00218
-0.00198
-0.00218
-0.00198
-0.00237
-0.00218
-0.00237
-0.00179
-0.00237
-0.00159
-0.00237
-0.00198
-0.00218
-0.00237
-0.00159
-0.00198
-0.00198
-0.00237
-0.00218
-0.00257
-0.00237
-0.00257
-0.00276
-0.00237
-0.00276
-0.00218
-0.00257
-0.00257
-0.00276
-0.00276
-0.00276
-0.00237
-0.00257
-0.00315
-0.00296
-0.00257
-0.00276
-0.00237
-0.00276
-0.00257
-0.00257
-0.00237
-0.00276
-0.00218
-0.00257
-0.00237
-0.00257
-0.00237
-0.00218
-0.00257
-0.00198
-0.00218
-0.00237
-0.00257
-0.00237
-0.00218
-0.00218
-0.00179
-0.00218
-0.00159
-0.00159
-0.00198
-0.00198
-0.00198
-0.00218
-0.00218
-0.00198
-0.00237
-0.00257
-0.00218
-0.00218
-0.00257
-0.00276
-0.00257
-0.00296
-0.00296
-0.00257
-0.00315
-0.00257
-0.00276
-0.00237
-0.00257
-0.00257
-0.00276
-0.00276
-0.00276
-0.00335
-0.00315
-0.00354
-0.00276
-0.00315
-0.00257
-0.00335
-0.00315
-0.00335
-0.00315
-0.00276
-0.001
0.00017
0.00271
0.00466
0.00739
0.00954
0.01169
0.01364
0.01579
0.01775
0.0195
0.02126
0.02282
0.0238
0.02536
0.02712
0.02927
0.03142
0.03337
0.03532
0.03747
0.03884
0.04118
0.04411
0.04626
0.0488
0.05075
0.05271
0.05407
0.05583
0.05779
0.05993
0.06169
0.06404
0.0654
0.06736
0.0695
0.07165
0.07341
0.07439
0.07556
0.07673
0.07732
0.07829
0.07888
0.07966
0.08005
0.08083
0.08103
0.08181
0.08181
0.08181
0.082
0.082
0.08181
0.08122
0.08083
0.08044
0.07966
0.07966
0.07888
0.07829
0.07829
0.07751
0.07673
0.07536
0.07497
0.07478
0.07361
0.07361
0.07282
0.07165
0.07107
0.06989
0.06911
0.06814
0.06716
0.06716
0.06599
0.06579
0.06482
0.06404
0.06345
0.06267
0.06169
0.06111
0.05993
0.05935
0.05857
0.05759
0.05681
0.05622
0.05544
0.05427
0.05427
0.05368
0.0529
0.05212
0.05154
0.05075
0.05056
0.04939
0.04919
0.04841
0.04861
0.04782
0.04665
0.04626
0.04548
0.04489
0.0447
0.04372
0.04372
0.04294
0.04236
0.04177
0.04118
0.0406
0.0404
0.03982
0.04001
0.03943
0.03884
0.03786
0.03786
0.03728
0.03708
0.0365
0.03591
0.03552
0.03513
0.03474
0.03454
0.03396
0.03318
0.03259
0.0322
0.032
0.03142
0.03103
0.02986
0.03025
0.02946
0.02907
0.02907
0.02888
0.0281
0.02771
0.02751
0.02732
0.02712
0.02654
0.02634
0.02595
0.02536
0.02497
0.02458
0.02419
0.02419
0.02361
0.024
0.02302
0.02263
0.02263
0.02204
0.02224
0.02126
0.02107
0.02107
0.02068
0.02068
0.01989
0.02048
0.0197
0.0197
0.0195
0.0195
0.01911
0.01892
0.01872
0.01814
0.01755
0.01794
0.01696
0.01736
0.01677
0.01696
0.01618
0.0154
0.0154
0.0154
0.01501
0.01482
0.01501
0.01443
0.01482
0.01423
0.01443
0.01423
0.01443
0.01404
0.01325
0.01306
0.01345
0.01325
0.01286
0.01286
0.01267
0.01267
0.01189
0.01228
0.0115
0.01169
0.01111
0.01111
0.01071
0.01091
0.01071
0.01091
0.01052
0.01071
0.01032
0.01052
0.00993
0.01013
0.00993
0.00993
0.00915
0.00915
0.00974
0.00935
0.00896
0.00915
0.00876
0.00876
0.00876
0.00857
0.00818
0.00779
0.00759
0.00779
0.00759
0.0072
0.00739
0.0072
0.0072
0.00661
0.00642
0.007
0.0072
0.00681
0.007
0.0072
0.00681
0.00661
0.00642
0.00622
0.00642
0.00622
0.00603
0.00583
0.00583
0.00583
0.00544
0.00603
0.00564
0.00564
0.00564
0.00525
0.00525
0.00525
0.00525
0.00544
0.00564
0.00525
0.00525
0.00525
0.00486
0.00525
0.00486
0.00525
0.00466
0.00466
0.00446
0.00466
0.00466
0.00486
0.00446
0.00407
0.00407
0.00427
0.00388
0.00407
0.00388
0.00388
0.00368
0.00407
0.00388
0.00388
0.00368
0.00329
0.0029
0.0029
0.0031
0.0029
0.0031
0.00271
0.00232
0.0029
0.00232
0.0029
0.00271
0.00232
0.0029
0.00212
0.00232
0.00232
0.00212
0.00212
0.00251
0.00232
0.00251
0.00212
0.00193
0.00232
0.00212
0.00193
0.00193
0.00154
0.00134
0.00134
0.00154
0.00154
0.00154
0.00154
0.00095
0.00114
0.00154
0.00134
0.00114
0.00056
0.00036
0.00095
0.00056
0.00075
0.00095
0.00095
0.00095
0.00095
0.00056
0.00036
0.00056
-3e-05
-3e-05
-3e-05
0.00017
0.00036
0.00056
0.00036
0.00017
0.00017
-3e-05
-3e-05
-3e-05
-3e-05
-3e-05
-0.00042
0.00017
-0.00022
-0.00022
-0.00061
-0.00042
-0.00061
0.00036
-0.00022
-3e-05
-0.00022
-0.00022
-0.00022
-0.00042
-0.00061
-0.00081
-0.00081
-0.0012
-0.0012
-0.00081
-0.001
-0.00139
-0.00159
-0.00159
-0.0012
-0.00159
-0.0012
-0.00139
-0.00198
-0.00218
-0.00159
-0.00179
-0.00179
-0.00159
-0.00179
-0.00198
-0.00179
-0.00179
-0.00159
-0.00179
-0.00159
-0.00179
-0.00159
-0.00179
-0.00139
-0.00159
-0.00159
-0.00159
-0.00139
-0.00139
-0.0012
-0.00139
-0.00159
-0.00179
-0.00139
-0.0012
-0.00139
-0.00081
-0.0012
-0.00159
-0.0012
-0.0012
-0.0012
-0.00061
-0.001
-0.001
-0.00081
-0.0012
-0.00081
-0.0012
-0.00061
-0.00081
-0.00081
-0.001
-0.00081
-0.0012
-0.001
-0.00139
-0.00081
-0.00159
-0.0012
-0.00159
-0.00159
-0.0012
-0.00139
-0.00198
-0.00179
-0.00159
-0.00139
-0.00179
-0.00139
-0.00159
-0.00139
-0.00159
-0.00179
-0.00139
-0.00159
-0.00159
-0.00139
-0.00159
-0.00179
-0.00218
-0.00237
-0.00198
-0.00179
-0.00218
-0.00218
-0.00218
-0.00237
-0.00179
-0.00218
-0.00179
-0.00159
-0.00198
-0.00179
-0.00179
-0.00198
-0.00218
-0.00179
-0.00179
-0.00159
-0.00198
-0.00159
-0.00218
-0.00218
-0.00237
-0.00218
-0.00218
-0.00237
-0.00237
-0.00218
-0.00218
-0.00237
-0.00257
-0.00198
-0.00237
-0.00237
-0.00257
-0.00179
-0.00218
-0.00237
-0.00237
-0.00179
-0.00198
-0.00218
-0.00257
-0.00257
-0.00198
-0.00218
-0.00179
-0.00198
-0.00198
-0.00237
-0.00218
-0.00198
-0.00159
-0.00179
-0.00218
-0.00198
-0.00218
-0.00218
-0.00218
-0.00198
-0.00218
-0.00257
-0.00276
-0.00257
-0.00179
-0.00179
-0.00237
-0.00218
-0.00198
-0.00237
-0.00237
-0.00257
-0.00198
-0.00237
-0.00276
-0.00257
-0.00257
-0.00257
-0.00257
-0.00276
-0.00276
-0.00315
-0.00315
-0.00257
-0.00335
-0.00296
-0.00296
-0.00354
-0.00237
-0.00276
-0.00296
-0.00315
-0.00237
-0.00257
-0.00296
-0.00257
-0.00315
-0.00296
-0.00237
-0.00276
-0.00296
-0.00296
-0.00315
-0.00276
-0.00276
-0.00237
-0.00257
-0.00237
-0.00237
-0.00218
-0.00257
-0.00218
-0.00198
-0.00218
-0.00237
-0.00198
-0.00179
-0.00179
-0.00218
-0.00179
-0.00179
-0.00198
-0.00198
-0.00179
-0.00139
-0.00159
-0.00198
-0.00218
-0.00198
-0.00198
-0.00218
-0.00179
-0.00179
-0.00179
-0.00179
-0.00296
-0.00276
-0.00237
-0.00257
-0.00198
-0.00218
-0.00218
-0.00237
-0.00218
-0.00237
-0.00198
-0.00237
-0.00218
-0.00257
-0.00237
-0.00237
-0.00237
-0.00218
-0.00237
-0.00237
-0.00218
-0.00218
-0.00198
-0.00237
-0.00198
-0.00237
-0.00198
-0.00218
-0.00179
-0.00198
-0.00237
-0.00257
-0.00179
-0.00198
-0.00198
-0.00218
-0.00218
-0.00198
-0.00198
-0.00218
-0.00218
-0.00218
-0.00237
-0.00218
-0.00179
-0.00257
-0.00198
-0.00198
-0.00198
-0.00198
-0.00218
-0.00237
-0.00218
-0.00218
-0.00257
-0.00257
-0.00237
-0.00237
-0.00237
-0.00276
-0.00218
-0.00218
-0.00218
-0.00257
-0.00257
-0.00276
-0.00296
-0.00276
-0.00296
-0.00276
-0.00257
-0.00276
-0.00296
-0.00296
-0.00296
-0.00276
-0.00257
-0.00257
-0.00296
-0.00276
-0.00237
-0.00276
-0.00276
-0.00257
-0.00276
-0.00315
-0.00237
-0.00296
-0.00296
-0.00257
-0.00237
-0.00237
-0.00237
-0.00257
-0.00257
-0.00257
-0.00257
-0.00276
-0.00237
-0.00276
-0.00315
-0.00296
-0.00276
-0.00315
-0.00354
-0.00296
-0.00257
-0.00296
-0.00257
-0.00296
-0.00354
-0.00335
-0.00296
-0.00315
-0.00296
-0.00296
-0.00315
-0.00276
-0.00315
-0.00315
-0.00335
-0.00276
-0.00296
-0.00335
-0.00315
-0.00335
-0.00296
-0.00315
-0.00315
-0.00218
-0.00257
-0.00257
-0.00257
-0.00237
-0.00198
-0.00237
-0.00237
-0.00179
-0.00276
-0.00237
-0.00237
-0.00257
-0.00237
-0.00237
-0.00218
-0.00237
-0.00257
-0.00296
-0.00237
-0.00276
-0.00296
-0.00257
-0.00257
-0.00296
-0.00296
-0.00276
-0.00257
-0.00296
-0.00296
-0.00335
-0.00276
-0.00315
-0.00257
-0.00296
-0.00257
-0.00296
-0.00315
-0.00296
-0.00296
-0.00296
-0.00257
-0.00276
-0.00237
-0.00257
-0.00276
-0.00315
-0.00276
-0.00257
-0.00296
-0.00237
-0.00296
-0.00276
-0.00276
-0.00257
-0.00257
-0.00257
-0.00237
-0.00276
-0.00276
-0.00276
-0.00276
-0.00315
-0.00296
-0.00257
-0.00257
-0.00276
-0.00257
-0.00257
-0.00257
-0.00257
-0.00276
-0.00296
-0.00296
-0.00237
-0.00257
-0.00276
-0.00257
-0.00315
-0.00276
-0.00257
-0.00296
-0.00296
-0.00296
-0.00257
-0.00276
-0.00296
-0.00315
-0.00296
-0.00257
-0.00276
-0.00257
-0.00315
-0.00296
-0.00276
-0.00296
-0.00257
-0.00257
-0.00257
-0.00257
-0.00218
-0.00296
-0.00296
-0.00257
-0.00257
-0.00296
-0.00296
-0.00276
-0.00296
-0.00257
-0.00276
-0.00296
-0.00296
-0.00335
-0.00296
-0.00257
-0.00237
-0.00257
-0.00296
-0.00296
-0.00296
-0.00257
-0.00257
-0.00315
-0.00315
-0.00315
-0.00276
-0.00296
-0.00315
-0.00276
-0.00296
-0.00315
-0.00335
-0.00354
-0.00354
-0.00315
-0.00315
-0.00315
-0.00354
-0.00315
-0.00374
-0.00374
-0.00354
-0.00374
-0.00393
-0.00354
-0.00393
-0.00315
-0.00315
-0.00354
-0.00335
-0.00354
-0.00354
-0.00315
-0.00315
-0.00315
-0.00296
-0.00315
-0.00374
-0.00354
-0.00335
-0.00315
-0.00335
-0.00276
-0.00315
-0.00296
-0.00354
-0.00296
-0.00354
-0.00335
-0.00315
-0.00276
-0.00276
-0.00296
-0.00296
-0.00276
-0.00315
-0.00315
-0.00296
-0.00335
-0.00315
-0.00315
-0.00315
-0.00296
-0.00296
-0.00315
-0.00315
-0.00276
-0.00276
-0.00296
-0.00335
-0.00354
-0.00315
-0.00354
-0.00374
-0.00393
-0.00296
-0.00335
-0.00335
-0.00335
-0.00335
-0.00335
-0.00354
-0.00335
-0.00315
-0.00315
-0.00374
-0.00374
-0.00354
-0.00354
-0.00315
-0.00315
-0.00315
-0.00296
-0.00296
-0.00315
-0.00296
-0.00354
-0.00354
-0.00296
-0.00354
-0.00296
-0.00315
-0.00315
-0.00276
-0.00315
-0.00315
-0.00315
-0.00276
-0.00257
-0.00257
-0.00296
-0.00257
-0.00257
-0.00257
-0.00237
-0.00257
-0.00296
-0.00237
-0.00237
-0.00276
-0.00237
-0.00218
-0.00218
-0.00218
-0.00257
-0.00237
-0.00218
-0.00237
-0.00237
-0.00335
-0.00315
-0.00315
-0.00276
-0.00315
-0.00237
-0.00237
-0.00276
-0.00296
-0.00276
-0.00276
-0.00257
-0.00276
-0.00276
-0.00257
-0.00276
-0.00237
-0.00257
-0.00257
