-1.357000380800E+00

-0.00296
-0.00276
-0.00257
-0.00237
-0.00276
-0.00315
-0.00315
-0.00335
-0.00315
-0.00276
-0.00276
-0.00315
-0.00335
-0.00315
-0.00296
-0.00296
-0.00315
-0.00257
-0.00276
-0.00296
-0.00296
-0.00257
-0.00296
-0.00296
-0.00296
-0.00276
-0.00257
-0.00296
-0.00296
-0.00276
-0.00237
-0.00237
-0.00276
-0.00296
-0.00237
-0.00218
-0.00276
-0.00257
-0.00296
-0.00276
-0.00276
-0.00257
-0.00257
-0.00296
-0.00276
-0.00315
-0.00296
-0.00276
-0.00296
-0.00296
-0.00257
-0.00296
-0.00276
-0.00257
-0.00276
-0.00296
-0.00296
-0.00296
-0.00335
-0.00315
-0.00335
-0.00296
-0.00296
-0.00257
-0.00335
-0.00296
-0.00257
-0.00296
-0.00296
-0.00296
-0.00315
-0.00257
-0.00296
-0.00237
-0.00237
-0.00257
-0.00218
-0.00237
-0.00218
-0.00237
-0.00257
-0.00237
-0.00237
-0.00198
-0.00218
-0.00237
-0.00257
-0.00276
-0.00257
-0.00257
-0.00257
-0.00257
-0.00237
-0.00218
-0.00179
-0.00198
-0.00159
-0.00179
-0.00179
-0.00179
-0.00159
-0.00198
-0.00218
-0.00159
-0.00218
-0.00218
-0.00218
-0.00237
-0.00237
-0.00257
-0.00276
-0.00257
-0.00257
-0.00218
-0.00237
-0.00257
-0.00218
-0.00218
-0.00257
-0.00237
-0.00276
-0.00237
-0.00179
-0.00218
-0.00218
-0.00257
-0.00198
-0.00218
-0.00218
-0.00237
-0.00237
-0.00237
-0.00257
-0.00218
-0.00198
-0.00237
-0.00237
-0.00237
-0.00257
-0.00276
-0.00257
-0.00198
-0.00257
-0.00257
-0.00296
-0.00237
-0.00257
-0.00237
-0.00276
-0.00257
-0.00276
-0.00257
-0.00276
-0.00276
-0.00296
-0.00315
-0.00276
-0.00296
-0.00276
-0.00257
-0.00315
-0.00296
-0.00296
-0.00257
-0.00296
-0.00218
-0.00257
-0.00296
-0.00315
-0.00315
-0.00335
-0.00257
-0.00315
-0.00276
-0.00257
-0.00237
-0.00257
-0.00257
-0.00237
-0.00237
-0.00276
-0.00257
-0.00237
-0.00237
-0.00237
-0.00218
-0.00198
-0.00179
-0.00218
-0.00218
-0.00218
-0.00218
-0.00218
-0.00257
-0.00237
-0.00237
-0.00218
-0.00218
-0.0012
-0.00042
0.00075
0.00251
0.00466
0.00779
0.00993
0.01306
0.0154
0.01853
0.02243
0.02575
0.02966
0.03318
0.03689
0.04021
0.04372
0.04763
0.05134
0.05603
0.06032
0.06462
0.06853
0.07302
0.07654
0.08025
0.08318
0.08571
0.08825
0.09079
0.09314
0.09392
0.09607
0.09704
0.099
0.09997
0.10114
0.10154
0.10173
0.10251
0.1029
0.1031
0.1031
0.10368
0.10329
0.1031
0.10271
0.10212
0.10154
0.10095
0.10056
0.10036
0.09919
0.09841
0.09743
0.09665
0.09607
0.09509
0.09392
0.09333
0.09177
0.09099
0.09021
0.08943
0.08825
0.08728
0.08611
0.08571
0.08435
0.08337
0.08239
0.08083
0.08025
0.07927
0.07868
0.07712
0.07634
0.07517
0.07419
0.0738
0.07321
0.07204
0.07087
0.07068
0.06931
0.06872
0.06755
0.06677
0.06599
0.06482
0.06482
0.06345
0.06286
0.06169
0.06032
0.06032
0.05954
0.05896
0.05818
0.05759
0.057
0.05622
0.05466
0.05407
0.05368
0.0531
0.05251
0.05193
0.05095
0.05036
0.04978
0.049
0.04802
0.04763
0.04665
0.04626
0.04529
0.04529
0.0445
0.04392
0.04353
0.04314
0.04255
0.04196
0.04138
0.04099
0.04099
0.04021
0.04021
0.03923
0.03845
0.03845
0.03864
0.03806
0.03728
0.03669
0.0365
0.0365
0.03591
0.03571
0.03454
0.03435
0.03376
0.03376
0.03298
0.03259
0.03181
0.032
0.03181
0.03122
0.03044
0.03044
0.03025
0.02986
0.02888
0.02907
0.02829
0.02829
0.02771
0.0279
0.02751
0.02712
0.02654
0.02595
0.02575
0.02536
0.02439
0.02458
0.02419
0.02361
0.02341
0.02302
0.02263
0.02282
0.02243
0.02185
0.02165
0.02146
0.02126
0.02087
0.02087
0.02048
0.02029
0.01989
0.02009
0.02009
0.02009
0.01892
0.01853
0.01833
0.01814
0.01814
0.01794
0.01755
0.01736
0.01716
0.01716
0.01696
0.01638
0.01657
0.01657
0.01618
0.01599
0.0154
0.0156
0.01501
0.0154
0.01482
0.01462
0.01443
0.01482
0.01423
0.01404
0.01364
0.01325
0.01325
0.01325
0.01325
0.01306
0.01267
0.01189
0.01228
0.01228
0.01169
0.0113
0.0113
0.01052
0.01071
0.01032
0.01032
0.01013
0.01032
0.01052
0.01013
0.00993
0.01013
0.01013
0.01013
0.00954
0.00935
0.00915
0.00915
0.00974
0.00935
0.00915
0.00896
0.00915
0.00896
0.00876
0.00876
0.00857
0.00857
0.00837
0.00818
0.00779
0.00818
0.0072
0.00759
0.0072
0.0072
0.007
0.00681
0.00622
0.00642
0.00681
0.00642
0.00642
0.00603
0.00603
0.00564
0.00544
0.00544
0.00505
0.00505
0.00505
0.00486
0.00466
0.00427
0.00427
0.00486
0.00486
0.00486
0.00466
0.00446
0.00466
0.00388
0.00407
0.00466
0.00427
0.00446
0.00407
0.00407
0.00427
0.00407
0.00446
0.00486
0.00466
0.00446
0.00407
0.00427
0.00446
0.00427
0.00427
0.00407
0.00388
0.00388
0.00388
0.00329
0.00368
0.00329
0.00349
0.00368
0.00349
0.00349
0.0031
0.0031
0.00271
0.0029
0.0031
0.00271
0.0029
0.00251
0.00212
0.00193
0.00154
0.00212
0.00134
0.00193
0.00134
0.00134
0.00114
0.00095
0.00114
0.00134
0.00095
0.00095
0.00095
0.00154
0.00095
0.00075
0.00075
0.00134
0.00114
0.00114
0.00075
0.00095
0.00075
0.00075
0.00095
0.00075
0.00095
0.00114
0.00075
0.00056
0.00095
0.00075
0.00114
0.00036
0.00017
0.00036
0.00056
0.00017
0.00075
0.00056
0.00036
0.00036
-3e-05
-3e-05
-0.00042
0.00036
-3e-05
-0.00022
-3e-05
-3e-05
-3e-05
0.00017
-0.00081
-0.00022
-0.00042
-3e-05
0.00017
-0.00061
-0.00022
-0.00022
-0.00061
-0.00061
-0.00042
-0.00042
-0.00042
-0.00042
-0.00042
-0.00042
-3e-05
-0.00022
-3e-05
-0.00022
-0.00042
-0.00042
-0.00042
0.00017
-3e-05
0.00017
-0.00042
-0.00022
-3e-05
0.00017
-0.00022
-0.00022
-0.00042
0.00017
-0.00042
0.00017
-3e-05
-0.00022
-0.00042
-0.00022
-0.00042
-0.00042
-0.00081
-0.00042
-0.00081
-0.00081
-0.00081
-0.001
-0.00139
-0.0012
-0.00159
-0.001
-0.0012
-0.00061
-0.00081
-0.0012
-0.0012
-0.00139
-0.00159
-0.00159
-0.0012
-0.00081
-0.00159
-0.00179
-0.00139
-0.00081
-0.0012
-0.0012
-0.0012
-0.001
-0.00139
-0.00179
-0.00179
-0.00159
-0.00179
-0.00139
-0.0012
-0.0012
-0.00139
-0.0012
-0.001
-0.0012
-0.0012
-0.001
-0.00139
-0.001
-0.0012
-0.00061
-0.0012
-0.001
-0.00159
-0.0012
-0.00198
-0.00159
-0.00159
-0.00198
-0.00179
-0.00139
-0.00198
-0.00198
-0.00198
-0.00198
-0.00179
-0.00179
-0.00218
-0.00198
-0.00198
-0.00179
-0.00237
-0.00179
-0.00237
-0.00218
-0.00218
-0.00179
-0.00198
-0.00179
-0.00179
-0.00198
-0.00218
-0.00179
-0.00218
-0.00198
-0.00276
-0.00257
-0.00276
-0.00237
-0.00179
-0.00237
-0.00198
-0.00237
-0.00237
-0.00218
-0.00218
-0.00198
-0.00198
-0.00179
-0.00218
-0.00139
-0.00218
-0.00198
-0.00218
-0.00218
-0.00198
-0.00179
-0.00218
-0.00198
-0.00237
-0.00218
-0.00237
-0.00218
-0.00237
-0.00198
-0.00237
-0.00218
-0.00237
-0.00179
-0.00218
-0.00237
-0.00257
-0.00218
-0.00237
-0.00218
-0.00296
-0.00237
-0.00237
-0.00257
-0.00257
-0.00257
-0.00218
-0.00237
-0.00257
-0.00218
-0.00237
-0.00237
-0.00276
-0.00257
-0.00296
-0.00237
-0.00257
-0.00198
-0.00257
-0.00237
-0.00237
-0.00198
-0.00257
-0.00237
-0.00237
-0.00218
-0.00218
-0.00179
-0.00198
-0.00237
-0.00218
-0.00237
-0.00237
-0.00218
-0.00218
-0.00218
-0.00218
-0.00198
-0.00218
-0.00237
-0.00237
-0.00237
-0.00257
-0.00335
-0.00335
-0.00296
-0.00315
-0.00276
-0.00315
-0.00296
-0.00296
-0.00296
-0.00335
-0.00296
-0.00354
-0.00257
-0.00335
-0.00315
-0.00276
-0.00276
-0.00296
-0.00218
-0.00198
-0.00218
-0.00237
-0.00218
-0.00257
-0.00237
-0.00237
-0.00218
-0.00237
-0.00198
-0.00237
-0.00179
-0.00159
-0.00179
-0.00237
-0.00218
-0.00218
-0.00257
-0.00218
-0.00198
-0.00179
-0.00179
-0.00218
-0.00159
-0.00179
-0.00198
-0.00237
-0.00198
-0.00198
-0.00159
-0.00218
-0.00218
-0.00237
-0.00218
-0.00237
-0.00198
-0.00139
-0.00159
-0.00218
-0.00198
-0.00179
-0.00218
-0.00296
-0.00218
-0.00237
-0.00218
-0.00276
-0.00218
-0.00218
-0.00237
-0.00237
-0.00257
-0.00237
-0.00237
-0.00257
-0.00218
-0.00257
-0.00257
-0.00237
-0.00237
-0.00218
-0.00276
-0.00257
-0.00237
-0.00237
-0.00237
-0.00315
-0.00257
-0.00257
-0.00257
-0.00296
-0.00257
-0.00257
-0.00237
-0.00296
-0.00276
-0.00218
-0.00237
-0.00218
-0.00179
-0.00237
-0.00237
-0.00218
-0.00237
-0.00237
-0.00218
-0.00218
-0.00218
-0.00257
-0.00218
-0.00218
-0.00218
-0.00218
-0.00257
-0.00237
-0.00198
-0.00198
-0.00237
-0.00237
-0.00237
-0.00237
-0.00218
-0.00218
-0.00237
-0.00257
-0.00198
-0.00237
-0.00237
-0.00237
-0.00237
-0.00237
-0.00237
-0.00237
-0.00218
-0.00257
-0.00276
-0.00276
-0.00257
-0.00237
-0.00257
-0.00257
-0.00296
-0.00276
-0.00257
-0.00257
-0.00257
-0.00296
-0.00296
-0.00276
-0.00257
-0.00276
-0.00296
-0.00354
-0.00296
-0.00315
-0.00296
-0.00335
-0.00374
-0.00393
-0.00315
-0.00374
-0.00354
-0.00393
-0.00354
-0.00354
-0.00335
-0.00393
-0.00354
-0.00374
-0.00393
-0.00374
-0.00315
-0.00354
-0.00354
-0.00335
-0.00296
-0.00335
-0.00335
-0.00335
-0.00315
-0.00315
-0.00296
-0.00354
-0.00335
-0.00335
-0.00315
-0.00335
-0.00315
-0.00296
-0.00257
-0.00296
-0.00296
-0.00315
-0.00257
-0.00257
-0.00237
-0.00237
-0.00257
-0.00276
-0.00237
-0.00257
-0.00237
-0.00276
-0.00276
-0.00257
-0.00276
-0.00276
-0.00237
-0.00237
-0.00257
-0.00276
-0.00296
-0.00276
-0.00257
-0.00315
-0.00315
-0.00257
-0.00276
-0.00276
-0.00315
-0.00296
-0.00335
-0.00296
-0.00296
-0.00296
-0.00276
-0.00315
-0.00315
-0.00276
-0.00296
-0.00276
-0.00237
-0.00296
-0.00296
-0.00315
-0.00218
-0.00237
-0.00257
-0.00315
-0.00296
-0.00276
-0.00315
-0.00296
-0.00296
-0.00276
-0.00296
-0.00296
-0.00276
-0.00276
-0.00237
-0.00257
-0.00218
-0.00276
-0.00218
-0.00218
-0.00179
-0.00198
-0.00218
-0.00159
-0.00237
-0.00218
-0.00218
-0.00276
-0.00276
-0.00257
-0.00276
-0.00315
-0.00257
-0.00296
-0.00257
-0.00276
-0.00257
-0.00276
-0.00257
-0.00276
-0.00257
-0.00276
-0.00237
-0.00257
-0.00276
-0.00237
-0.00237
-0.00237
-0.00218
-0.00198
-0.00198
-0.00257
-0.00257
-0.00257
-0.00257
-0.00276
-0.00257
-0.00257
-0.00237
-0.00296
-0.00276
-0.00296
-0.00257
-0.00315
-0.00237
-0.00296
-0.00257
-0.00276
-0.00276
-0.00276
-0.00257
-0.00315
-0.00257
-0.00315
-0.00296
-0.00315
-0.00315
-0.00335
-0.00296
-0.00335
-0.00315
-0.00413
-0.00413
-0.00374
-0.00393
-0.00335
-0.00335
-0.00393
-0.00335
-0.00354
-0.00315
-0.00315
-0.00315
-0.00315
-0.00296
-0.00354
-0.00315
-0.00315
-0.00257
-0.00296
-0.00237
-0.00276
-0.00257
-0.00276
-0.00276
-0.00315
-0.00237
-0.00296
-0.00276
-0.00257
-0.00257
-0.00257
-0.00296
-0.00276
-0.00257
-0.00296
-0.00257
-0.00218
-0.00257
-0.00315
-0.00276
-0.00276
-0.00237
-0.00276
-0.00257
-0.00237
-0.00237
-0.00237
-0.00179
-0.00257
-0.00276
-0.00315
-0.00276
-0.00296
-0.00315
-0.00393
-0.00315
-0.00315
-0.00315
-0.00374
-0.00335
-0.00315
-0.00296
-0.00315
-0.00237
-0.00257
-0.00257
-0.00257
-0.00276
-0.00257
-0.00315
-0.00296
-0.00276
-0.00296
-0.00296
-0.00315
-0.00315
-0.00315
-0.00296
-0.00335
-0.00335
-0.00315
-0.00296
-0.00315
-0.00296
-0.00276
-0.00315
-0.00296
-0.00296
-0.00296
-0.00257
-0.00257
-0.00237
-0.00276
-0.00237
-0.00237
-0.00257
-0.00237
-0.00237
-0.00237
-0.00296
-0.00237
-0.00198
-0.00257
-0.00276
-0.00276
-0.00276
