-1.780000512000E-01

-0.00218
-0.00237
-0.00218
-0.00237
-0.00237
-0.00198
-0.00198
-0.00237
-0.00237
-0.00237
-0.00218
-0.00237
-0.00218
-0.00218
-0.00218
-0.00198
-0.00237
-0.00237
-0.00218
-0.00218
-0.00198
-0.00218
-0.00237
-0.00237
-0.00257
-0.00257
-0.00257
-0.00276
-0.00315
-0.00257
-0.00257
-0.00257
-0.00237
-0.00257
-0.00257
-0.00237
-0.00237
-0.00237
-0.00198
-0.00198
-0.00179
-0.00198
-0.00139
-0.00198
-0.00159
-0.00179
-0.00179
-0.00198
-0.00179
-0.00179
-0.00218
-0.00198
-0.00237
-0.00179
-0.00198
-0.00179
-0.00179
-0.00198
-0.00179
-0.00179
-0.00218
-0.00179
-0.00218
-0.00218
-0.00179
-0.00218
-0.00198
-0.00179
-0.00237
-0.00218
-0.00237
-0.00237
-0.00237
-0.00218
-0.00257
-0.00237
-0.00296
-0.00237
-0.00276
-0.00257
-0.00257
-0.00276
-0.00237
-0.00276
-0.00296
-0.00257
-0.00198
-0.00237
-0.00257
-0.00237
-0.00237
-0.00218
-0.00218
-0.00179
-0.00198
-0.00159
-0.00237
-0.00218
-0.00257
-0.00257
-0.00276
-0.00237
-0.00257
-0.00179
-0.00257
-0.00218
-0.00237
-0.00218
-0.00218
-0.00198
-0.00198
-0.00198
-0.00237
-0.00218
-0.00139
-0.0012
-0.00179
-0.00198
-0.00198
-0.00198
-0.00159
-0.00198
-0.00179
-0.00198
-0.00237
-0.00198
-0.00237
-0.00159
-0.00198
-0.00237
-0.00257
-0.00237
-0.00237
-0.00237
-0.00218
-0.00257
-0.00237
-0.00257
-0.00198
-0.00237
-0.00257
-0.00257
-0.00218
-0.00218
-0.00276
-0.00257
-0.00257
-0.00257
-0.00237
-0.00257
-0.00218
-0.00257
-0.00296
-0.00315
-0.00237
-0.00296
-0.00257
-0.00218
-0.00276
-0.00237
-0.00296
-0.00218
-0.00218
-0.00257
-0.00237
-0.00218
-0.00257
-0.00237
-0.00237
-0.00257
-0.00237
-0.00218
-0.00179
-0.00198
-0.00198
-0.00198
-0.00257
-0.00237
-0.00198
-0.00198
-0.00237
-0.00218
-0.00198
-0.00198
-0.00198
-0.00257
-0.00159
-0.00218
-0.00218
-0.00139
-0.00198
-0.00198
-0.00237
-0.00218
-0.00179
-0.00237
-0.00218
-0.00218
-0.00198
-0.00237
-0.00218
-0.00218
-0.00198
-0.00218
-0.00237
-0.00218
-0.00218
-0.00218
-0.00218
-0.00179
-0.00139
-0.00139
-0.001
0.00017
0.00095
0.00251
0.00349
0.00466
0.00583
0.00661
0.00739
0.00935
0.01071
0.01404
0.01657
0.02048
0.024
0.02771
0.0322
0.03571
0.03962
0.04333
0.04587
0.0488
0.05134
0.05368
0.05583
0.05798
0.05954
0.0613
0.06247
0.06404
0.06462
0.06599
0.06696
0.06736
0.06833
0.06931
0.0695
0.0697
0.0697
0.07029
0.07009
0.07048
0.07009
0.07009
0.0697
0.06989
0.06911
0.06892
0.06853
0.06794
0.06775
0.06696
0.06696
0.06638
0.06599
0.06521
0.06443
0.06404
0.06325
0.06247
0.0615
0.06071
0.06032
0.05974
0.05896
0.05837
0.05779
0.05661
0.05583
0.05544
0.05505
0.05446
0.05329
0.05329
0.05212
0.05173
0.05075
0.05017
0.04958
0.0488
0.04782
0.04763
0.04704
0.04665
0.04607
0.04509
0.0445
0.04372
0.04372
0.04294
0.04275
0.04216
0.04118
0.04099
0.04079
0.03962
0.03943
0.03864
0.03806
0.03728
0.03689
0.03708
0.0365
0.03571
0.03513
0.03493
0.03474
0.03415
0.03396
0.03357
0.03279
0.0322
0.03181
0.03181
0.03142
0.03103
0.03064
0.03044
0.02986
0.02946
0.02907
0.02907
0.02868
0.02888
0.0279
0.02771
0.02732
0.02732
0.02654
0.02634
0.02556
0.02556
0.02517
0.02478
0.02458
0.02419
0.024
0.02321
0.02282
0.02302
0.02224
0.02204
0.02204
0.02185
0.02126
0.02087
0.02068
0.02087
0.02087
0.02009
0.0197
0.01989
0.01989
0.0195
0.01872
0.01892
0.01833
0.01814
0.01794
0.01736
0.01775
0.01736
0.01696
0.01677
0.01657
0.01579
0.01579
0.0156
0.01579
0.0156
0.01521
0.01462
0.01462
0.01462
0.01462
0.01423
0.01404
0.01404
0.01404
0.01384
0.01345
0.01325
0.01325
0.01286
0.01267
0.01247
0.01286
0.01228
0.01208
0.01208
0.01208
0.01169
0.01169
0.0113
0.01111
0.01111
0.01091
0.01071
0.01071
0.01071
0.01032
0.01052
0.00993
0.01032
0.00993
0.00974
0.00935
0.00915
0.00935
0.00896
0.00935
0.00954
0.00935
0.00896
0.00857
0.00857
0.00818
0.00857
0.00818
0.00818
0.00779
0.00759
0.00739
0.00798
0.00779
0.00681
0.007
0.00681
0.00661
0.00583
0.00622
0.00622
0.00603
0.00583
0.00622
0.00603
0.00583
0.00583
0.00583
0.00544
0.00544
0.00544
0.00505
0.00564
0.00486
0.00505
0.00525
0.00466
0.00466
0.00407
0.00407
0.00407
0.00407
0.00407
0.00407
0.00368
0.00388
0.00349
0.00349
0.00349
0.00368
0.00349
0.00349
0.0031
0.00349
0.00349
0.00349
0.00388
0.0031
0.0031
0.0029
0.0031
0.0029
0.0031
0.00251
0.00232
0.00232
0.0029
0.0029
0.0029
0.00232
0.0031
0.00271
0.00251
0.00251
0.00193
0.00232
0.00251
0.00271
0.00251
0.00251
0.00271
0.00251
0.00251
0.00212
0.00173
0.00193
0.00232
0.00173
0.00232
0.00232
0.00212
0.00193
0.00154
0.00173
0.00154
0.00134
0.00114
0.00154
0.00154
0.00193
0.00154
0.00173
0.00193
0.00173
0.00154
0.00173
0.00154
0.00154
0.00114
0.00075
0.00075
0.00114
0.00095
0.00095
0.00056
0.00114
0.00056
0.00075
0.00095
0.00075
0.00075
0.00036
0.00075
0.00095
0.00056
0.00036
0.00036
0.00036
0.00017
0.00056
0.00017
0.00036
0.00056
0.00056
0.00017
-3e-05
-3e-05
0.00017
-3e-05
-3e-05
-3e-05
-3e-05
-3e-05
-3e-05
0.00017
-3e-05
-0.00042
0.00036
0.00017
-3e-05
-3e-05
0.00056
0.00056
0.00017
0.00036
0.00036
0.00036
-3e-05
-3e-05
-0.00022
0.00017
0.00017
0.00017
0.00036
-0.00022
-3e-05
-0.00022
-0.00042
-0.00022
-0.00042
-0.00042
-0.00081
-0.00042
-0.00042
-0.00061
-0.001
-0.00042
-0.00081
-0.00081
-0.001
-0.001
-0.00081
-0.00061
-0.00139
-0.0012
-0.00139
-0.00139
-0.00139
-0.00139
-0.0012
-0.00139
-0.00159
-0.00139
-0.0012
-0.0012
-0.00159
-0.00139
-0.00139
-0.0012
-0.00139
-0.001
-0.0012
-0.00159
-0.00061
-0.00081
-0.001
-0.00159
-0.0012
-0.00081
-0.00159
-0.00179
-0.0012
-0.001
-0.00081
-0.00159
-0.00159
-0.0012
-0.00081
-0.0012
-0.00139
-0.00081
-0.0012
-0.0012
-0.001
-0.00159
-0.00159
-0.00198
-0.001
-0.001
-0.0012
-0.0012
-0.00159
-0.00159
-0.0012
-0.001
-0.00139
-0.00139
-0.00159
-0.00139
-0.00159
-0.00179
-0.00179
-0.00198
-0.00159
-0.0012
-0.00198
-0.00179
-0.00237
-0.00159
-0.00198
-0.00218
-0.00179
-0.00139
-0.00179
-0.00159
-0.00179
-0.00139
-0.00179
-0.0012
-0.00139
-0.00159
-0.0012
-0.001
-0.00139
-0.00179
-0.00159
-0.00198
-0.00198
-0.00179
-0.00179
-0.00179
-0.00179
-0.00218
-0.00179
-0.00198
-0.00198
-0.00218
-0.00159
-0.00198
-0.00218
-0.00257
-0.00179
-0.00218
-0.00198
-0.00179
-0.00218
-0.00218
-0.00198
-0.00237
-0.00237
-0.00218
-0.00237
-0.00237
-0.00237
-0.00218
-0.00218
-0.00159
-0.00198
-0.00179
-0.00198
-0.00257
-0.00237
-0.00198
-0.00218
-0.00179
-0.00198
-0.00198
-0.00198
-0.00218
-0.00198
-0.00139
-0.00159
-0.0012
-0.00198
-0.00198
-0.00179
-0.00179
-0.00179
-0.00179
-0.00198
-0.00179
-0.00179
-0.00198
-0.00179
-0.00179
-0.00179
-0.00159
-0.00257
-0.00198
-0.00218
-0.00198
-0.00159
-0.00179
-0.00218
-0.00159
-0.00179
-0.00237
-0.00179
-0.00218
-0.00159
-0.00159
-0.00198
-0.00198
-0.00257
-0.00198
-0.00198
-0.00179
-0.00198
-0.00198
-0.00198
-0.00179
-0.00159
-0.00179
-0.00198
-0.00257
-0.00276
-0.00237
-0.00198
-0.00218
-0.00218
-0.00218
-0.00198
-0.00218
-0.00237
-0.00237
-0.00237
-0.00198
-0.00198
-0.00198
-0.00218
-0.00198
-0.00237
-0.00198
-0.00218
-0.00218
-0.00218
-0.00198
-0.00237
-0.00218
-0.00218
-0.00198
-0.00159
-0.00179
-0.00198
-0.00218
-0.00159
-0.00198
-0.00179
-0.00179
-0.00198
-0.00198
-0.00198
-0.00198
-0.00159
-0.00179
-0.00139
-0.00218
-0.00198
-0.00179
-0.00198
-0.00179
-0.00218
-0.00218
-0.00237
-0.00198
-0.00218
-0.00218
-0.00218
-0.00237
-0.00237
-0.00218
-0.00198
-0.00237
-0.00218
-0.00198
-0.00218
-0.00237
-0.00237
-0.00257
-0.00218
-0.00218
-0.00218
-0.00218
-0.00276
-0.00257
-0.00296
-0.00296
-0.00276
-0.00296
-0.00315
-0.00257
-0.00257
-0.00237
-0.00257
-0.00257
-0.00237
-0.00257
-0.00276
-0.00276
-0.00296
-0.00257
-0.00276
-0.00276
-0.00276
-0.00276
-0.00296
-0.00257
-0.00276
-0.00237
-0.00257
-0.00257
-0.00257
-0.00276
-0.00198
-0.00237
-0.00218
-0.00198
-0.00218
-0.00218
-0.00159
-0.00179
-0.00159
-0.00179
-0.00179
-0.00179
-0.00179
-0.00198
-0.00159
-0.00179
-0.00179
-0.00159
-0.00198
-0.00159
-0.00179
-0.00179
-0.00179
-0.00218
-0.00179
-0.00179
-0.00198
-0.00218
-0.00237
-0.00198
-0.00218
-0.00237
-0.00257
-0.00198
-0.00237
-0.00218
-0.00276
-0.00237
-0.00257
-0.00296
-0.00237
-0.00257
-0.00237
-0.00257
-0.00257
-0.00237
-0.00257
-0.00218
-0.00237
-0.00257
-0.00276
-0.00257
-0.00276
-0.00296
-0.00296
-0.00296
-0.00276
-0.00296
-0.00296
-0.00257
-0.00276
-0.00257
-0.00257
-0.00257
-0.00218
-0.00218
-0.00237
-0.00218
-0.00218
-0.00218
-0.00296
-0.00257
-0.00237
-0.00198
-0.00198
-0.00218
-0.00237
-0.00257
-0.00198
-0.00198
-0.00237
-0.00179
-0.00218
-0.00237
-0.00179
-0.00218
-0.00276
-0.00257
-0.00218
-0.00237
-0.00237
-0.00237
-0.00257
-0.00276
-0.00257
-0.00257
-0.00237
-0.00296
-0.00296
-0.00315
-0.00296
-0.00296
-0.00276
-0.00257
-0.00237
-0.00257
-0.00276
-0.00237
-0.00296
-0.00237
-0.00296
-0.00296
-0.00257
-0.00237
-0.00257
-0.00218
-0.00237
-0.00218
-0.00198
-0.00237
-0.00257
-0.00237
-0.00198
-0.00218
-0.00198
-0.00257
-0.00237
-0.00237
-0.00218
-0.00218
-0.00218
-0.00276
-0.00276
-0.00237
-0.00218
-0.00237
-0.00276
-0.00276
-0.00257
-0.00276
-0.00257
-0.00276
-0.00276
-0.00276
-0.00296
-0.00315
-0.00315
-0.00315
-0.00354
-0.00296
-0.00276
-0.00257
-0.00276
-0.00237
-0.00257
-0.00276
-0.00276
-0.00257
-0.00257
-0.00237
-0.00237
-0.00237
-0.00218
-0.00257
-0.00218
-0.00237
-0.00198
-0.00218
-0.00218
-0.00198
-0.00218
-0.00218
-0.00218
-0.00218
-0.00237
-0.00218
-0.00237
-0.00237
-0.00218
-0.00179
-0.00198
-0.00218
-0.00218
-0.00218
-0.00237
-0.00218
-0.00218
-0.00179
-0.00237
-0.00257
-0.00257
-0.00198
-0.00237
-0.00276
-0.00296
-0.00257
-0.00257
-0.00257
-0.00257
-0.00276
-0.00296
-0.00276
-0.00276
-0.00335
-0.00296
-0.00296
-0.00296
-0.00335
-0.00315
-0.00257
-0.00296
-0.00315
-0.00315
-0.00296
-0.00315
-0.00315
-0.00315
-0.00315
-0.00315
-0.00335
-0.00315
-0.00276
-0.00276
-0.00257
-0.00257
-0.00218
-0.00257
-0.00257
-0.00296
-0.00237
-0.00237
-0.00237
-0.00257
-0.00237
-0.00257
-0.00198
-0.00237
-0.00218
-0.00237
-0.00237
-0.00257
-0.00237
-0.00218
-0.00237
-0.00237
-0.00257
-0.00257
-0.00276
-0.00237
-0.00257
-0.00257
-0.00276
-0.00276
-0.00237
-0.00276
-0.00257
-0.00296
-0.00237
-0.00296
-0.00237
-0.00257
-0.00276
-0.00276
-0.00276
-0.00276
-0.00296
-0.00296
-0.00315
-0.00296
-0.00218
-0.00257
-0.00237
-0.00237
-0.00237
-0.00257
-0.00276
-0.00257
-0.00296
-0.00276
-0.00257
-0.00296
-0.00315
-0.00276
-0.00296
-0.00257
-0.00296
-0.00296
-0.00296
-0.00276
-0.00276
-0.00315
-0.00296
-0.00354
-0.00335
-0.00335
-0.00354
-0.00335
-0.00335
-0.00354
-0.00335
-0.00296
-0.00296
-0.00335
-0.00354
-0.00335
-0.00335
-0.00354
-0.00335
-0.00354
-0.00296
-0.00315
-0.00315
-0.00296
-0.00257
-0.00276
-0.00296
-0.00296
-0.00276
-0.00296
-0.00276
-0.00257
-0.00257
-0.00218
-0.00218
