-1.784000499200E+00

-0.00218
-0.00237
-0.00237
-0.00237
-0.00276
-0.00257
-0.00257
-0.00257
-0.00237
-0.00237
-0.00237
-0.00257
-0.00237
-0.00257
-0.00198
-0.00237
-0.00257
-0.00276
-0.00257
-0.00276
-0.00237
-0.00237
-0.00237
-0.00257
-0.00257
-0.00296
-0.00296
-0.00296
-0.00335
-0.00296
-0.00315
-0.00296
-0.00296
-0.00257
-0.00257
-0.00315
-0.00315
-0.00296
-0.00335
-0.00315
-0.00276
-0.00237
-0.00257
-0.00218
-0.00257
-0.00237
-0.00237
-0.00218
-0.00237
-0.00218
-0.00198
-0.00296
-0.00276
-0.00237
-0.00237
-0.00179
-0.00218
-0.00218
-0.00237
-0.00237
-0.00237
-0.00198
-0.00218
-0.00159
-0.00218
-0.00198
-0.00237
-0.00218
-0.00276
-0.00237
-0.00257
-0.00218
-0.00257
-0.00218
-0.00198
-0.00237
-0.00257
-0.00257
-0.00276
-0.00257
-0.00296
-0.00257
-0.00296
-0.00257
-0.00276
-0.00257
-0.00276
-0.00296
-0.00257
-0.00237
-0.00276
-0.00257
-0.00296
-0.00257
-0.00276
-0.00237
-0.00276
-0.00296
-0.00296
-0.00218
-0.00237
-0.00257
-0.00296
-0.00296
-0.00237
-0.00237
-0.00257
-0.00257
-0.00237
-0.00257
-0.00237
-0.00198
-0.00237
-0.00257
-0.00257
-0.00218
-0.00198
-0.00237
-0.00296
-0.00237
-0.00257
-0.00237
-0.00179
-0.00218
-0.00257
-0.00198
-0.00276
-0.00257
-0.00257
-0.00257
-0.00257
-0.00296
-0.00276
-0.00296
-0.00237
-0.00237
-0.00257
-0.00257
-0.00296
-0.00257
-0.00276
-0.00315
-0.00276
-0.00237
-0.00237
-0.00237
-0.00276
-0.00218
-0.00237
-0.00237
-0.00257
-0.00218
-0.00218
-0.00237
-0.00237
-0.00257
-0.00218
-0.00237
-0.00276
-0.00257
-0.00257
-0.00257
-0.00296
-0.00257
-0.00237
-0.00218
-0.00257
-0.00218
-0.00179
-0.00237
-0.00237
-0.00218
-0.00237
-0.00237
-0.00237
-0.00198
-0.00218
-0.00237
-0.00315
-0.00276
-0.00276
-0.00276
-0.00296
-0.00257
-0.00257
-0.00296
-0.00335
-0.00296
-0.00237
-0.00237
-0.00296
-0.00257
-0.00276
-0.00257
-0.00276
-0.00276
-0.00276
-0.00276
-0.00296
-0.00257
-0.00276
-0.00257
-0.00257
-0.00218
-0.00257
-0.00257
-0.00276
-0.00218
-0.00218
-0.00159
-0.00159
-0.00042
0.00154
0.00388
0.00661
0.01013
0.01462
0.01892
0.02341
0.02868
0.03357
0.03864
0.04353
0.04841
0.05251
0.05661
0.06032
0.06404
0.06696
0.07068
0.07439
0.07751
0.08025
0.08357
0.0863
0.08884
0.09157
0.09353
0.09529
0.09665
0.09861
0.099
0.10017
0.10154
0.10212
0.10329
0.10407
0.10447
0.10486
0.10427
0.10466
0.10427
0.10407
0.10388
0.10329
0.10271
0.10193
0.10154
0.10056
0.10056
0.09939
0.09919
0.09821
0.09704
0.09646
0.09529
0.0947
0.09372
0.09236
0.09216
0.09099
0.08962
0.08923
0.08806
0.08728
0.0863
0.08513
0.08415
0.08337
0.08181
0.08122
0.08044
0.07927
0.07868
0.07751
0.07654
0.07556
0.07419
0.07321
0.07224
0.07165
0.07087
0.07009
0.06872
0.06716
0.06657
0.06638
0.0654
0.06482
0.06404
0.06325
0.06267
0.06208
0.0615
0.06052
0.05993
0.05876
0.05798
0.0572
0.05681
0.05583
0.05486
0.05407
0.05368
0.05271
0.05193
0.05173
0.05134
0.05075
0.04997
0.04978
0.0488
0.04821
0.04763
0.04665
0.04626
0.04529
0.04529
0.0445
0.04372
0.04294
0.04236
0.04216
0.04157
0.0406
0.0404
0.03982
0.03864
0.03825
0.03845
0.03747
0.03728
0.03689
0.0365
0.03611
0.03591
0.03532
0.03513
0.03435
0.03396
0.03357
0.03337
0.03239
0.0322
0.03122
0.03122
0.03064
0.03064
0.03044
0.03025
0.02986
0.02986
0.02907
0.02868
0.02829
0.0281
0.02751
0.02751
0.02712
0.02732
0.02693
0.02673
0.02614
0.02536
0.02517
0.02478
0.02458
0.02419
0.0238
0.02361
0.02361
0.02321
0.02243
0.02243
0.02224
0.02165
0.02126
0.02146
0.02087
0.02048
0.02029
0.02048
0.02048
0.0195
0.01931
0.01911
0.01872
0.01892
0.01853
0.01833
0.01775
0.01775
0.01755
0.01736
0.01677
0.01696
0.01638
0.01618
0.0156
0.01579
0.0154
0.01501
0.01482
0.01423
0.01364
0.01423
0.01384
0.01384
0.01364
0.01364
0.01364
0.01345
0.01384
0.01306
0.01325
0.01267
0.01208
0.0113
0.01189
0.01189
0.01169
0.0115
0.0115
0.0113
0.01111
0.01071
0.01071
0.01071
0.01052
0.01052
0.01013
0.01032
0.01032
0.00974
0.00974
0.00993
0.00935
0.00935
0.00896
0.00915
0.00857
0.00876
0.00876
0.00896
0.00837
0.00857
0.00818
0.00818
0.00798
0.00818
0.00759
0.00779
0.00739
0.00798
0.0072
0.007
0.00681
0.007
0.00681
0.007
0.00622
0.00661
0.00661
0.00622
0.00603
0.00603
0.00603
0.00564
0.00544
0.00544
0.00525
0.00564
0.00544
0.00525
0.00544
0.00466
0.00486
0.00505
0.00466
0.00446
0.00349
0.00427
0.00407
0.00427
0.00427
0.00407
0.00388
0.00349
0.00329
0.00329
0.00349
0.00368
0.00329
0.00368
0.00329
0.00329
0.00329
0.00368
0.0031
0.0029
0.00251
0.0031
0.00271
0.00271
0.0031
0.0029
0.0029
0.00271
0.0029
0.00329
0.0031
0.0029
0.00329
0.0029
0.00349
0.0031
0.00271
0.00329
0.00271
0.0029
0.00232
0.00251
0.00251
0.0031
0.00271
0.00212
0.00251
0.00232
0.00212
0.00193
0.00154
0.00193
0.00154
0.00212
0.00114
0.00134
0.00173
0.00134
0.00154
0.00173
0.00134
0.00134
0.00114
0.00095
0.00075
0.00056
0.00095
0.00095
0.00075
0.00075
0.00036
0.00056
0.00056
0.00056
0.00036
-3e-05
0.00075
0.00056
0.00075
0.00017
-3e-05
0.00036
0.00017
0.00075
0.00017
0.00056
0.00017
-0.00022
-0.00022
0.00017
0.00036
0.00017
-3e-05
-3e-05
0.00036
0.00056
0.00017
-3e-05
0.00017
0.00036
0.00017
-3e-05
-0.00022
-0.00022
0.00056
0.00036
-3e-05
0.00017
-3e-05
-3e-05
-0.00022
-0.00022
-3e-05
-3e-05
-0.00042
-3e-05
-0.00061
-0.00022
-0.00022
-0.00022
-0.00042
-0.00061
-0.00061
-0.00081
-0.00081
-0.001
-0.00061
-0.001
-0.001
-0.00042
-0.00081
-0.00081
-0.00061
-0.00022
-0.00042
-0.00042
-0.00061
-0.00081
-0.00022
-0.00061
-0.00042
-0.00061
-0.00042
-0.00081
-0.001
-0.001
-0.0012
-0.001
-0.00081
-0.00081
-0.00081
-0.00159
-0.00179
-0.00179
-0.00159
-0.00159
-0.00159
-0.00179
-0.00139
-0.00139
-0.00159
-0.00237
-0.00218
-0.00198
-0.00198
-0.00179
-0.00198
-0.00198
-0.00198
-0.00159
-0.00198
-0.00237
-0.00218
-0.00218
-0.00179
-0.00237
-0.00237
-0.00179
-0.00179
-0.00179
-0.00198
-0.00198
-0.00179
-0.00198
-0.00159
-0.00139
-0.00139
-0.00139
-0.00139
-0.00139
-0.00159
-0.0012
-0.00198
-0.00139
-0.00198
-0.00139
-0.00139
-0.00179
-0.00179
-0.00159
-0.00179
-0.00139
-0.00179
-0.00179
-0.00198
-0.00179
-0.00179
-0.00139
-0.00198
-0.00159
-0.00159
-0.00139
-0.001
-0.00139
-0.00159
-0.00179
-0.00159
-0.00139
-0.00139
-0.00159
-0.00198
-0.00159
-0.00159
-0.00237
-0.00198
-0.00257
-0.00179
-0.00237
-0.00237
-0.00198
-0.00198
-0.00198
-0.00198
-0.00198
-0.00179
-0.00218
-0.00218
-0.00218
-0.00218
-0.00179
-0.00159
-0.00218
-0.00198
-0.00198
-0.00198
-0.00218
-0.00179
-0.00139
-0.00179
-0.00159
-0.00198
-0.00159
-0.00179
-0.00218
-0.00179
-0.00159
-0.00198
-0.00139
-0.00179
-0.00218
-0.00159
-0.00179
-0.00198
-0.00237
-0.00237
-0.00218
-0.00198
-0.00237
-0.00198
-0.00237
-0.00237
-0.00218
-0.00237
-0.00198
-0.00198
-0.00237
-0.00237
-0.00257
-0.00218
-0.00257
-0.00237
-0.00218
-0.00218
-0.00218
-0.00237
-0.00218
-0.00218
-0.00218
-0.00198
-0.00179
-0.00179
-0.00198
-0.00179
-0.00198
-0.00198
-0.00218
-0.00276
-0.00257
-0.00218
-0.00276
-0.00237
-0.00237
-0.00237
-0.00237
-0.00257
-0.00218
-0.00257
-0.00237
-0.00257
-0.00257
-0.00237
-0.00257
-0.00257
-0.00237
-0.00198
-0.00257
-0.00276
-0.00257
-0.00257
-0.00237
-0.00276
-0.00276
-0.00296
-0.00276
-0.00276
-0.00218
-0.00257
-0.00276
-0.00276
-0.00237
-0.00276
-0.00237
-0.00276
-0.00276
-0.00257
-0.00257
-0.00257
-0.00218
-0.00296
-0.00237
-0.00276
-0.00257
-0.00218
-0.00237
-0.00237
-0.00179
-0.00218
-0.00237
-0.00257
-0.00257
-0.00257
-0.00237
-0.00237
-0.00257
-0.00237
-0.00198
-0.00237
-0.00237
-0.00257
-0.00218
-0.00237
-0.00276
-0.00237
-0.00257
-0.00257
-0.00237
-0.00237
-0.00237
-0.00257
-0.00257
-0.00296
-0.00276
-0.00296
-0.00296
-0.00315
-0.00296
-0.00257
-0.00276
-0.00257
-0.00257
-0.00296
-0.00257
-0.00257
-0.00218
-0.00237
-0.00257
-0.00237
-0.00198
-0.00218
-0.00218
-0.00257
-0.00276
-0.00257
-0.00218
-0.00237
-0.00237
-0.00257
-0.00257
-0.00276
-0.00296
-0.00296
-0.00257
-0.00237
-0.00296
-0.00237
-0.00237
-0.00237
-0.00257
-0.00276
-0.00296
-0.00257
-0.00276
-0.00276
-0.00296
-0.00296
-0.00276
-0.00296
-0.00276
-0.00296
-0.00237
-0.00257
-0.00276
-0.00257
-0.00276
-0.00276
-0.00218
-0.00237
-0.00257
-0.00276
-0.00276
-0.00276
-0.00218
-0.00257
-0.00257
-0.00198
-0.00237
-0.00218
-0.00218
-0.00257
-0.00257
-0.00257
-0.00218
-0.00218
-0.00237
-0.00237
-0.00237
-0.00237
-0.00218
-0.00237
-0.00237
-0.00237
-0.00257
-0.00237
-0.00257
-0.00296
-0.00296
-0.00296
-0.00276
-0.00257
-0.00276
-0.00276
-0.00257
-0.00237
-0.00296
-0.00315
-0.00315
-0.00335
-0.00315
-0.00335
-0.00354
-0.00335
-0.00315
-0.00335
-0.00335
-0.00335
-0.00315
-0.00354
-0.00335
-0.00276
-0.00315
-0.00315
-0.00335
-0.00315
-0.00276
-0.00315
-0.00257
-0.00315
-0.00315
-0.00354
-0.00335
-0.00335
-0.00276
-0.00315
-0.00276
-0.00296
-0.00257
-0.00257
-0.00276
-0.00276
-0.00315
-0.00296
-0.00237
-0.00257
-0.00237
-0.00237
-0.00218
-0.00179
-0.00237
-0.00237
-0.00218
-0.00237
-0.00237
-0.00237
-0.00218
-0.00237
-0.00237
-0.00257
-0.00257
-0.00276
-0.00237
-0.00315
-0.00296
-0.00276
-0.00296
-0.00276
-0.00276
-0.00257
-0.00276
-0.00257
-0.00296
-0.00296
-0.00315
-0.00257
-0.00237
-0.00218
-0.00276
-0.00315
-0.00315
-0.00335
-0.00257
-0.00296
-0.00315
-0.00296
-0.00296
-0.00296
-0.00315
-0.00296
-0.00315
-0.00335
-0.00315
-0.00335
-0.00315
-0.00276
-0.00276
-0.00335
-0.00276
-0.00315
-0.00296
-0.00315
-0.00276
-0.00276
-0.00296
-0.00257
-0.00296
-0.00276
-0.00276
-0.00315
-0.00276
-0.00276
-0.00257
-0.00315
-0.00276
-0.00315
-0.00296
-0.00296
-0.00296
-0.00276
-0.00276
-0.00296
-0.00237
-0.00315
-0.00257
-0.00276
-0.00276
-0.00296
-0.00257
-0.00276
-0.00315
-0.00315
-0.00335
-0.00315
-0.00276
-0.00296
-0.00296
-0.00237
-0.00315
-0.00296
-0.00315
-0.00315
-0.00335
-0.00315
-0.00276
-0.00315
-0.00315
-0.00296
-0.00276
-0.00276
-0.00276
-0.00237
-0.00257
-0.00218
-0.00237
-0.00237
-0.00257
-0.00315
-0.00276
-0.00296
-0.00315
-0.00257
-0.00276
-0.00296
-0.00257
-0.00315
-0.00237
-0.00276
-0.00315
-0.00237
-0.00237
-0.00335
-0.00257
-0.00276
-0.00296
-0.00335
-0.00335
-0.00335
-0.00315
-0.00296
-0.00335
-0.00335
-0.00276
-0.00315
-0.00315
-0.00257
-0.00296
-0.00354
-0.00296
-0.00315
-0.00296
-0.00354
-0.00296
-0.00276
-0.00257
-0.00237
-0.00257
-0.00237
-0.00237
-0.00257
-0.00257
-0.00276
-0.00257
-0.00237
-0.00276
-0.00218
-0.00257
-0.00257
-0.00257
-0.00237
-0.00218
-0.00237
-0.00257
-0.00218
-0.00276
-0.00315
-0.00257
-0.00315
-0.00257
-0.00296
-0.00257
-0.00296
-0.00335
-0.00335
-0.00354
-0.00354
-0.00315
-0.00335
-0.00335
-0.00354
-0.00335
-0.00354
-0.00315
-0.00315
-0.00296
-0.00296
-0.00315
-0.00315
-0.00296
-0.00335
-0.00296
-0.00354
-0.00315
-0.00335
-0.00315
-0.00276
-0.00296
-0.00276
-0.00257
-0.00237
-0.00296
-0.00315
-0.00276
