-1.688000473600E+00

-0.00179
-0.00139
-0.00159
-0.00218
-0.00179
-0.00218
-0.00159
-0.00218
-0.00198
-0.00179
-0.00139
-0.00237
-0.00179
-0.00198
-0.00218
-0.00218
-0.00218
-0.00198
-0.00179
-0.00218
-0.00237
-0.00198
-0.00179
-0.00198
-0.00198
-0.00218
-0.00237
-0.00218
-0.00198
-0.00218
-0.00296
-0.00276
-0.00237
-0.00257
-0.00257
-0.00276
-0.00218
-0.00257
-0.00237
-0.00237
-0.00237
-0.00237
-0.00218
-0.00237
-0.00218
-0.00257
-0.00257
-0.00237
-0.00218
-0.00179
-0.0012
-0.00139
-0.00139
-0.00179
-0.00237
-0.00139
-0.00179
-0.00179
-0.00159
-0.00159
-0.00198
-0.00218
-0.00179
-0.00198
-0.00218
-0.00179
-0.00257
-0.00257
-0.00198
-0.00198
-0.00198
-0.00218
-0.00218
-0.00237
-0.00218
-0.00237
-0.00237
-0.00257
-0.00218
-0.00237
-0.00257
-0.00276
-0.00276
-0.00296
-0.00257
-0.00257
-0.00276
-0.00296
-0.00276
-0.00296
-0.00296
-0.00276
-0.00237
-0.00276
-0.00257
-0.00276
-0.00296
-0.00257
-0.00237
-0.00276
-0.00257
-0.00218
-0.00218
-0.00198
-0.00198
-0.00218
-0.00198
-0.00237
-0.00218
-0.00218
-0.00198
-0.00237
-0.00237
-0.00257
-0.00237
-0.00237
-0.00218
-0.00237
-0.00218
-0.00159
-0.00139
-0.00139
-0.00237
-0.00218
-0.00198
-0.00218
-0.00179
-0.00179
-0.00179
-0.00159
-0.00179
-0.00198
-0.00218
-0.00179
-0.00218
-0.00218
-0.00198
-0.00276
-0.00237
-0.00276
-0.00257
-0.00198
-0.00237
-0.00237
-0.00257
-0.00198
-0.00257
-0.00237
-0.00296
-0.00218
-0.00237
-0.00257
-0.00218
-0.00179
-0.00198
-0.00237
-0.00237
-0.00237
-0.00237
-0.00237
-0.00237
-0.00198
-0.00237
-0.00276
-0.00257
-0.00296
-0.00257
-0.00296
-0.00276
-0.00237
-0.00218
-0.00257
-0.00218
-0.00257
-0.00257
-0.00257
-0.00296
-0.00237
-0.00276
-0.00218
-0.00276
-0.00257
-0.00237
-0.00276
-0.00276
-0.00237
-0.00296
-0.00257
-0.00218
-0.00218
-0.00179
-0.001
0.00017
0.00212
0.0029
0.00427
0.00466
0.00603
0.007
0.00857
0.00935
0.01013
0.01111
0.01169
0.01267
0.01364
0.01364
0.01462
0.01579
0.01794
0.0197
0.02204
0.02419
0.02712
0.02966
0.032
0.03376
0.03611
0.03825
0.0404
0.04177
0.04275
0.04489
0.04607
0.04763
0.04841
0.05056
0.05271
0.05427
0.05622
0.05779
0.05954
0.0613
0.06267
0.06404
0.06501
0.06599
0.06638
0.06716
0.06736
0.06853
0.06892
0.06892
0.06931
0.06931
0.0695
0.06931
0.06911
0.06892
0.06833
0.06853
0.06814
0.06833
0.06775
0.06716
0.06696
0.06657
0.06579
0.0656
0.06501
0.06443
0.06404
0.06325
0.06247
0.0615
0.0613
0.06032
0.05974
0.05915
0.05857
0.05798
0.0572
0.05661
0.05583
0.05564
0.05407
0.05407
0.05349
0.05329
0.05251
0.05193
0.05075
0.05056
0.04939
0.04939
0.04861
0.04802
0.04724
0.04646
0.04587
0.04509
0.0445
0.04333
0.04392
0.04314
0.04216
0.04138
0.04118
0.0404
0.04001
0.03943
0.03904
0.03825
0.03786
0.03806
0.03747
0.0365
0.0363
0.03611
0.03571
0.03552
0.03454
0.03415
0.03357
0.03357
0.03337
0.03279
0.03298
0.03142
0.03083
0.03083
0.03025
0.03025
0.02966
0.02907
0.02849
0.0281
0.02751
0.02751
0.02712
0.02673
0.02654
0.02654
0.02614
0.02575
0.02556
0.02517
0.02497
0.02419
0.02361
0.02361
0.02282
0.02263
0.02282
0.02204
0.02204
0.02204
0.02165
0.02185
0.02185
0.02107
0.02068
0.02029
0.02009
0.02009
0.0197
0.01989
0.02009
0.0197
0.01911
0.01872
0.01872
0.01833
0.01833
0.01775
0.01696
0.01696
0.01677
0.01638
0.01657
0.01579
0.01579
0.01579
0.01579
0.0154
0.01521
0.01501
0.01462
0.01482
0.01443
0.01423
0.01384
0.01345
0.01364
0.01384
0.01345
0.01306
0.01267
0.01286
0.01247
0.01208
0.01247
0.01189
0.01208
0.01189
0.01169
0.0115
0.01071
0.01111
0.01091
0.01071
0.01071
0.01032
0.01013
0.01032
0.01032
0.00993
0.00993
0.00974
0.00974
0.00993
0.00935
0.00974
0.00915
0.00915
0.00876
0.00857
0.00896
0.00857
0.00857
0.00818
0.00837
0.00759
0.00779
0.00759
0.00779
0.00759
0.007
0.00779
0.00759
0.0072
0.00739
0.007
0.007
0.0072
0.00661
0.00661
0.00681
0.007
0.00661
0.00681
0.00661
0.00583
0.00583
0.00603
0.00622
0.00583
0.00622
0.00622
0.00622
0.00583
0.00603
0.00583
0.00622
0.00544
0.00525
0.00525
0.00525
0.00525
0.00466
0.00505
0.00446
0.00505
0.00505
0.00505
0.00446
0.00446
0.00427
0.00427
0.00427
0.00388
0.00388
0.00427
0.00388
0.00368
0.00407
0.00349
0.00329
0.0029
0.00271
0.0031
0.00329
0.0031
0.0029
0.00232
0.00271
0.00251
0.00232
0.00232
0.00232
0.00212
0.00173
0.00232
0.00232
0.00232
0.00232
0.00193
0.00193
0.00212
0.00193
0.00232
0.00212
0.00232
0.00271
0.00232
0.00212
0.00232
0.00232
0.00212
0.00193
0.00173
0.00193
0.00212
0.00173
0.00193
0.00134
0.00134
0.00134
0.00095
0.00154
0.00154
0.00154
0.00134
0.00173
0.00154
0.00095
0.00154
0.00134
0.00095
0.00114
0.00075
-3e-05
0.00056
0.00056
0.00095
0.00017
0.00036
0.00075
0.00056
-3e-05
0.00056
0.00017
0.00017
-0.00042
-3e-05
0.00017
-3e-05
-0.00022
-3e-05
-3e-05
-3e-05
-3e-05
0.00017
0.00017
-3e-05
0.00036
0.00017
-0.00022
-3e-05
-3e-05
0.00017
-0.00042
-0.00022
-0.00022
-0.00081
-0.00061
-0.00022
-0.00081
-0.00042
-0.00022
-0.00061
-0.00081
-3e-05
-0.00061
-0.00081
-0.00081
-0.00081
-0.00022
-3e-05
-0.00042
-3e-05
-3e-05
-0.00022
0.00056
-0.00022
-0.00022
-0.00061
-0.00042
-0.00022
-0.00022
-0.00042
-0.00061
-0.00081
-0.00061
-0.00042
-0.00061
-0.0012
-0.001
-0.00022
-0.001
-0.0012
-0.0012
-0.0012
-0.00139
-0.0012
-0.00159
-0.001
-0.0012
-0.0012
-0.00139
-0.00081
-0.00159
-0.0012
-0.001
-0.001
-0.001
-0.0012
-0.00139
-0.001
-0.001
-0.00081
-0.00061
-0.00042
-0.00061
-0.001
-0.00081
-0.00081
-0.00061
-0.00081
-0.00042
-0.00061
-0.0012
-0.001
-0.00042
-0.00061
-0.001
-0.00061
-0.0012
-0.00061
-0.0012
-0.0012
-0.001
-0.00081
-0.00139
-0.00198
-0.00139
-0.00139
-0.0012
-0.00159
-0.00159
-0.00218
-0.00179
-0.00198
-0.00198
-0.00179
-0.00179
-0.00179
-0.00198
-0.00198
-0.00179
-0.00179
-0.00139
-0.00179
-0.00179
-0.00159
-0.00139
-0.00179
-0.00198
-0.00179
-0.00179
-0.00159
-0.0012
-0.001
-0.001
-0.00139
-0.0012
-0.00081
-0.0012
-0.00081
-0.001
-0.0012
-0.0012
-0.001
-0.0012
-0.00061
-0.00081
-0.00081
-0.001
-0.00061
-0.00081
-0.001
-0.001
-0.00139
-0.00139
-0.001
-0.00179
-0.00159
-0.00139
-0.00159
-0.00159
-0.00159
-0.00159
-0.00198
-0.00198
-0.00198
-0.00257
-0.00237
-0.00237
-0.00179
-0.00257
-0.00237
-0.00237
-0.00276
-0.00276
-0.00257
-0.00237
-0.00237
-0.00257
-0.00237
-0.00218
-0.00218
-0.00237
-0.00179
-0.00218
-0.00257
-0.00198
-0.00237
-0.00237
-0.00198
-0.00198
-0.00218
-0.00218
-0.00179
-0.00257
-0.00198
-0.00198
-0.00198
-0.00179
-0.00159
-0.0012
-0.00159
-0.00139
-0.00159
-0.00198
-0.00159
-0.00139
-0.00198
-0.00179
-0.00159
-0.00159
-0.00179
-0.00179
-0.00198
-0.00198
-0.00218
-0.00218
-0.00218
-0.00198
-0.00218
-0.00218
-0.00159
-0.00198
-0.00198
-0.00237
-0.00218
-0.00276
-0.00257
-0.00276
-0.00257
-0.00276
-0.00237
-0.00296
-0.00276
-0.00257
-0.00276
-0.00237
-0.00257
-0.00218
-0.00179
-0.00198
-0.00198
-0.00139
-0.00218
-0.00159
-0.00198
-0.00179
-0.00218
-0.00276
-0.00198
-0.00218
-0.00237
-0.00257
-0.00218
-0.00237
-0.00179
-0.00257
-0.00218
-0.00257
-0.00237
-0.00218
-0.00218
-0.00257
-0.00237
-0.00257
-0.00218
-0.00237
-0.00237
-0.00237
-0.00257
-0.00179
-0.00276
-0.00257
-0.00218
-0.00218
-0.00257
-0.00296
-0.00257
-0.00218
-0.00257
-0.00257
-0.00237
-0.00257
-0.00237
-0.00257
-0.00276
-0.00276
-0.00257
-0.00237
-0.00218
-0.00159
-0.00159
-0.00198
-0.00218
-0.00218
-0.00237
-0.00198
-0.00179
-0.00159
-0.00179
-0.00198
-0.00198
-0.00159
-0.00179
-0.00218
-0.00179
-0.00179
-0.00198
-0.00218
-0.00237
-0.00179
-0.00139
-0.00179
-0.00198
-0.00198
-0.00218
-0.00237
-0.00237
-0.00218
-0.00237
-0.00218
-0.00218
-0.00257
-0.00257
-0.00296
-0.00276
-0.00257
-0.00296
-0.00315
-0.00315
-0.00296
-0.00315
-0.00335
-0.00335
-0.00335
-0.00296
-0.00315
-0.00315
-0.00315
-0.00296
-0.00257
-0.00257
-0.00276
-0.00315
-0.00257
-0.00276
-0.00257
-0.00257
-0.00257
-0.00257
-0.00257
-0.00296
-0.00257
-0.00198
-0.00198
-0.00198
-0.00198
-0.00179
-0.00198
-0.00159
-0.00218
-0.00179
-0.00179
-0.00237
-0.00198
-0.00198
-0.00179
-0.00198
-0.00198
-0.00237
-0.00218
-0.00179
-0.00179
-0.00198
-0.00198
-0.00159
-0.00179
-0.00198
-0.00198
-0.00237
-0.00237
-0.00257
-0.00257
-0.00276
-0.00276
-0.00237
-0.00296
-0.00276
-0.00276
-0.00257
-0.00237
-0.00257
-0.00276
-0.00296
-0.00257
-0.00257
-0.00218
-0.00296
-0.00237
-0.00237
-0.00218
-0.00237
-0.00198
-0.00198
-0.00179
-0.00218
-0.00218
-0.00237
-0.00218
-0.00179
-0.00198
-0.00198
-0.00198
-0.00198
-0.00159
-0.00237
-0.00179
-0.00218
-0.00179
-0.00198
-0.00218
-0.00198
-0.00198
-0.00257
-0.00218
-0.00218
-0.00218
-0.00218
-0.00257
-0.00198
-0.00237
-0.00257
-0.00257
-0.00237
-0.00237
-0.00257
-0.00237
-0.00276
-0.00257
-0.00237
-0.00218
-0.00276
-0.00257
-0.00257
-0.00296
-0.00296
-0.00354
-0.00296
-0.00296
-0.00257
-0.00257
-0.00315
-0.00296
-0.00276
-0.00237
-0.00257
-0.00218
-0.00218
-0.00198
-0.00218
-0.00218
-0.00198
-0.00159
-0.00139
-0.00139
-0.00139
-0.0012
-0.00159
-0.00139
-0.00159
-0.00139
-0.00179
-0.00159
-0.00179
-0.00139
-0.00139
-0.00139
-0.00198
-0.00218
-0.00218
-0.00218
-0.00179
-0.00179
-0.00198
-0.00198
-0.00159
-0.00198
-0.00276
-0.00237
-0.00237
-0.00218
-0.00218
-0.00198
-0.00257
-0.00257
-0.00218
-0.00296
-0.00257
-0.00257
-0.00237
-0.00237
-0.00218
-0.00296
-0.00276
-0.00257
-0.00257
-0.00237
-0.00198
-0.00159
-0.00198
-0.00198
-0.00218
-0.00218
-0.00218
-0.00218
-0.00198
-0.00179
-0.00218
-0.00159
-0.00179
-0.00198
-0.00139
-0.00139
-0.0012
-0.00159
-0.00159
-0.00139
-0.00139
-0.001
-0.00061
-0.001
-0.001
-0.001
-0.001
-0.001
-0.00081
-0.0012
-0.0012
-0.00159
-0.00159
-0.00139
-0.00198
-0.00159
-0.00179
-0.00179
-0.00198
-0.00198
-0.00159
-0.00179
-0.00218
-0.00179
-0.00218
-0.00218
-0.00276
-0.00257
-0.00276
-0.00296
-0.00276
-0.00315
-0.00296
-0.00276
-0.00296
-0.00296
-0.00296
-0.00315
-0.00276
-0.00257
-0.00257
-0.00296
-0.00335
-0.00354
-0.00335
-0.00296
-0.00296
-0.00257
-0.00315
-0.00374
-0.00276
-0.00335
-0.00315
-0.00276
-0.00296
-0.00276
-0.00257
-0.00296
-0.00315
-0.00335
-0.00296
-0.00257
-0.00335
-0.00296
-0.00276
-0.00296
-0.00296
-0.00276
-0.00237
-0.00257
-0.00354
-0.00276
-0.00257
-0.00237
-0.00218
-0.00218
-0.00237
-0.00315
-0.00296
-0.00276
-0.00296
-0.00276
-0.00237
-0.00335
-0.00276
-0.00296
-0.00315
-0.00276
-0.00296
-0.00296
-0.00257
-0.00257
-0.00257
-0.00276
-0.00296
-0.00257
-0.00257
-0.00276
-0.00237
-0.00257
-0.00257
-0.00237
-0.00237
-0.00257
-0.00257
-0.00218
-0.00257
-0.00218
-0.00237
-0.00237
-0.00257
-0.00198
-0.00257
-0.00179
-0.00198
-0.00237
-0.00257
-0.00276
-0.00257
-0.00198
-0.00237
-0.00237
-0.00257
-0.00237
-0.00237
-0.00218
-0.00218
-0.00257
-0.00198
-0.00237
-0.00218
-0.00237
-0.00257
-0.00218
