-2.700000768000E-01

-0.00257
-0.00237
-0.00257
-0.00257
-0.00257
-0.00257
-0.00257
-0.00276
-0.00257
-0.00276
-0.00257
-0.00257
-0.00257
-0.00237
-0.00257
-0.00218
-0.00276
-0.00296
-0.00257
-0.00257
-0.00159
-0.00218
-0.00198
-0.00218
-0.00237
-0.00237
-0.00198
-0.00237
-0.00237
-0.00237
-0.00179
-0.00179
-0.00198
-0.00218
-0.00237
-0.00198
-0.00237
-0.00237
-0.00276
-0.00218
-0.00237
-0.00296
-0.00257
-0.00218
-0.00237
-0.00276
-0.00198
-0.00237
-0.00159
-0.00198
-0.00198
-0.00198
-0.00237
-0.00257
-0.00218
-0.00218
-0.00218
-0.00237
-0.00257
-0.00237
-0.00237
-0.00276
-0.00237
-0.00218
-0.00257
-0.00257
-0.00218
-0.00276
-0.00237
-0.00257
-0.00237
-0.00257
-0.00257
-0.00218
-0.00257
-0.00237
-0.00237
-0.00218
-0.00237
-0.00276
-0.00276
-0.00257
-0.00276
-0.00237
-0.00218
-0.00218
-0.00257
-0.00257
-0.00276
-0.00237
-0.00315
-0.00315
-0.00296
-0.00335
-0.00296
-0.00315
-0.00296
-0.00335
-0.00335
-0.00335
-0.00276
-0.00257
-0.00257
-0.00257
-0.00257
-0.00237
-0.00257
-0.00296
-0.00257
-0.00276
-0.00237
-0.00276
-0.00296
-0.00257
-0.00276
-0.00179
-0.00257
-0.00237
-0.00276
-0.00198
-0.00198
-0.00218
-0.00198
-0.00218
-0.00218
-0.00218
-0.00198
-0.00218
-0.00257
-0.00198
-0.00237
-0.00218
-0.00257
-0.00257
-0.00276
-0.00257
-0.00218
-0.00257
-0.00257
-0.00276
-0.00257
-0.00257
-0.00257
-0.00296
-0.00276
-0.00276
-0.00335
-0.00257
-0.00315
-0.00296
-0.00296
-0.00257
-0.00237
-0.00276
-0.00296
-0.00257
-0.00218
-0.00276
-0.00237
-0.00315
-0.00335
-0.00315
-0.00296
-0.00296
-0.00296
-0.00296
-0.00276
-0.00257
-0.00276
-0.00335
-0.00296
-0.00276
-0.00257
-0.00257
-0.00257
-0.00296
-0.00257
-0.00296
-0.00276
-0.00198
-0.00237
-0.00276
-0.00257
-0.00218
-0.00159
-0.001
0.00095
0.00271
0.00583
0.00779
0.01013
0.01189
0.01404
0.01618
0.01833
0.02009
0.02165
0.02282
0.02419
0.02575
0.02693
0.02751
0.02907
0.02966
0.03044
0.03142
0.03279
0.03396
0.03552
0.03728
0.03884
0.04001
0.04157
0.04275
0.04353
0.0445
0.04548
0.04607
0.04685
0.04724
0.04841
0.04821
0.0488
0.04919
0.04939
0.04978
0.05036
0.05095
0.05271
0.05407
0.05564
0.05759
0.05876
0.06071
0.06247
0.0654
0.06794
0.07048
0.07341
0.07556
0.0779
0.07986
0.08279
0.08474
0.08611
0.08786
0.08923
0.0906
0.09157
0.09236
0.09333
0.0945
0.09489
0.09509
0.09607
0.09607
0.09607
0.09587
0.09568
0.09548
0.09587
0.09509
0.09529
0.0945
0.09411
0.09314
0.09275
0.09196
0.09138
0.09099
0.09001
0.08943
0.08864
0.08786
0.08747
0.08708
0.0863
0.08611
0.08591
0.08552
0.08513
0.08454
0.08396
0.08337
0.08337
0.08298
0.0822
0.08142
0.08064
0.08005
0.07966
0.07888
0.07829
0.07732
0.07654
0.07575
0.07497
0.07419
0.0738
0.07243
0.07224
0.07146
0.07048
0.0697
0.06872
0.06814
0.06755
0.06618
0.06657
0.06501
0.06423
0.06384
0.06384
0.06267
0.0615
0.06071
0.06052
0.06013
0.05896
0.05857
0.05739
0.0572
0.05622
0.05544
0.05466
0.05388
0.05329
0.05271
0.05193
0.05095
0.05075
0.04997
0.04939
0.049
0.04861
0.04802
0.04763
0.04646
0.04607
0.04587
0.04529
0.0445
0.04392
0.04333
0.04314
0.04196
0.04157
0.04118
0.04138
0.04021
0.04001
0.03884
0.03884
0.03825
0.03806
0.03728
0.03747
0.03689
0.0363
0.03571
0.03532
0.03513
0.03474
0.03415
0.03415
0.03337
0.03298
0.0322
0.032
0.03161
0.03142
0.03122
0.03044
0.03025
0.02946
0.02907
0.02907
0.02907
0.02829
0.0281
0.02751
0.02771
0.02732
0.02673
0.02634
0.02654
0.02575
0.02556
0.02497
0.02478
0.02439
0.02419
0.024
0.02361
0.02321
0.02321
0.02263
0.02204
0.02185
0.02126
0.02087
0.02068
0.02029
0.02009
0.0197
0.0195
0.01892
0.01911
0.01892
0.01833
0.01853
0.01775
0.01833
0.01716
0.01775
0.01716
0.01736
0.01657
0.01618
0.01638
0.01618
0.01579
0.01618
0.01618
0.0156
0.01579
0.01501
0.01501
0.01501
0.01462
0.01443
0.01423
0.01443
0.01423
0.01364
0.01364
0.01345
0.01286
0.01306
0.01267
0.01247
0.01189
0.01267
0.01228
0.01208
0.01169
0.01189
0.0115
0.0115
0.01111
0.01071
0.01091
0.01091
0.01091
0.01032
0.01071
0.01032
0.00974
0.00974
0.00974
0.00896
0.00935
0.00857
0.00896
0.00857
0.00818
0.00818
0.00798
0.00779
0.00779
0.00739
0.00739
0.00759
0.00759
0.0072
0.00739
0.00759
0.0072
0.00759
0.00661
0.00642
0.00661
0.007
0.00661
0.007
0.00622
0.00642
0.00603
0.00642
0.00622
0.00603
0.00603
0.00603
0.00564
0.00564
0.00583
0.00564
0.00544
0.00564
0.00505
0.00525
0.00544
0.00486
0.00525
0.00525
0.00486
0.00466
0.00486
0.00486
0.00446
0.00446
0.00388
0.00388
0.00388
0.00349
0.00329
0.00329
0.00349
0.00329
0.0029
0.00329
0.0029
0.0031
0.0031
0.00329
0.0029
0.00349
0.0031
0.00349
0.00329
0.0029
0.00329
0.00349
0.0029
0.00271
0.00329
0.0031
0.0029
0.0031
0.00368
0.0029
0.00271
0.00271
0.00271
0.00251
0.00251
0.00232
0.00212
0.00232
0.00193
0.00212
0.00232
0.00271
0.00232
0.00232
0.00193
0.00212
0.00193
0.00193
0.00193
0.00173
0.00173
0.00114
0.00114
0.00134
0.00134
0.00134
0.00114
0.00134
0.00114
0.00114
0.00095
0.00095
0.00075
0.00056
0.00017
0.00114
0.00095
0.00134
0.00134
0.00114
0.00075
0.00095
0.00154
0.00134
0.00134
0.00114
0.00095
0.00095
0.00075
0.00134
0.00075
0.00134
0.00095
0.00114
0.00095
0.00114
0.00075
0.00114
0.00095
0.00056
0.00036
0.00036
0.00056
0.00056
0.00017
0.00036
0.00017
0.00036
-0.00022
-0.00042
-0.00042
-0.00042
-3e-05
-0.00061
-0.00061
-0.00042
-0.00042
-0.00061
-0.00061
-0.00061
-0.00081
-0.001
-0.0012
-0.00042
-0.00139
-0.00061
-0.001
-0.00081
-0.0012
-0.001
-0.00139
-0.00061
-0.00081
-0.001
-0.00081
-0.00081
-0.0012
-0.001
-0.001
-0.001
-0.001
-0.0012
-0.0012
-0.00081
-0.001
-0.001
-0.00061
-0.00061
-0.00061
-0.00042
-0.00081
-0.00042
-0.00022
-0.00081
-0.00061
-0.00061
-0.00022
-0.00061
-0.00022
-0.00042
-3e-05
-0.00042
-0.00061
-0.00042
-0.00061
-0.00081
-0.00061
-0.00061
-0.001
-0.00081
-0.00061
-0.001
-0.001
-0.00081
-0.00081
-0.001
-0.00081
-0.00081
-0.00042
-0.001
-0.001
-0.001
-0.00042
-0.001
-0.00081
-0.00081
-0.00081
-0.00081
-0.001
-0.00081
-0.001
-0.00061
-0.00081
-0.00081
-0.001
-0.00139
-0.00139
-0.0012
-0.00139
-0.00159
-0.00081
-0.0012
-0.001
-0.00159
-0.00139
-0.00139
-0.0012
-0.00139
-0.00139
-0.0012
-0.00159
-0.00179
-0.00179
-0.00159
-0.00179
-0.00179
-0.00198
-0.00218
-0.00218
-0.00237
-0.00276
-0.00218
-0.00257
-0.00237
-0.00257
-0.00257
-0.00276
-0.00257
-0.00276
-0.00218
-0.00198
-0.00218
-0.00237
-0.00218
-0.00237
-0.00237
-0.00179
-0.00159
-0.00179
-0.00218
-0.00198
-0.00218
-0.00218
-0.00179
-0.00179
-0.00198
-0.00159
-0.00139
-0.00159
-0.0012
-0.00159
-0.00159
-0.00179
-0.00159
-0.001
-0.00139
-0.0012
-0.00159
-0.0012
-0.0012
-0.0012
-0.001
-0.00139
-0.0012
-0.00159
-0.00139
-0.00159
-0.00179
-0.00159
-0.00198
-0.00198
-0.00237
-0.00198
-0.00257
-0.00257
-0.00296
-0.00296
-0.00354
-0.00257
-0.00296
-0.00335
-0.00276
-0.00257
-0.00315
-0.00315
-0.00257
-0.00198
-0.00237
-0.00218
-0.00237
-0.00257
-0.00237
-0.00257
-0.00257
-0.00237
-0.00237
-0.00237
-0.00218
-0.00257
-0.00257
-0.00276
-0.00276
-0.00276
-0.00315
-0.00296
-0.00276
-0.00276
-0.00257
-0.00315
-0.00335
-0.00296
-0.00276
-0.00276
-0.00237
-0.00257
-0.00276
-0.00257
-0.00237
-0.00237
-0.00237
-0.00257
-0.00276
-0.00237
-0.00257
-0.00257
-0.00257
-0.00237
-0.00257
-0.00335
-0.00276
-0.00276
-0.00257
-0.00276
-0.00257
-0.00198
-0.00218
-0.00218
-0.00237
-0.00237
-0.00218
-0.00179
-0.00218
-0.00218
-0.00198
-0.00218
-0.00218
-0.00198
-0.00237
-0.00198
-0.00218
-0.00257
-0.00237
-0.00237
-0.00257
-0.00237
-0.00276
-0.00257
-0.00218
-0.00257
-0.00237
-0.00296
-0.00257
-0.00257
-0.00276
-0.00257
-0.00237
-0.00218
-0.00237
-0.00237
-0.00218
-0.00237
-0.00237
-0.00296
-0.00257
-0.00296
-0.00296
-0.00276
-0.00218
-0.00276
-0.00315
-0.00335
-0.00296
-0.00257
-0.00296
-0.00296
-0.00296
-0.00276
-0.00296
-0.00296
-0.00276
-0.00276
-0.00257
-0.00276
-0.00276
-0.00315
-0.00257
-0.00276
-0.00257
-0.00276
-0.00276
-0.00296
-0.00276
-0.00257
-0.00218
-0.00276
-0.00276
-0.00276
-0.00296
-0.00237
-0.00218
-0.00296
-0.00276
-0.00276
-0.00276
-0.00257
-0.00257
-0.00218
-0.00257
-0.00218
-0.00237
-0.00237
-0.00257
-0.00296
-0.00237
-0.00257
-0.00296
-0.00296
-0.00315
-0.00335
-0.00354
-0.00276
-0.00374
-0.00315
-0.00335
-0.00315
-0.00335
-0.00296
-0.00335
-0.00296
-0.00276
-0.00315
-0.00257
-0.00296
-0.00276
-0.00296
-0.00296
-0.00296
-0.00315
-0.00315
-0.00296
-0.00296
-0.00276
-0.00315
-0.00315
-0.00335
-0.00276
-0.00257
-0.00257
-0.00296
-0.00296
-0.00296
-0.00296
-0.00276
-0.00296
-0.00237
-0.00198
-0.00218
-0.00218
-0.00257
-0.00257
-0.00257
-0.00276
-0.00276
-0.00237
-0.00296
-0.00315
-0.00296
-0.00296
-0.00296
-0.00257
-0.00296
-0.00335
-0.00335
-0.00335
-0.00296
-0.00276
-0.00276
-0.00257
-0.00276
-0.00218
-0.00296
-0.00257
-0.00374
-0.00237
-0.00218
-0.00218
-0.00179
-0.00198
-0.00237
-0.00237
-0.00257
-0.00257
-0.00237
-0.00237
-0.00179
-0.00179
-0.00218
-0.00198
-0.00296
-0.00257
-0.00276
-0.00257
-0.00296
-0.00276
-0.00257
-0.00218
-0.00237
-0.00198
-0.00237
-0.00237
-0.00237
-0.00218
-0.00237
-0.00237
-0.00237
-0.00237
-0.00218
-0.00257
-0.00257
-0.00276
-0.00257
-0.00296
-0.00276
-0.00315
-0.00335
-0.00315
-0.00296
-0.00296
-0.00296
-0.00315
-0.00374
-0.00335
-0.00296
-0.00315
-0.00276
-0.00257
-0.00257
-0.00276
-0.00237
-0.00237
-0.00198
-0.00179
-0.00218
-0.00237
-0.00218
-0.00218
-0.00257
-0.00276
-0.00237
-0.00315
-0.00315
-0.00296
-0.00276
-0.00296
-0.00276
-0.00257
-0.00296
-0.00296
-0.00296
-0.00276
-0.00257
-0.00257
-0.00296
-0.00257
-0.00218
-0.00257
-0.00296
-0.00257
-0.00257
-0.00198
-0.00257
-0.00276
-0.00276
-0.00257
-0.00315
-0.00315
-0.00296
-0.00296
-0.00315
-0.00276
-0.00296
-0.00315
-0.00296
-0.00335
-0.00315
-0.00276
-0.00315
-0.00335
-0.00276
-0.00276
-0.00276
-0.00296
-0.00296
-0.00296
-0.00276
-0.00315
-0.00276
-0.00296
-0.00296
-0.00296
-0.00315
-0.00335
-0.00335
-0.00354
-0.00335
-0.00296
-0.00315
-0.00276
-0.00276
-0.00257
-0.00276
-0.00237
-0.00257
-0.00237
-0.00257
-0.00257
-0.00218
-0.00237
-0.00237
-0.00257
-0.00257
-0.00257
-0.00276
-0.00237
-0.00257
-0.00257
-0.00296
-0.00315
-0.00296
-0.00257
-0.00296
-0.00296
-0.00276
-0.00335
-0.00296
-0.00276
-0.00276
-0.00276
-0.00296
-0.00276
-0.00257
-0.00257
-0.00296
-0.00276
-0.00237
-0.00276
-0.00257
-0.00257
-0.00237
-0.00237
-0.00237
-0.00296
-0.00276
-0.00257
-0.00276
-0.00257
-0.00276
-0.00276
-0.00237
-0.00296
-0.00257
-0.00257
-0.00237
-0.00257
-0.00276
-0.00296
-0.00276
-0.00276
-0.00257
-0.00237
-0.00315
-0.00218
-0.00237
-0.00315
-0.00315
-0.00296
-0.00276
-0.00257
-0.00315
-0.00257
-0.00315
-0.00335
-0.00315
-0.00296
-0.00296
-0.00276
-0.00296
-0.00296
-0.00315
