-1.718000483200E+00

-0.00276
-0.00218
-0.00296
-0.00276
-0.00237
-0.00257
-0.00237
-0.00296
-0.00257
-0.00237
-0.00218
-0.00159
-0.00237
-0.00218
-0.00218
-0.00257
-0.00276
-0.00218
-0.00257
-0.00179
-0.00237
-0.00257
-0.00218
-0.00237
-0.00218
-0.00257
-0.00257
-0.00237
-0.00315
-0.00296
-0.00276
-0.00276
-0.00237
-0.00276
-0.00315
-0.00315
-0.00296
-0.00296
-0.00276
-0.00276
-0.00276
-0.00257
-0.00276
-0.00257
-0.00315
-0.00315
-0.00315
-0.00276
-0.00296
-0.00296
-0.00335
-0.00354
-0.00335
-0.00315
-0.00276
-0.00315
-0.00296
-0.00257
-0.00315
-0.00315
-0.00296
-0.00296
-0.00315
-0.00296
-0.00296
-0.00315
-0.00276
-0.00257
-0.00276
-0.00237
-0.00257
-0.00237
-0.00257
-0.00237
-0.00276
-0.00276
-0.00296
-0.00296
-0.00257
-0.00276
-0.00335
-0.00315
-0.00296
-0.00276
-0.00315
-0.00315
-0.00315
-0.00354
-0.00335
-0.00315
-0.00296
-0.00296
-0.00296
-0.00296
-0.00296
-0.00296
-0.00296
-0.00315
-0.00315
-0.00257
-0.00296
-0.00296
-0.00296
-0.00296
-0.00315
-0.00257
-0.00237
-0.00257
-0.00296
-0.00276
-0.00296
-0.00296
-0.00296
-0.00315
-0.00296
-0.00257
-0.00276
-0.00257
-0.00237
-0.00257
-0.00257
-0.00276
-0.00296
-0.00276
-0.00315
-0.00315
-0.00315
-0.00276
-0.00335
-0.00276
-0.00315
-0.00276
-0.00315
-0.00296
-0.00335
-0.00335
-0.00393
-0.00296
-0.00354
-0.00335
-0.00315
-0.00315
-0.00296
-0.00257
-0.00276
-0.00257
-0.00257
-0.00237
-0.00237
-0.00257
-0.00218
-0.00257
-0.00218
-0.00237
-0.00198
-0.00218
-0.00218
-0.00237
-0.00198
-0.00218
-0.00218
-0.00218
-0.00276
-0.00257
-0.00237
-0.00296
-0.00276
-0.00315
-0.00335
-0.00296
-0.00276
-0.00257
-0.00296
-0.00276
-0.00296
-0.00237
-0.00276
-0.00257
-0.00296
-0.00257
-0.00276
-0.00296
-0.00276
-0.00257
-0.00296
-0.00315
-0.00296
-0.00296
-0.00296
-0.00335
-0.00315
-0.00257
-0.00296
-0.00315
-0.00276
-0.00296
-0.00296
-0.00257
-0.00335
-0.00315
-0.00315
-0.00315
-0.00276
-0.00257
-0.00257
-0.00276
-0.00257
-0.00276
-0.00276
-0.00257
-0.00296
-0.00296
-0.00296
-0.00218
-0.00042
0.00134
0.00368
0.00681
0.01013
0.01345
0.01755
0.02087
0.024
0.02712
0.02966
0.03181
0.03396
0.03591
0.03825
0.0406
0.04216
0.0447
0.04626
0.049
0.05154
0.05329
0.05564
0.0572
0.05915
0.06052
0.06111
0.06267
0.06384
0.06443
0.06521
0.06599
0.06677
0.06696
0.06716
0.06794
0.06775
0.06814
0.06794
0.06775
0.06755
0.06794
0.06794
0.06755
0.06716
0.06657
0.06579
0.0654
0.06501
0.06443
0.06404
0.06364
0.06306
0.06306
0.0615
0.06071
0.06032
0.05974
0.05915
0.05857
0.05837
0.05739
0.057
0.05603
0.05583
0.05505
0.05407
0.05349
0.05251
0.05173
0.05095
0.05056
0.05017
0.04958
0.04861
0.04802
0.04743
0.04665
0.04587
0.04548
0.04489
0.04411
0.04333
0.04294
0.04255
0.04236
0.04138
0.04099
0.0406
0.04001
0.03943
0.03904
0.03845
0.03786
0.03767
0.03689
0.0363
0.0363
0.03552
0.03513
0.03474
0.03415
0.03357
0.03376
0.03318
0.03298
0.03239
0.0322
0.032
0.03142
0.03083
0.03064
0.03025
0.02966
0.02946
0.02888
0.02888
0.02849
0.0281
0.02751
0.02673
0.02654
0.02614
0.02575
0.02536
0.02517
0.02478
0.02439
0.024
0.0238
0.02341
0.02341
0.02302
0.02321
0.02243
0.02185
0.02185
0.02126
0.02165
0.02126
0.02107
0.02048
0.01989
0.0197
0.0195
0.0195
0.01911
0.01892
0.01892
0.01892
0.01794
0.01755
0.01716
0.01736
0.01696
0.01657
0.01638
0.01638
0.01638
0.01579
0.0156
0.01579
0.01579
0.01521
0.01482
0.01482
0.01521
0.01462
0.01462
0.01384
0.01404
0.01404
0.01404
0.01345
0.01306
0.01286
0.01286
0.01286
0.01247
0.01267
0.01208
0.01228
0.01208
0.0115
0.0115
0.01169
0.0115
0.01169
0.01111
0.01111
0.01091
0.01052
0.01052
0.01032
0.00993
0.01013
0.01013
0.00993
0.00974
0.01032
0.00993
0.00935
0.00954
0.00954
0.00915
0.00915
0.00876
0.00857
0.00818
0.00837
0.00818
0.00818
0.00837
0.0072
0.00759
0.00739
0.00759
0.0072
0.0072
0.00759
0.007
0.0072
0.007
0.00642
0.007
0.00642
0.00603
0.00603
0.00603
0.00583
0.00603
0.00583
0.00544
0.00525
0.00564
0.00525
0.00486
0.00525
0.00505
0.00486
0.00486
0.00486
0.00505
0.00486
0.00525
0.00505
0.00427
0.00466
0.00446
0.00466
0.00407
0.00407
0.00427
0.00349
0.00446
0.00349
0.00349
0.00368
0.00329
0.00349
0.00329
0.0031
0.0031
0.0031
0.0031
0.00368
0.00329
0.00368
0.0029
0.0029
0.0029
0.00251
0.00251
0.00251
0.00271
0.00232
0.00251
0.00212
0.00212
0.00173
0.00173
0.00193
0.00173
0.00193
0.00154
0.00173
0.00154
0.00154
0.00134
0.00134
0.00154
0.00134
0.00134
0.00095
0.00075
0.00075
0.00134
0.00095
0.00075
0.00114
0.00075
0.00114
0.00095
0.00095
0.00075
0.00056
0.00056
0.00017
0.00056
-3e-05
0.00017
0.00017
0.00036
-3e-05
0.00036
0.00036
0.00017
0.00017
0.00056
0.00017
0.00036
0.00036
-3e-05
-3e-05
-0.00022
0.00036
-0.00022
-0.00061
-0.00022
-0.00042
-3e-05
0.00036
0.00017
-0.00022
-0.00042
-3e-05
0.00017
-0.00061
-0.00022
-3e-05
0.00017
-3e-05
-0.00022
-3e-05
0.00017
-3e-05
0.00036
0.00017
-3e-05
-3e-05
0.00017
-0.00022
-3e-05
-0.00042
-0.00042
-0.00022
-0.00042
-0.00042
-0.001
-0.00061
-0.001
-0.00061
-0.00042
-3e-05
-0.00042
-0.00022
-0.00081
-0.00061
-0.00061
-0.0012
-0.00081
-0.001
-0.001
-0.00081
-0.001
-0.001
-0.00081
-0.00061
-0.001
-0.001
-0.001
-0.001
-0.00139
-0.001
-0.001
-0.00179
-0.00179
-0.00179
-0.00159
-0.00139
-0.00198
-0.00179
-0.00198
-0.00179
-0.00159
-0.00179
-0.00159
-0.00198
-0.00179
-0.00159
-0.00159
-0.00159
-0.00237
-0.00218
-0.00198
-0.00237
-0.00198
-0.00218
-0.00179
-0.00198
-0.00179
-0.00179
-0.00179
-0.00218
-0.00257
-0.00218
-0.00237
-0.00218
-0.00179
-0.00179
-0.00198
-0.00218
-0.00218
-0.00198
-0.00257
-0.00237
-0.00218
-0.00257
-0.00296
-0.00257
-0.00315
-0.00354
-0.00335
-0.00296
-0.00296
-0.00315
-0.00296
-0.00257
-0.00276
-0.00276
-0.00257
-0.00296
-0.00276
-0.00296
-0.00276
-0.00276
-0.00315
-0.00276
-0.00257
-0.00257
-0.00276
-0.00296
-0.00257
-0.00276
-0.00237
-0.00296
-0.00257
-0.00276
-0.00257
-0.00257
-0.00296
-0.00315
-0.00276
-0.00276
-0.00276
-0.00276
-0.00237
-0.00257
-0.00237
-0.00218
-0.00218
-0.00218
-0.00237
-0.00179
-0.00159
-0.00139
-0.00159
-0.00159
-0.0012
-0.00198
-0.0012
-0.00081
-0.00061
-0.00042
-0.00042
-0.00022
-0.00042
-0.00061
-0.00061
-0.00022
-3e-05
-0.00022
-0.00022
-0.00042
-0.00061
-0.00042
-0.00042
-0.00081
-0.00081
-0.00081
-0.001
-0.001
-0.0012
-0.00139
-0.00159
-0.00198
-0.00218
-0.00237
-0.00257
-0.00257
-0.00257
-0.00315
-0.00315
-0.00354
-0.00315
-0.00335
-0.00354
-0.00354
-0.00335
-0.00374
-0.00354
-0.00335
-0.00354
-0.00374
-0.00374
-0.00354
-0.00393
-0.00413
-0.00354
-0.00335
-0.00315
-0.00335
-0.00354
-0.00413
-0.00335
-0.00374
-0.00315
-0.00335
-0.00335
-0.00296
-0.00296
-0.00296
-0.00335
-0.00315
-0.00257
-0.00257
-0.00257
-0.00276
-0.00257
-0.00237
-0.00237
-0.00179
-0.00179
-0.00159
-0.00179
-0.00139
-0.00139
-0.00139
-0.00081
-0.00061
-0.00061
-0.00081
-0.00022
-0.00022
-0.00022
-0.00061
-0.00081
-0.00042
-0.00042
0.00017
0.00017
0.00017
-3e-05
0.00017
-3e-05
-3e-05
-3e-05
-0.00042
-0.00042
-0.001
-0.001
-0.00139
-0.00159
-0.00179
-0.00218
-0.00237
-0.00257
-0.00237
-0.00257
-0.00237
-0.00315
-0.00335
-0.00335
-0.00413
-0.00413
-0.00432
-0.00413
-0.00452
-0.00471
-0.00511
-0.00511
-0.00511
-0.00511
-0.0053
-0.0055
-0.0055
-0.00608
-0.00589
-0.00589
-0.00628
-0.00628
-0.00667
-0.00608
-0.00589
-0.00647
-0.00608
-0.00628
-0.00647
-0.00608
-0.00569
-0.00569
-0.00589
-0.00569
-0.0053
-0.0055
-0.0053
-0.00491
-0.00491
-0.00432
-0.00471
-0.00432
-0.00452
-0.00374
-0.00354
-0.00335
-0.00354
-0.00315
-0.00257
-0.00276
-0.00218
-0.00218
-0.00237
-0.00218
-0.00139
-0.00179
-0.00179
-0.00139
-0.00159
-0.001
-0.00081
-0.001
-0.00081
-0.001
-0.00042
-0.00022
-0.00042
-0.00042
-0.00061
-0.00022
-0.00022
-0.00061
-0.00061
-0.00022
-0.00042
-0.00022
-0.00061
-0.00042
-0.00022
-0.00022
-0.00042
-0.00081
-0.001
-0.00081
-0.00081
-0.00061
-0.00081
-0.0012
-0.001
-0.0012
-0.0012
-0.00139
-0.00159
-0.00139
-0.00179
-0.00179
-0.00198
-0.00237
-0.00218
-0.00218
-0.00276
-0.00257
-0.00276
-0.00218
-0.00257
-0.00237
-0.00276
-0.00257
-0.00276
-0.00276
-0.00315
-0.00257
-0.00335
-0.00315
-0.00276
-0.00237
-0.00237
-0.00257
-0.00257
-0.00198
-0.00198
-0.00257
-0.00257
-0.00276
-0.00237
-0.00237
-0.00218
-0.00198
-0.00237
-0.00237
-0.00198
-0.00198
-0.00218
-0.00198
-0.00237
-0.00218
-0.00257
-0.00257
-0.00296
-0.00257
-0.00237
-0.00237
-0.00276
-0.00237
-0.00257
-0.00315
-0.00354
-0.00335
-0.00296
-0.00354
-0.00413
-0.00335
-0.00354
-0.00393
-0.00393
-0.00413
-0.00413
-0.00432
-0.00452
-0.00432
-0.00413
-0.00432
-0.00432
-0.00452
-0.00452
-0.00471
-0.00491
-0.00432
-0.00413
-0.00452
-0.00491
-0.00413
-0.00491
-0.0053
-0.00491
-0.00511
-0.00471
-0.00452
-0.00413
-0.00471
-0.00491
-0.00511
-0.00471
-0.00432
-0.00432
-0.00413
-0.00432
-0.00413
-0.00413
-0.00354
-0.00393
-0.00374
-0.00335
-0.00315
-0.00354
-0.00315
-0.00315
-0.00276
-0.00257
-0.00257
-0.00237
-0.00237
-0.00257
-0.00257
-0.00218
-0.00179
-0.00198
-0.00179
-0.00139
-0.00159
-0.0012
-0.001
-0.001
-0.00139
-0.00139
-0.0012
-0.001
-0.0012
-0.001
-0.0012
-0.00061
-0.00061
-0.00081
-0.001
-0.001
-0.00139
-0.00179
-0.00159
-0.00159
-0.00159
-0.00139
-0.00159
-0.00159
-0.00198
-0.00179
-0.00179
-0.00218
-0.00218
-0.00218
-0.00218
-0.00237
-0.00237
-0.00257
-0.00237
-0.00276
-0.00296
-0.00198
-0.00257
-0.00257
-0.00296
-0.00335
-0.00335
-0.00374
-0.00393
-0.00335
-0.00374
-0.00374
-0.00354
-0.00374
-0.00335
-0.00335
-0.00393
-0.00393
-0.00354
-0.00335
-0.00354
-0.00354
-0.00315
-0.00315
-0.00374
-0.00315
-0.00335
-0.00335
-0.00335
-0.00315
-0.00315
-0.00315
-0.00335
-0.00374
-0.00354
-0.00393
-0.00374
-0.00393
-0.00335
-0.00315
-0.00315
-0.00315
-0.00315
-0.00315
-0.00354
-0.00296
-0.00296
-0.00296
-0.00296
-0.00257
-0.00276
-0.00257
-0.00296
-0.00257
-0.00296
-0.00276
-0.00296
-0.00257
-0.00315
-0.00335
-0.00354
-0.00354
-0.00276
-0.00257
-0.00276
-0.00315
-0.00315
-0.00335
-0.00354
-0.00296
-0.00296
-0.00315
-0.00315
-0.00335
-0.00374
-0.00335
-0.00374
-0.00296
-0.00335
-0.00354
-0.00315
-0.00335
-0.00335
-0.00335
-0.00374
-0.00374
-0.00374
-0.00354
-0.00374
-0.00393
-0.00354
-0.00354
-0.00393
-0.00432
-0.00354
-0.00374
-0.00335
-0.00335
-0.00335
-0.00354
-0.00296
-0.00315
-0.00276
-0.00257
-0.00296
-0.00276
-0.00296
-0.00257
-0.00276
-0.00237
-0.00276
-0.00257
-0.00257
-0.00276
-0.00257
-0.00237
-0.00296
-0.00257
-0.00237
-0.00257
-0.00237
-0.00257
-0.00237
-0.00237
-0.00237
-0.00237
-0.00159
-0.00257
-0.00276
-0.00237
-0.00257
-0.00276
-0.00276
-0.00296
-0.00296
-0.00296
-0.00315
-0.00296
-0.00374
-0.00374
-0.00354
-0.00393
-0.00335
-0.00335
-0.00315
-0.00374
-0.00374
-0.00335
-0.00374
-0.00315
-0.00315
-0.00296
