-1.417000396800E+00

-0.00257
-0.00237
-0.00296
-0.00296
-0.00276
-0.00296
-0.00296
-0.00335
-0.00276
-0.00315
-0.00354
-0.00296
-0.00315
-0.00296
-0.00335
-0.00257
-0.00315
-0.00315
-0.00335
-0.00335
-0.00335
-0.00315
-0.00315
-0.00354
-0.00296
-0.00335
-0.00374
-0.00296
-0.00315
-0.00315
-0.00335
-0.00276
-0.00315
-0.00296
-0.00315
-0.00315
-0.00257
-0.00257
-0.00315
-0.00296
-0.00276
-0.00276
-0.00315
-0.00296
-0.00296
-0.00296
-0.00335
-0.00296
-0.00315
-0.00296
-0.00354
-0.00335
-0.00315
-0.00335
-0.00335
-0.00335
-0.00335
-0.00315
-0.00335
-0.00374
-0.00354
-0.00354
-0.00335
-0.00354
-0.00374
-0.00335
-0.00374
-0.00335
-0.00276
-0.00374
-0.00315
-0.00315
-0.00335
-0.00257
-0.00315
-0.00315
-0.00296
-0.00315
-0.00296
-0.00315
-0.00276
-0.00315
-0.00237
-0.00296
-0.00296
-0.00276
-0.00276
-0.00315
-0.00276
-0.00257
-0.00296
-0.00276
-0.00296
-0.00257
-0.00237
-0.00237
-0.00276
-0.00276
-0.00315
-0.00315
-0.00335
-0.00315
-0.00296
-0.00276
-0.00296
-0.00237
-0.00276
-0.00276
-0.00296
-0.00296
-0.00276
-0.00257
-0.00296
-0.00257
-0.00296
-0.00335
-0.00296
-0.00315
-0.00335
-0.00315
-0.00276
-0.00315
-0.00315
-0.00276
-0.00296
-0.00296
-0.00315
-0.00257
-0.00315
-0.00276
-0.00315
-0.00296
-0.00335
-0.00374
-0.00296
-0.00335
-0.00315
-0.00296
-0.00257
-0.00257
-0.00257
-0.00296
-0.00315
-0.00276
-0.00296
-0.00276
-0.00315
-0.00315
-0.00315
-0.00335
-0.00296
-0.00315
-0.00276
-0.00315
-0.00296
-0.00276
-0.00315
-0.00237
-0.00276
-0.00198
-0.00257
-0.00237
-0.00276
-0.00276
-0.00257
-0.00296
-0.00276
-0.00257
-0.00257
-0.00257
-0.00315
-0.00276
-0.00257
-0.00276
-0.00276
-0.00257
-0.00257
-0.00218
-0.00257
-0.00218
-0.00276
-0.00237
-0.00198
-0.00218
-0.00257
-0.00237
-0.00257
-0.00237
-0.00257
-0.00237
-0.00276
-0.00218
-0.00218
-0.00139
-0.00042
0.00075
0.00193
0.0029
0.00349
0.00505
0.00622
0.007
0.00739
0.00818
0.00915
0.00993
0.01052
0.01111
0.01169
0.01208
0.01267
0.01286
0.01325
0.01404
0.01404
0.01443
0.01443
0.01501
0.0154
0.01638
0.01736
0.01853
0.0195
0.02107
0.02263
0.02497
0.02712
0.03005
0.03279
0.03571
0.03904
0.04353
0.04782
0.05251
0.05681
0.0613
0.06521
0.06892
0.07263
0.07634
0.07907
0.08181
0.08396
0.08689
0.08884
0.09079
0.09216
0.09392
0.09509
0.09607
0.09704
0.09782
0.09861
0.09861
0.09861
0.0988
0.09978
0.09997
0.09978
0.09997
0.10017
0.10056
0.09997
0.09958
0.09978
0.09939
0.0988
0.09821
0.09763
0.09704
0.09646
0.09568
0.0947
0.09411
0.09314
0.09275
0.09177
0.09099
0.0904
0.08923
0.08864
0.08786
0.08689
0.08611
0.08513
0.08435
0.08318
0.08239
0.08161
0.08044
0.07907
0.07888
0.07771
0.07693
0.07556
0.07497
0.07458
0.07321
0.07224
0.07146
0.07048
0.0697
0.06872
0.06794
0.06736
0.06599
0.06482
0.06462
0.06404
0.06306
0.06247
0.0615
0.06071
0.05974
0.05935
0.05857
0.05818
0.05739
0.05661
0.05603
0.05505
0.05466
0.05368
0.0531
0.05193
0.05154
0.05075
0.05036
0.04978
0.049
0.04821
0.04704
0.04665
0.04646
0.04568
0.04548
0.0447
0.04431
0.04372
0.04314
0.04216
0.04196
0.04118
0.04118
0.0404
0.03982
0.03943
0.03864
0.03864
0.03806
0.03767
0.03767
0.03708
0.03611
0.03552
0.03552
0.03532
0.03513
0.03415
0.03357
0.03337
0.03298
0.03239
0.03239
0.03161
0.03122
0.03122
0.02986
0.02986
0.02966
0.02868
0.02907
0.02868
0.0281
0.02732
0.02693
0.02673
0.02673
0.02595
0.02595
0.02497
0.02439
0.02478
0.02478
0.02439
0.024
0.02341
0.02361
0.02282
0.02263
0.02224
0.02243
0.02224
0.02165
0.02146
0.02146
0.02107
0.02107
0.02126
0.02068
0.02029
0.02009
0.01989
0.0197
0.01989
0.0197
0.01911
0.01872
0.01814
0.01814
0.01775
0.01794
0.01755
0.01677
0.01677
0.01677
0.01657
0.01657
0.01618
0.01579
0.01521
0.0154
0.01501
0.01462
0.01404
0.01384
0.01384
0.01345
0.01384
0.01364
0.01345
0.01306
0.01228
0.01267
0.01247
0.01286
0.01208
0.01228
0.01189
0.01208
0.01169
0.01208
0.0115
0.0113
0.0115
0.0113
0.01091
0.01091
0.01052
0.01052
0.01052
0.01013
0.01032
0.01013
0.00974
0.00954
0.00935
0.00954
0.00935
0.00896
0.00954
0.00896
0.00896
0.00935
0.00915
0.00876
0.00857
0.00837
0.00857
0.00759
0.00759
0.00759
0.00818
0.00759
0.00779
0.00759
0.00779
0.0072
0.00739
0.00661
0.007
0.007
0.00642
0.00603
0.00603
0.00622
0.00622
0.00583
0.00583
0.00622
0.00583
0.00564
0.00564
0.00525
0.00525
0.00544
0.00525
0.00486
0.00525
0.00525
0.00525
0.00525
0.00486
0.00446
0.00486
0.00486
0.00505
0.00486
0.00446
0.00427
0.00446
0.00446
0.00407
0.00407
0.00368
0.00368
0.00407
0.00368
0.00368
0.00368
0.00329
0.0031
0.00349
0.00329
0.0029
0.00271
0.00251
0.0031
0.00232
0.00232
0.00232
0.00212
0.00193
0.00232
0.00212
0.00173
0.00173
0.00154
0.00154
0.00173
0.00173
0.00173
0.00193
0.00193
0.00134
0.00173
0.00134
0.00212
0.00212
0.00173
0.00154
0.00134
0.00173
0.00173
0.00173
0.00154
0.00134
0.00154
0.00134
0.00154
0.00134
0.00154
0.00154
0.00114
0.00114
0.00134
0.00075
0.00114
0.00095
0.00075
0.00114
0.00075
0.00114
0.00075
0.00075
0.00095
0.00017
-3e-05
-0.00022
-0.00022
-0.00022
-0.00042
-0.00061
-0.00061
-0.00061
-0.00022
-0.00081
-0.00042
-0.00022
-0.00061
-0.00081
-0.00042
-0.00042
-0.00042
-0.00061
-0.00081
-0.00042
-0.00022
-0.00022
-0.00022
-0.00022
-0.00042
-0.00061
-0.00042
-0.00061
-0.00042
-0.00081
-0.00081
-0.00061
-0.00081
-0.00081
-0.001
-0.00081
-0.00081
-0.001
-0.001
-0.001
-0.00081
-0.001
-0.00042
-3e-05
-0.00042
-0.00042
-3e-05
-0.00042
-0.00042
-3e-05
-0.00042
-0.00042
-0.00022
-0.00081
-0.001
-0.00081
-0.00061
-0.00159
-0.00139
-0.001
-0.001
-0.0012
-0.00081
-0.00081
-0.001
-0.0012
-0.0012
-0.001
-0.0012
-0.00139
-0.0012
-0.00139
-0.00139
-0.0012
-0.0012
-0.00061
-0.00022
-0.00081
-0.001
-0.001
-0.001
-0.00081
-0.001
-0.0012
-0.00081
-0.00139
-0.00139
-0.00139
-0.0012
-0.0012
-0.001
-0.0012
-0.001
-0.00159
-0.0012
-0.001
-0.001
-0.00159
-0.00179
-0.00179
-0.00139
-0.00198
-0.00179
-0.00237
-0.00218
-0.00237
-0.00218
-0.00237
-0.00257
-0.00257
-0.00218
-0.00257
-0.00257
-0.00237
-0.00237
-0.00198
-0.00198
-0.00198
-0.00198
-0.00198
-0.00179
-0.00198
-0.00198
-0.00237
-0.00237
-0.00237
-0.00198
-0.00198
-0.00198
-0.00159
-0.00179
-0.00159
-0.00198
-0.00179
-0.00218
-0.00198
-0.00198
-0.00237
-0.00198
-0.00218
-0.00159
-0.00218
-0.00179
-0.00179
-0.00179
-0.00179
-0.00218
-0.00237
-0.00237
-0.00198
-0.00198
-0.00237
-0.00237
-0.00237
-0.00198
-0.00237
-0.00237
-0.00237
-0.00198
-0.00257
-0.00218
-0.00218
-0.00257
-0.00237
-0.00218
-0.00218
-0.00198
-0.00218
-0.00179
-0.00179
-0.00198
-0.00237
-0.00218
-0.00218
-0.00159
-0.00218
-0.00159
-0.00198
-0.00198
-0.00237
-0.00218
-0.00237
-0.00218
-0.00218
-0.00257
-0.00198
-0.00218
-0.00198
-0.00237
-0.00276
-0.00218
-0.00257
-0.00257
-0.00257
-0.00257
-0.00276
-0.00257
-0.00257
-0.00257
-0.00296
-0.00237
-0.00257
-0.00257
-0.00237
-0.00276
-0.00257
-0.00218
-0.00257
-0.00237
-0.00276
-0.00296
-0.00276
-0.00257
-0.00276
-0.00237
-0.00257
-0.00296
-0.00296
-0.00296
-0.00296
-0.00257
-0.00237
-0.00198
-0.00257
-0.00218
-0.00237
-0.00237
-0.00179
-0.00218
-0.00198
-0.00179
-0.00139
-0.00198
-0.00237
-0.00237
-0.00179
-0.00276
-0.00257
-0.00237
-0.00237
-0.00237
-0.00237
-0.00198
-0.00159
-0.00218
-0.00237
-0.00257
-0.00257
-0.00237
-0.00257
-0.00237
-0.00257
-0.00218
-0.00218
-0.00257
-0.00257
-0.00257
-0.00276
-0.00257
-0.00218
-0.00276
-0.00296
-0.00315
-0.00276
-0.00276
-0.00296
-0.00296
-0.00315
-0.00315
-0.00335
-0.00315
-0.00296
-0.00276
-0.00315
-0.00276
-0.00296
-0.00296
-0.00237
-0.00296
-0.00276
-0.00315
-0.00296
-0.00296
-0.00257
-0.00257
-0.00276
-0.00237
-0.00257
-0.00257
-0.00276
-0.00296
-0.00296
-0.00257
-0.00296
-0.00276
-0.00257
-0.00296
-0.00257
-0.00296
-0.00257
-0.00276
-0.00276
-0.00276
-0.00276
-0.00276
-0.00257
-0.00257
-0.00237
-0.00276
-0.00276
-0.00296
-0.00296
-0.00296
-0.00257
-0.00257
-0.00257
-0.00296
-0.00315
-0.00276
-0.00315
-0.00276
-0.00296
-0.00296
-0.00315
-0.00296
-0.00315
-0.00315
-0.00315
-0.00257
-0.00276
-0.00335
-0.00296
-0.00354
-0.00335
-0.00296
-0.00315
-0.00296
-0.00354
-0.00276
-0.00354
-0.00354
-0.00354
-0.00354
-0.00315
-0.00315
-0.00276
-0.00276
-0.00276
-0.00296
-0.00276
-0.00276
-0.00296
-0.00315
-0.00296
-0.00296
-0.00296
-0.00335
-0.00315
-0.00315
-0.00237
-0.00257
-0.00276
-0.00296
-0.00296
-0.00257
-0.00257
-0.00218
-0.00257
-0.00276
-0.00276
-0.00296
-0.00218
-0.00257
-0.00257
-0.00237
-0.00257
-0.00257
-0.00257
-0.00257
-0.00257
-0.00276
-0.00296
-0.00257
-0.00276
-0.00276
-0.00276
-0.00296
-0.00237
-0.00257
-0.00296
-0.00237
-0.00276
-0.00276
-0.00276
-0.00276
-0.00257
-0.00237
-0.00257
-0.00257
-0.00257
-0.00257
-0.00276
-0.00296
-0.00257
-0.00257
-0.00198
-0.00257
-0.00237
-0.00237
-0.00296
-0.00276
-0.00296
-0.00315
-0.00315
-0.00315
-0.00296
-0.00315
-0.00315
-0.00354
-0.00335
-0.00315
-0.00335
-0.00315
-0.00374
-0.00354
-0.00315
-0.00354
-0.00335
-0.00335
-0.00315
-0.00276
-0.00315
-0.00296
-0.00374
-0.00296
-0.00354
-0.00276
-0.00276
-0.00315
-0.00257
-0.00296
-0.00296
-0.00296
-0.00257
-0.00296
-0.00296
-0.00257
-0.00296
-0.00296
-0.00315
-0.00296
-0.00276
-0.00315
-0.00296
-0.00257
-0.00276
-0.00237
-0.00257
-0.00315
-0.00296
-0.00276
-0.00315
-0.00276
-0.00296
-0.00276
-0.00276
-0.00296
-0.00296
-0.00315
-0.00315
-0.00315
-0.00276
-0.00296
-0.00315
-0.00276
-0.00335
-0.00257
-0.00296
-0.00315
-0.00315
-0.00354
-0.00315
-0.00315
-0.00335
-0.00315
-0.00315
-0.00315
-0.00315
-0.00335
-0.00335
-0.00354
-0.00354
-0.00354
-0.00335
-0.00335
-0.00374
-0.00374
-0.00374
-0.00354
-0.00276
-0.00315
-0.00257
-0.00296
-0.00257
-0.00276
-0.00257
-0.00257
-0.00276
-0.00257
-0.00276
-0.00276
-0.00257
-0.00276
-0.00257
-0.00296
-0.00237
-0.00257
-0.00257
-0.00237
-0.00237
-0.00237
-0.00257
-0.00218
-0.00296
-0.00257
-0.00257
-0.00257
-0.00296
-0.00276
-0.00315
-0.00257
-0.00257
-0.00237
-0.00257
-0.00237
-0.00257
-0.00218
-0.00276
-0.00296
-0.00296
-0.00257
-0.00315
-0.00315
-0.00296
-0.00257
-0.00296
-0.00276
-0.00315
-0.00296
-0.00315
-0.00315
-0.00315
-0.00296
-0.00335
-0.00335
-0.00315
-0.00315
-0.00296
-0.00315
-0.00354
-0.00296
-0.00335
-0.00354
-0.00335
-0.00296
-0.00335
-0.00315
-0.00354
-0.00393
-0.00413
-0.00354
-0.00354
-0.00354
-0.00413
-0.00393
-0.00413
-0.00393
-0.00471
-0.00413
-0.00432
-0.00432
-0.00413
-0.00413
-0.00393
-0.00393
-0.00393
-0.00374
-0.00393
-0.00354
-0.00335
-0.00374
-0.00354
-0.00393
-0.00335
-0.00354
-0.00315
-0.00276
-0.00296
-0.00315
-0.00315
-0.00296
-0.00315
-0.00335
-0.00296
-0.00296
-0.00296
-0.00296
-0.00315
-0.00315
-0.00276
-0.00257
-0.00218
-0.00237
-0.00296
-0.00276
-0.00276
-0.00237
-0.00237
-0.00198
-0.00237
-0.00257
-0.00237
-0.00198
