-9.400002880000E-02

-0.00218
-0.00218
-0.00237
-0.00257
-0.00257
-0.00237
-0.00257
-0.00237
-0.00237
-0.00257
-0.00179
-0.00237
-0.00198
-0.00218
-0.00198
-0.00237
-0.00218
-0.00218
-0.00218
-0.00179
-0.00218
-0.00198
-0.00218
-0.00237
-0.00237
-0.00218
-0.00198
-0.00237
-0.00237
-0.00276
-0.00237
-0.00237
-0.00276
-0.00218
-0.00218
-0.00257
-0.00296
-0.00276
-0.00296
-0.00257
-0.00296
-0.00296
-0.00276
-0.00257
-0.00257
-0.00296
-0.00296
-0.00276
-0.00296
-0.00296
-0.00296
-0.00276
-0.00276
-0.00276
-0.00315
-0.00315
-0.00315
-0.00315
-0.00296
-0.00335
-0.00354
-0.00315
-0.00335
-0.00354
-0.00315
-0.00257
-0.00296
-0.00335
-0.00335
-0.00296
-0.00257
-0.00237
-0.00257
-0.00237
-0.00198
-0.00237
-0.00276
-0.00315
-0.00257
-0.00218
-0.00237
-0.00218
-0.00257
-0.00257
-0.00257
-0.00257
-0.00276
-0.00237
-0.00276
-0.00257
-0.00218
-0.00237
-0.00257
-0.00257
-0.00237
-0.00218
-0.00237
-0.00237
-0.00218
-0.00237
-0.00237
-0.00276
-0.00237
-0.00276
-0.00237
-0.00276
-0.00257
-0.00276
-0.00257
-0.00257
-0.00257
-0.00257
-0.00218
-0.00218
-0.00198
-0.00198
-0.00237
-0.00218
-0.00198
-0.00237
-0.00179
-0.00198
-0.00159
-0.00159
-0.00198
-0.00198
-0.00159
-0.00237
-0.00198
-0.00139
-0.00179
-0.00198
-0.00179
-0.00179
-0.00198
-0.00257
-0.00257
-0.00237
-0.00198
-0.00218
-0.00257
-0.00257
-0.00218
-0.00237
-0.00218
-0.00159
-0.00198
-0.00139
-0.00198
-0.00237
-0.00237
-0.00198
-0.00218
-0.00218
-0.00218
-0.00218
-0.00237
-0.00276
-0.00276
-0.00237
-0.00276
-0.00218
-0.00179
-0.00237
-0.00257
-0.00257
-0.00276
-0.00315
-0.00315
-0.00257
-0.00296
-0.00257
-0.00335
-0.00296
-0.00237
-0.00257
-0.00296
-0.00237
-0.00257
-0.00276
-0.00276
-0.00276
-0.00276
-0.00257
-0.00257
-0.00276
-0.00276
-0.00296
-0.00296
-0.00257
-0.00237
-0.00218
-0.00237
-0.00218
-0.00198
-0.00237
-0.00237
-0.00218
-0.00198
-0.00237
-0.00198
-0.00159
-0.00139
-0.00022
0.00056
0.00173
0.0029
0.00368
0.00486
0.00583
0.007
0.00876
0.01032
0.01208
0.01364
0.0156
0.01736
0.0195
0.02204
0.02458
0.02732
0.02927
0.032
0.03454
0.03786
0.04255
0.04626
0.05095
0.05525
0.06032
0.06443
0.0695
0.07302
0.07732
0.08044
0.08415
0.0865
0.08923
0.09118
0.09353
0.09568
0.09724
0.099
0.10017
0.10075
0.10232
0.10251
0.10368
0.10349
0.10407
0.10447
0.10427
0.10447
0.10427
0.10486
0.10427
0.10349
0.10329
0.10232
0.10212
0.10036
0.10017
0.09919
0.09841
0.09704
0.09665
0.09587
0.09529
0.09431
0.09314
0.09216
0.09138
0.0904
0.08962
0.08904
0.08786
0.08708
0.0863
0.08513
0.08396
0.08357
0.0822
0.08142
0.08005
0.07946
0.07868
0.07751
0.07673
0.07517
0.07517
0.07361
0.07282
0.07204
0.07087
0.0695
0.06872
0.06833
0.06755
0.06638
0.0656
0.06521
0.06443
0.06364
0.06325
0.06208
0.06111
0.06052
0.05974
0.05896
0.05857
0.05779
0.05661
0.05583
0.05525
0.05446
0.05368
0.0529
0.05212
0.05134
0.05075
0.04997
0.04978
0.04919
0.04841
0.04821
0.04763
0.04724
0.04646
0.04607
0.04529
0.04509
0.0447
0.04392
0.04353
0.04333
0.04255
0.04157
0.04099
0.04079
0.04021
0.03943
0.03943
0.03904
0.03845
0.03825
0.03767
0.03708
0.0365
0.03611
0.03571
0.03532
0.03493
0.03435
0.03415
0.03357
0.03298
0.03239
0.0322
0.03161
0.03161
0.03044
0.02986
0.03005
0.02946
0.02927
0.0281
0.02849
0.02751
0.02751
0.02673
0.02634
0.02595
0.02575
0.02556
0.02517
0.02458
0.02439
0.02419
0.02439
0.02439
0.024
0.02361
0.02302
0.02282
0.02282
0.02263
0.02282
0.02204
0.02165
0.02185
0.02126
0.02126
0.02087
0.02126
0.02068
0.02029
0.02009
0.0195
0.0197
0.01931
0.01911
0.01911
0.01892
0.01892
0.01814
0.01775
0.01736
0.01716
0.01696
0.01696
0.01696
0.01657
0.01657
0.01618
0.0154
0.01521
0.01501
0.01482
0.01462
0.01462
0.01443
0.01443
0.01423
0.01384
0.01364
0.01306
0.01325
0.01306
0.01286
0.01247
0.01228
0.01247
0.01189
0.01228
0.01208
0.01208
0.01189
0.01189
0.01169
0.01111
0.0113
0.01111
0.01091
0.01052
0.01032
0.00993
0.01052
0.01032
0.01013
0.00974
0.00915
0.00915
0.00915
0.00915
0.00935
0.00915
0.00915
0.00935
0.00896
0.00857
0.00818
0.00857
0.00798
0.00779
0.00739
0.00798
0.00759
0.00739
0.0072
0.00642
0.007
0.00642
0.00622
0.00642
0.00661
0.00642
0.00622
0.00603
0.00583
0.00603
0.00564
0.00583
0.00603
0.00603
0.00564
0.00583
0.00544
0.00564
0.00525
0.00564
0.00544
0.00564
0.00486
0.00564
0.00505
0.00505
0.00486
0.00486
0.00466
0.00466
0.00466
0.00446
0.00427
0.00427
0.00388
0.00388
0.00349
0.00388
0.00368
0.00349
0.00388
0.00329
0.00407
0.00368
0.00368
0.00329
0.0029
0.0029
0.0029
0.00271
0.0029
0.0031
0.00251
0.00232
0.0029
0.0031
0.00251
0.00251
0.00251
0.00251
0.00212
0.00232
0.00212
0.00193
0.00173
0.00232
0.00251
0.00173
0.00232
0.00173
0.00193
0.00154
0.00154
0.00154
0.00173
0.00193
0.00173
0.00193
0.00173
0.00173
0.00173
0.00193
0.00134
0.00193
0.00134
0.00114
0.00095
0.00114
0.00095
0.00095
0.00095
0.00075
0.00075
0.00095
0.00075
0.00017
0.00095
0.00036
0.00075
-3e-05
0.00036
0.00017
-3e-05
0.00056
0.00036
0.00017
-3e-05
0.00056
-0.00042
-0.00022
-0.00061
-0.00022
0.00036
-0.00022
0.00017
0.00056
0.00036
0.00036
0.00017
-3e-05
0.00036
0.00075
-3e-05
-3e-05
0.00017
-3e-05
-3e-05
0.00017
-3e-05
-3e-05
-0.00042
-0.00022
-0.00022
-0.00022
-0.00042
-3e-05
-0.00042
0.00017
-3e-05
-0.00042
-0.00061
-0.00081
-0.00061
-0.00061
-0.00022
-0.00022
-0.00061
-0.00061
-0.00022
0.00017
-0.00042
-0.00061
-0.00022
-0.00061
-0.00042
-0.00022
-0.00061
-0.00022
-0.00022
-0.00042
-0.00061
-0.00081
-0.00061
-0.001
-0.00081
-0.001
-0.001
-0.001
-0.0012
-0.001
-0.00081
-0.001
-0.001
-0.001
-0.00081
-0.00042
-0.00061
-0.00042
-0.001
-0.001
-0.001
-0.00081
-0.0012
-0.001
-0.00061
-0.00081
-0.001
-0.0012
-0.00139
-0.001
-0.001
-0.00159
-0.0012
-0.00159
-0.0012
-0.00179
-0.0012
-0.00139
-0.0012
-0.00198
-0.00139
-0.00159
-0.00139
-0.00139
-0.00179
-0.00159
-0.00179
-0.00139
-0.00139
-0.00139
-0.001
-0.00179
-0.00159
-0.00179
-0.00218
-0.00198
-0.00198
-0.00139
-0.00179
-0.00179
-0.0012
-0.00179
-0.00179
-0.00159
-0.0012
-0.001
-0.00159
-0.00081
-0.00081
-0.00081
-0.001
-0.00139
-0.0012
-0.00159
-0.00139
-0.00159
-0.00139
-0.00159
-0.00179
-0.00159
-0.00139
-0.00159
-0.00198
-0.00198
-0.00179
-0.00198
-0.00218
-0.00218
-0.00179
-0.00179
-0.00179
-0.00198
-0.00179
-0.00139
-0.00159
-0.00237
-0.00276
-0.00198
-0.00237
-0.00237
-0.00276
-0.00218
-0.00257
-0.00257
-0.00257
-0.00237
-0.00296
-0.00276
-0.00296
-0.00218
-0.00257
-0.00218
-0.00276
-0.00237
-0.00237
-0.00257
-0.00218
-0.00237
-0.00257
-0.00276
-0.00218
-0.00218
-0.00179
-0.00179
-0.00179
-0.00218
-0.00237
-0.00218
-0.00257
-0.00257
-0.00218
-0.00237
-0.00257
-0.00218
-0.00237
-0.00257
-0.00237
-0.00237
-0.00237
-0.00218
-0.00218
-0.00218
-0.00198
-0.00198
-0.00198
-0.00218
-0.00237
-0.00198
-0.00218
-0.00179
-0.00237
-0.00257
-0.00218
-0.00198
-0.00237
-0.00179
-0.00218
-0.00237
-0.00237
-0.00257
-0.00179
-0.00237
-0.00276
-0.00257
-0.00276
-0.00296
-0.00257
-0.00257
-0.00198
-0.00159
-0.00159
-0.00159
-0.00198
-0.00159
-0.00159
-0.00179
-0.00159
-0.00179
-0.00179
-0.00179
-0.00198
-0.00218
-0.00198
-0.00218
-0.00198
-0.00237
-0.00179
-0.00198
-0.00179
-0.00218
-0.00198
-0.00179
-0.00198
-0.00159
-0.00218
-0.00198
-0.00257
-0.00237
-0.00237
-0.00257
-0.00237
-0.00257
-0.00237
-0.00257
-0.00276
-0.00257
-0.00257
-0.00257
-0.00237
-0.00257
-0.00218
-0.00257
-0.00276
-0.00218
-0.00276
-0.00257
-0.00237
-0.00257
-0.00237
-0.00218
-0.00179
-0.00198
-0.00179
-0.00198
-0.00198
-0.00198
-0.00198
-0.00179
-0.00198
-0.00159
-0.00218
-0.00179
-0.00139
-0.00159
-0.00159
-0.00139
-0.00159
-0.00179
-0.00159
-0.00159
-0.00139
-0.00218
-0.00179
-0.00179
-0.00198
-0.00237
-0.00179
-0.00198
-0.00218
-0.00237
-0.00218
-0.00237
-0.00257
-0.00218
-0.00257
-0.00257
-0.00218
-0.00257
-0.00257
-0.00296
-0.00237
-0.00257
-0.00257
-0.00257
-0.00276
-0.00276
-0.00276
-0.00276
-0.00315
-0.00296
-0.00296
-0.00296
-0.00296
-0.00296
-0.00296
-0.00257
-0.00315
-0.00237
-0.00296
-0.00276
-0.00257
-0.00276
-0.00276
-0.00276
-0.00276
-0.00335
-0.00315
-0.00335
-0.00296
-0.00276
-0.00276
-0.00257
-0.00276
-0.00276
-0.00257
-0.00257
-0.00237
-0.00237
-0.00237
-0.00237
-0.00276
-0.00257
-0.00198
-0.00218
-0.00276
-0.00237
-0.00237
-0.00257
-0.00276
-0.00218
-0.00237
-0.00257
-0.00237
-0.00276
-0.00276
-0.00218
-0.00276
-0.00237
-0.00296
-0.00257
-0.00237
-0.00257
-0.00237
-0.00237
-0.00237
-0.00218
-0.00237
-0.00198
-0.00218
-0.00198
-0.00237
-0.00198
-0.00237
-0.00237
-0.00257
-0.00179
-0.00198
-0.00218
-0.00198
-0.00198
-0.00218
-0.00237
-0.00276
-0.00296
-0.00257
-0.00276
-0.00276
-0.00218
-0.00296
-0.00257
-0.00257
-0.00257
-0.00237
-0.00296
-0.00315
-0.00296
-0.00335
-0.00315
-0.00296
-0.00276
-0.00257
-0.00315
-0.00315
-0.00315
-0.00315
-0.00276
-0.00315
-0.00296
-0.00276
-0.00315
-0.00335
-0.00296
-0.00296
-0.00276
-0.00276
-0.00276
-0.00276
-0.00315
-0.00296
-0.00276
-0.00296
-0.00237
-0.00237
-0.00218
-0.00276
-0.00237
-0.00257
-0.00257
-0.00257
-0.00237
-0.00218
-0.00218
-0.00237
-0.00237
-0.00237
-0.00218
-0.00179
-0.00198
-0.00198
-0.00237
-0.00218
-0.00237
-0.00237
-0.00257
-0.00218
-0.00296
-0.00276
-0.00257
-0.00257
-0.00218
-0.00296
-0.00237
-0.00315
-0.00315
-0.00296
-0.00276
-0.00276
-0.00315
-0.00276
-0.00315
-0.00296
-0.00296
-0.00296
-0.00315
-0.00354
-0.00296
-0.00296
-0.00276
-0.00296
-0.00335
-0.00276
-0.00296
-0.00276
-0.00315
-0.00296
-0.00257
-0.00257
-0.00237
-0.00276
-0.00276
-0.00257
-0.00257
-0.00257
-0.00218
-0.00296
-0.00237
-0.00276
-0.00237
-0.00237
-0.00237
-0.00257
-0.00237
-0.00237
-0.00276
-0.00257
-0.00257
-0.00276
-0.00257
-0.00276
-0.00257
-0.00296
-0.00257
-0.00257
-0.00257
-0.00198
-0.00257
-0.00218
-0.00257
-0.00218
-0.00257
-0.00335
-0.00257
-0.00257
-0.00237
-0.00257
-0.00257
-0.00257
-0.00296
-0.00315
-0.00276
-0.00276
-0.00276
-0.00276
-0.00276
-0.00218
-0.00179
-0.00218
-0.00218
-0.00237
-0.00276
-0.00257
-0.00237
-0.00237
-0.00257
-0.00315
-0.00237
-0.00335
-0.00257
-0.00237
-0.00276
-0.00257
-0.00237
-0.00296
-0.00257
-0.00276
-0.00276
-0.00276
-0.00257
-0.00315
-0.00296
-0.00315
-0.00296
-0.00335
-0.00315
-0.00296
-0.00315
-0.00315
-0.00354
-0.00315
-0.00276
-0.00296
-0.00276
-0.00276
-0.00237
-0.00296
-0.00315
-0.00315
-0.00276
-0.00276
-0.00257
-0.00296
-0.00218
-0.00198
-0.00257
-0.00237
-0.00257
-0.00257
-0.00218
-0.00276
-0.00198
-0.00257
-0.00237
-0.00237
-0.00257
-0.00257
-0.00237
-0.00218
-0.00218
-0.00218
-0.00237
-0.00296
-0.00257
-0.00276
-0.00237
-0.00218
-0.00218
-0.00237
-0.00257
-0.00276
-0.00257
-0.00237
-0.00218
-0.00276
-0.00237
-0.00257
-0.00296
-0.00296
-0.00276
-0.00276
-0.00257
