-9.370002624000E-01

-0.00296
-0.00276
-0.00276
-0.00276
-0.00257
-0.00315
-0.00296
-0.00257
-0.00315
-0.00276
-0.00296
-0.00257
-0.00296
-0.00296
-0.00257
-0.00296
-0.00257
-0.00296
-0.00276
-0.00335
-0.00296
-0.00296
-0.00276
-0.00296
-0.00276
-0.00276
-0.00296
-0.00335
-0.00354
-0.00276
-0.00315
-0.00315
-0.00354
-0.00354
-0.00335
-0.00335
-0.00335
-0.00335
-0.00296
-0.00335
-0.00296
-0.00296
-0.00296
-0.00296
-0.00335
-0.00257
-0.00276
-0.00315
-0.00315
-0.00335
-0.00296
-0.00315
-0.00335
-0.00335
-0.00315
-0.00335
-0.00315
-0.00315
-0.00315
-0.00296
-0.00315
-0.00257
-0.00257
-0.00218
-0.00198
-0.00218
-0.00218
-0.00237
-0.00237
-0.00257
-0.00179
-0.00237
-0.00237
-0.00237
-0.00179
-0.00179
-0.00198
-0.00237
-0.00218
-0.00198
-0.00198
-0.00257
-0.00218
-0.00179
-0.00218
-0.00218
-0.00198
-0.00179
-0.00237
-0.00198
-0.00159
-0.00179
-0.00198
-0.00139
-0.00159
-0.00179
-0.00179
-0.00179
-0.00179
-0.00179
-0.00218
-0.00139
-0.00198
-0.00257
-0.00296
-0.00257
-0.00198
-0.00218
-0.00218
-0.00218
-0.00218
-0.00179
-0.00237
-0.00218
-0.00237
-0.00198
-0.00218
-0.00218
-0.00159
-0.00237
-0.00257
-0.00237
-0.00179
-0.00218
-0.00159
-0.00218
-0.00218
-0.00257
-0.00296
-0.00237
-0.00218
-0.00276
-0.00257
-0.00257
-0.00257
-0.00276
-0.00276
-0.00257
-0.00276
-0.00237
-0.00218
-0.00218
-0.00218
-0.00257
-0.00237
-0.00218
-0.00218
-0.00276
-0.00237
-0.00257
-0.00257
-0.00198
-0.00276
-0.00296
-0.00296
-0.00296
-0.00335
-0.00315
-0.00354
-0.00335
-0.00335
-0.00335
-0.00296
-0.00315
-0.00257
-0.00296
-0.00257
-0.00276
-0.00296
-0.00257
-0.00237
-0.00237
-0.00276
-0.00179
-0.00218
-0.00237
-0.00276
-0.00276
-0.00276
-0.00257
-0.00218
-0.00237
-0.0012
-3e-05
0.00056
0.00193
0.0031
0.00388
0.00525
0.00661
0.0072
0.00876
0.00993
0.0115
0.01345
0.01501
0.01618
0.01775
0.0197
0.02107
0.02263
0.02361
0.02497
0.02595
0.02771
0.02849
0.02907
0.02966
0.03025
0.03142
0.03181
0.0322
0.03239
0.03279
0.03376
0.03493
0.03708
0.03904
0.04099
0.04372
0.04607
0.04841
0.05056
0.05232
0.05368
0.05583
0.0572
0.05876
0.05993
0.06091
0.06247
0.06384
0.06521
0.06755
0.06872
0.07068
0.07204
0.07341
0.07439
0.07575
0.07634
0.07751
0.0781
0.07907
0.07927
0.08083
0.08142
0.08318
0.08474
0.08611
0.08708
0.08825
0.08884
0.08943
0.09021
0.0906
0.0904
0.09079
0.0906
0.09099
0.0906
0.09001
0.09021
0.08982
0.08962
0.08904
0.08864
0.08864
0.08767
0.08767
0.08689
0.0863
0.08532
0.08493
0.08396
0.08337
0.08259
0.08181
0.08181
0.08083
0.07986
0.07888
0.0779
0.07732
0.07634
0.07536
0.074
0.07302
0.07243
0.07146
0.07068
0.06989
0.0695
0.06853
0.06755
0.06716
0.06638
0.0654
0.06443
0.06364
0.06345
0.06267
0.06189
0.06032
0.06013
0.05915
0.05876
0.05779
0.05681
0.05681
0.05603
0.05525
0.05427
0.05368
0.0529
0.05212
0.05154
0.05075
0.05036
0.04939
0.049
0.04861
0.04802
0.04724
0.04665
0.04587
0.04587
0.04548
0.04509
0.04431
0.04372
0.04333
0.04275
0.04255
0.04118
0.04118
0.0406
0.04021
0.03923
0.03904
0.03845
0.03825
0.03767
0.03747
0.03708
0.03611
0.03591
0.03532
0.03513
0.03474
0.03435
0.03415
0.03318
0.03259
0.03181
0.03161
0.03122
0.03083
0.03044
0.02986
0.02946
0.02946
0.02849
0.02829
0.02771
0.02771
0.02712
0.02693
0.02614
0.02634
0.02575
0.02536
0.02497
0.02497
0.02478
0.02439
0.02439
0.0238
0.02361
0.02302
0.02302
0.02282
0.02263
0.02185
0.02185
0.02146
0.02185
0.02165
0.02146
0.02068
0.02048
0.01989
0.01989
0.01989
0.01931
0.01931
0.01892
0.01892
0.01911
0.01833
0.01814
0.01794
0.01755
0.01794
0.01716
0.01736
0.01696
0.01677
0.01657
0.01638
0.01638
0.01599
0.0156
0.01579
0.01521
0.0156
0.01482
0.01482
0.01443
0.01423
0.01423
0.01384
0.01423
0.01364
0.01325
0.01306
0.01306
0.01286
0.01286
0.01228
0.01247
0.01208
0.01228
0.01189
0.01189
0.0113
0.0113
0.01111
0.01111
0.01111
0.01091
0.01071
0.01052
0.01013
0.01013
0.01013
0.00993
0.00954
0.00993
0.00935
0.00954
0.00896
0.00974
0.00935
0.00896
0.00935
0.00915
0.00896
0.00876
0.00857
0.00818
0.00818
0.00798
0.00837
0.00759
0.00779
0.00779
0.00759
0.00759
0.0072
0.007
0.00661
0.00642
0.00603
0.00622
0.00583
0.00583
0.00603
0.00583
0.00622
0.00583
0.00564
0.00525
0.00564
0.00544
0.00544
0.00544
0.00525
0.00466
0.00505
0.00505
0.00466
0.00446
0.00446
0.00407
0.00407
0.00407
0.00407
0.00446
0.00407
0.00427
0.00407
0.00446
0.00407
0.00368
0.00388
0.00329
0.00349
0.0031
0.00349
0.00329
0.00329
0.00251
0.0029
0.0031
0.0031
0.0031
0.00271
0.00212
0.00251
0.00232
0.00232
0.00232
0.00251
0.00193
0.00212
0.00173
0.00193
0.00134
0.00173
0.00193
0.00154
0.00134
0.00134
0.00134
0.00154
0.00154
0.00134
0.00154
0.00173
0.00173
0.00193
0.00154
0.00114
0.00173
0.00134
0.00154
0.00134
0.00134
0.00154
0.00095
0.00154
0.00134
0.00154
0.00154
0.00154
0.00173
0.00154
0.00154
0.00114
0.00114
0.00075
0.00173
0.00114
0.00095
0.00095
0.00114
0.00056
0.00095
0.00075
0.00075
0.00056
0.00017
0.00036
0.00017
0.00075
0.00036
0.00036
-3e-05
0.00036
0.00036
0.00036
0.00017
0.00036
-3e-05
-0.00042
-0.00042
-0.00022
-3e-05
-3e-05
-0.00022
-0.00061
-0.00042
-0.00042
-0.00042
-0.00022
-3e-05
-0.00042
-0.00081
-0.00061
-0.00042
-0.001
-0.00042
-0.00022
-3e-05
-0.00022
-0.00081
-0.001
-0.00061
-0.00042
-0.00081
-0.00081
-0.00061
-0.00061
-0.00022
-0.00042
-0.00081
-0.001
-0.00061
-0.00061
-0.00081
-0.00081
-0.001
-0.00081
-0.00061
-0.001
-0.00022
-0.00042
-0.00022
-0.00081
-0.00081
-0.00061
-0.00061
-0.00081
-0.00061
-0.00061
-0.00042
-0.00081
-0.00061
-0.00042
-0.00061
-0.00081
-0.00081
-0.00081
-0.00061
-0.00081
-0.00042
-0.00061
-0.00061
-0.00042
-0.00061
-0.00042
-0.0012
-0.00081
-0.00061
-0.001
-0.001
-0.00139
-0.00159
-0.001
-0.00159
-0.00179
-0.00139
-0.00139
-0.00139
-0.0012
-0.00179
-0.00159
-0.00218
-0.00159
-0.00198
-0.00198
-0.00237
-0.00218
-0.00218
-0.00179
-0.00218
-0.00218
-0.00218
-0.00218
-0.00198
-0.00237
-0.00218
-0.00237
-0.00218
-0.00257
-0.00218
-0.00257
-0.00237
-0.00218
-0.00198
-0.00198
-0.00218
-0.00257
-0.00198
-0.00218
-0.00237
-0.00237
-0.00237
-0.00257
-0.00198
-0.00179
-0.00198
-0.00159
-0.00198
-0.00179
-0.00198
-0.00218
-0.00159
-0.00159
-0.00179
-0.00159
-0.00159
-0.00179
-0.0012
-0.00198
-0.00159
-0.00139
-0.00198
-0.00159
-0.00237
-0.00198
-0.00179
-0.00218
-0.00218
-0.00198
-0.00218
-0.00237
-0.00198
-0.00237
-0.00237
-0.00237
-0.00276
-0.00276
-0.00276
-0.00257
-0.00237
-0.00276
-0.00276
-0.00257
-0.00296
-0.00237
-0.00276
-0.00257
-0.00296
-0.00257
-0.00296
-0.00257
-0.00257
-0.00198
-0.00296
-0.00276
-0.00276
-0.00257
-0.00276
-0.00257
-0.00276
-0.00237
-0.00257
-0.00237
-0.00257
-0.00218
-0.00218
-0.00218
-0.00179
-0.00179
-0.00218
-0.00159
-0.00257
-0.00218
-0.00257
-0.00218
-0.00179
-0.00179
-0.00198
-0.00179
-0.00257
-0.00218
-0.00257
-0.00237
-0.00218
-0.00218
-0.00237
-0.00237
-0.00257
-0.00218
-0.00257
-0.00257
-0.00296
-0.00198
-0.00257
-0.00237
-0.00257
-0.00257
-0.00296
-0.00218
-0.00276
-0.00179
-0.00257
-0.00237
-0.00237
-0.00257
-0.00237
-0.00218
-0.00257
-0.00257
-0.00198
-0.00218
-0.00179
-0.00218
-0.00218
-0.00218
-0.00159
-0.00198
-0.00198
-0.00179
-0.00257
-0.00237
-0.00237
-0.00179
-0.00218
-0.00237
-0.00218
-0.00276
-0.00237
-0.00218
-0.00257
-0.00257
-0.00296
-0.00257
-0.00315
-0.00296
-0.00237
-0.00315
-0.00276
-0.00296
-0.00257
-0.00296
-0.00257
-0.00218
-0.00237
-0.00257
-0.00237
-0.00296
-0.00276
-0.00218
-0.00257
-0.00237
-0.00276
-0.00237
-0.00257
-0.00276
-0.00276
-0.00237
-0.00257
-0.00257
-0.00237
-0.00198
-0.00179
-0.00179
-0.00179
-0.00198
-0.00218
-0.00198
-0.00218
-0.00159
-0.00198
-0.00179
-0.00198
-0.00198
-0.00276
-0.00179
-0.00257
-0.00198
-0.00257
-0.00257
-0.00237
-0.00218
-0.00218
-0.00276
-0.00315
-0.00296
-0.00296
-0.00276
-0.00276
-0.00296
-0.00296
-0.00315
-0.00276
-0.00257
-0.00237
-0.00276
-0.00257
-0.00276
-0.00296
-0.00257
-0.00276
-0.00276
-0.00257
-0.00237
-0.00257
-0.00296
-0.00315
-0.00296
-0.00276
-0.00276
-0.00296
-0.00276
-0.00335
-0.00296
-0.00296
-0.00276
-0.00315
-0.00257
-0.00237
-0.00257
-0.00257
-0.00257
-0.00257
-0.00237
-0.00296
-0.00276
-0.00276
-0.00276
-0.00257
-0.00237
-0.00276
-0.00257
-0.00315
-0.00296
-0.00296
-0.00276
-0.00276
-0.00296
-0.00296
-0.00276
-0.00276
-0.00315
-0.00257
-0.00237
-0.00257
-0.00198
-0.00257
-0.00276
-0.00257
-0.00257
-0.00237
-0.00257
-0.00276
-0.00257
-0.00296
-0.00218
-0.00237
-0.00257
-0.00276
-0.00237
-0.00198
-0.00237
-0.00218
-0.00257
-0.00237
-0.00257
-0.00257
-0.00257
-0.00276
-0.00276
-0.00237
-0.00237
-0.00218
-0.00257
-0.00218
-0.00218
-0.00257
-0.00218
-0.00296
-0.00257
-0.00237
-0.00237
-0.00315
-0.00276
-0.00276
-0.00276
-0.00218
-0.00257
-0.00276
-0.00296
-0.00276
-0.00237
-0.00296
-0.00237
-0.00315
-0.00315
-0.00296
-0.00296
-0.00257
-0.00276
-0.00315
-0.00257
-0.00257
-0.00296
-0.00296
-0.00296
-0.00315
-0.00237
-0.00296
-0.00276
-0.00335
-0.00296
-0.00354
-0.00276
-0.00335
-0.00296
-0.00315
-0.00276
-0.00237
-0.00218
-0.00237
-0.00257
-0.00237
-0.00257
-0.00237
-0.00296
-0.00296
-0.00315
-0.00276
-0.00315
-0.00315
-0.00276
-0.00315
-0.00257
-0.00237
-0.00276
-0.00296
-0.00276
-0.00257
-0.00237
-0.00296
-0.00315
-0.00315
-0.00296
-0.00276
-0.00296
-0.00315
-0.00315
-0.00296
-0.00335
-0.00276
-0.00276
-0.00315
-0.00374
-0.00335
-0.00335
-0.00315
-0.00276
-0.00296
-0.00276
-0.00257
-0.00296
-0.00335
-0.00335
-0.00374
-0.00335
-0.00315
-0.00296
-0.00296
-0.00276
-0.00296
-0.00374
-0.00354
-0.00315
-0.00296
-0.00296
-0.00276
-0.00296
-0.00296
-0.00276
-0.00276
-0.00276
-0.00276
-0.00276
-0.00257
-0.00276
-0.00257
-0.00257
-0.00276
-0.00237
-0.00276
-0.00257
-0.00257
-0.00296
-0.00276
-0.00276
-0.00296
-0.00296
-0.00276
-0.00335
-0.00315
-0.00354
-0.00296
-0.00315
-0.00335
-0.00296
-0.00315
-0.00296
-0.00315
-0.00315
-0.00315
-0.00296
-0.00276
-0.00296
-0.00276
-0.00257
-0.00257
-0.00315
-0.00296
-0.00276
-0.00315
-0.00218
-0.00237
-0.00296
-0.00335
-0.00276
-0.00276
-0.00237
-0.00257
-0.00315
-0.00315
-0.00276
-0.00296
-0.00354
-0.00257
-0.00315
-0.00296
-0.00315
-0.00296
-0.00315
-0.00296
-0.00276
-0.00296
-0.00257
-0.00296
-0.00276
-0.00237
-0.00276
-0.00315
-0.00296
-0.00335
-0.00296
-0.00354
-0.00315
-0.00354
-0.00315
-0.00315
-0.00354
-0.00335
-0.00315
-0.00354
-0.00335
-0.00296
-0.00335
-0.00296
-0.00354
-0.00296
-0.00315
-0.00276
-0.00296
-0.00296
-0.00276
-0.00276
-0.00335
-0.00276
-0.00257
-0.00276
-0.00276
-0.00315
-0.00237
-0.00257
-0.00257
-0.00296
-0.00257
-0.00315
-0.00257
-0.00257
-0.00296
-0.00335
-0.00296
-0.00296
-0.00315
-0.00296
-0.00315
-0.00296
-0.00276
-0.00276
-0.00276
-0.00296
-0.00296
-0.00335
-0.00296
-0.00315
-0.00315
