-1.904000534400E+00

-0.00276
-0.00296
-0.00257
-0.00296
-0.00257
-0.00315
-0.00257
-0.00276
-0.00257
-0.00237
-0.00276
-0.00257
-0.00276
-0.00296
-0.00257
-0.00296
-0.00237
-0.00257
-0.00257
-0.00257
-0.00237
-0.00198
-0.00218
-0.00198
-0.00237
-0.00179
-0.00218
-0.00218
-0.00179
-0.00237
-0.00198
-0.00198
-0.00179
-0.00237
-0.00218
-0.00237
-0.00237
-0.00237
-0.00237
-0.00218
-0.00218
-0.00198
-0.00179
-0.00218
-0.00218
-0.00218
-0.00198
-0.00237
-0.00198
-0.00237
-0.00237
-0.00237
-0.00237
-0.00257
-0.00218
-0.00237
-0.00257
-0.00257
-0.00276
-0.00237
-0.00257
-0.00257
-0.00296
-0.00257
-0.00257
-0.00237
-0.00257
-0.00218
-0.00276
-0.00315
-0.00296
-0.00276
-0.00276
-0.00276
-0.00257
-0.00296
-0.00257
-0.00237
-0.00257
-0.00257
-0.00257
-0.00218
-0.00218
-0.00315
-0.00257
-0.00276
-0.00276
-0.00237
-0.00198
-0.00296
-0.00257
-0.00276
-0.00276
-0.00257
-0.00237
-0.00237
-0.00237
-0.00276
-0.00257
-0.00218
-0.00257
-0.00218
-0.00237
-0.00237
-0.00179
-0.00218
-0.00198
-0.00237
-0.00237
-0.00257
-0.00257
-0.00257
-0.00198
-0.00257
-0.00237
-0.00257
-0.00198
-0.00257
-0.00237
-0.00276
-0.00257
-0.00257
-0.00218
-0.00198
-0.00237
-0.00237
-0.00198
-0.00257
-0.00257
-0.00276
-0.00296
-0.00257
-0.00237
-0.00276
-0.00218
-0.00218
-0.00257
-0.00296
-0.00296
-0.00257
-0.00315
-0.00354
-0.00296
-0.00296
-0.00276
-0.00296
-0.00276
-0.00315
-0.00257
-0.00296
-0.00296
-0.00276
-0.00257
-0.00257
-0.00218
-0.00237
-0.00237
-0.00257
-0.00257
-0.00257
-0.00257
-0.00237
-0.00257
-0.00276
-0.00257
-0.00237
-0.00218
-0.00218
-0.00276
-0.00257
-0.00237
-0.00218
-0.00218
-0.00237
-0.00198
-0.00198
-0.00198
-0.00218
-0.00179
-0.00198
-0.00198
-0.00218
-0.00218
-0.00159
-0.001
-3e-05
0.00134
0.00271
0.00329
0.00446
0.00564
0.00622
0.0072
0.00818
0.00974
0.01013
0.0113
0.01169
0.01228
0.01247
0.01325
0.01325
0.01384
0.01423
0.01462
0.01501
0.0154
0.01501
0.01521
0.01599
0.01677
0.01736
0.01833
0.01911
0.02029
0.02087
0.02263
0.02321
0.02458
0.02614
0.02771
0.02986
0.03161
0.03435
0.03689
0.0404
0.04392
0.04743
0.05095
0.05427
0.05739
0.06032
0.06325
0.0654
0.06833
0.0697
0.07185
0.07361
0.07517
0.07634
0.07771
0.07888
0.08025
0.08103
0.08239
0.08318
0.08318
0.08396
0.08454
0.08454
0.08571
0.08591
0.08571
0.08591
0.08532
0.08493
0.08474
0.08474
0.08396
0.08376
0.08298
0.08259
0.08161
0.08103
0.08044
0.07986
0.07946
0.07868
0.0779
0.07712
0.07673
0.07595
0.07536
0.07419
0.07321
0.07302
0.07224
0.07165
0.07126
0.07009
0.0697
0.06853
0.06794
0.06755
0.06638
0.06599
0.0654
0.06443
0.06364
0.06247
0.06189
0.06111
0.06052
0.05954
0.05876
0.05759
0.05739
0.05622
0.05564
0.05486
0.05427
0.05368
0.05271
0.05173
0.05075
0.05017
0.04997
0.04958
0.04821
0.04724
0.04685
0.04626
0.04548
0.04489
0.0445
0.04411
0.04314
0.04294
0.04236
0.04157
0.04157
0.0404
0.04001
0.03943
0.03904
0.03845
0.03825
0.03728
0.03728
0.03708
0.03669
0.0365
0.03611
0.03591
0.03513
0.03493
0.03415
0.03415
0.03454
0.03357
0.03376
0.03318
0.03279
0.03259
0.03181
0.03103
0.03044
0.03025
0.02966
0.02927
0.02888
0.02868
0.02849
0.0279
0.02751
0.02712
0.02693
0.02634
0.02614
0.02595
0.02536
0.02458
0.02517
0.02419
0.0238
0.02341
0.02321
0.02282
0.02224
0.02146
0.02165
0.02126
0.02048
0.02029
0.02029
0.0195
0.01989
0.0197
0.01911
0.01931
0.01892
0.01892
0.01892
0.01794
0.01814
0.01814
0.01794
0.01755
0.01736
0.01736
0.01755
0.01696
0.01696
0.01677
0.01677
0.01599
0.01579
0.01579
0.0154
0.01579
0.01501
0.01521
0.01443
0.01423
0.01423
0.01423
0.01404
0.01443
0.01364
0.01345
0.01345
0.01345
0.01306
0.01306
0.01247
0.01247
0.01247
0.01189
0.01208
0.01169
0.01169
0.01052
0.01052
0.01071
0.01071
0.01032
0.01071
0.01052
0.01032
0.00974
0.00974
0.00993
0.00993
0.00974
0.01013
0.00974
0.01013
0.00935
0.00954
0.00935
0.00954
0.00915
0.00915
0.00915
0.00876
0.00857
0.00857
0.00779
0.00798
0.0072
0.00759
0.00739
0.00739
0.007
0.00661
0.00661
0.00622
0.00603
0.00603
0.00603
0.00583
0.00544
0.00564
0.00564
0.00564
0.00564
0.00525
0.00505
0.00544
0.00486
0.00505
0.00525
0.00466
0.00486
0.00446
0.00446
0.00446
0.00407
0.00407
0.00407
0.00466
0.00427
0.00486
0.00466
0.00466
0.00427
0.00427
0.00427
0.00407
0.00407
0.00407
0.00427
0.00407
0.00446
0.00427
0.00427
0.00446
0.00446
0.00427
0.00427
0.00427
0.00388
0.00388
0.00349
0.00349
0.00349
0.00329
0.00329
0.00329
0.0029
0.00271
0.00271
0.00271
0.00232
0.00271
0.00212
0.00232
0.00232
0.00193
0.00193
0.00193
0.00173
0.00193
0.00173
0.00193
0.00173
0.00114
0.00134
0.00114
0.00075
0.00056
0.00075
0.00095
0.00056
0.00056
0.00075
0.00114
0.00036
0.00075
0.00134
0.00114
0.00075
0.00134
0.00134
0.00154
0.00154
0.00154
0.00154
0.00075
0.00134
0.00154
0.00154
0.00154
0.00095
0.00075
0.00154
0.00095
0.00114
0.00114
0.00095
0.00075
0.00095
0.00095
0.00075
0.00075
0.00095
0.00095
0.00154
0.00114
0.00095
0.00036
0.00056
0.00017
0.00036
0.00056
0.00095
-3e-05
-3e-05
-3e-05
0.00017
-3e-05
-0.00022
-3e-05
0.00036
0.00017
-0.00022
-0.00042
-0.00042
0.00017
-0.00022
-3e-05
-0.00042
0.00017
-0.00022
0.00017
-3e-05
-3e-05
-3e-05
-3e-05
-0.00042
-0.00061
-0.00022
-3e-05
-0.00022
-0.00022
-0.00042
-0.001
-0.00061
-0.0012
-0.0012
-0.00081
-0.0012
-0.001
-0.0012
-0.0012
-0.0012
-0.00139
-0.00139
-0.00159
-0.0012
-0.001
-0.0012
-0.00179
-0.00179
-0.00139
-0.00159
-0.001
-0.0012
-0.00081
-0.001
-0.0012
-0.001
-0.001
-0.0012
-0.00139
-0.00139
-0.00139
-0.0012
-0.0012
-0.0012
-0.00139
-0.0012
-0.001
-0.00061
-0.001
-0.00061
-0.00081
-0.00081
-0.00081
-0.00061
-0.00022
-3e-05
-0.00022
-3e-05
-0.00042
-0.00061
-0.00061
-0.00139
-0.001
-0.00159
-0.00159
-0.0012
-0.0012
-0.00139
-0.00139
-0.001
-0.0012
-0.00159
-0.00159
-0.00159
-0.00218
-0.00139
-0.00139
-0.00159
-0.00159
-0.00139
-0.00159
-0.00179
-0.0012
-0.00179
-0.00159
-0.00257
-0.00218
-0.00139
-0.0012
-0.00179
-0.00198
-0.00237
-0.00237
-0.00198
-0.00179
-0.00139
-0.001
-0.00159
-0.00139
-0.00218
-0.00159
-0.00159
-0.00198
-0.00179
-0.00179
-0.0012
-0.0012
-0.0012
-0.0012
-0.00159
-0.001
-0.00159
-0.00139
-0.00139
-0.00159
-0.00179
-0.00159
-0.00198
-0.00179
-0.00179
-0.00198
-0.00237
-0.00198
-0.00179
-0.00179
-0.00198
-0.00159
-0.00179
-0.00198
-0.00218
-0.00198
-0.00159
-0.00139
-0.00179
-0.00139
-0.00159
-0.00179
-0.00179
-0.00198
-0.00218
-0.00198
-0.00237
-0.00218
-0.00218
-0.00218
-0.00237
-0.00198
-0.00218
-0.00237
-0.00218
-0.00218
-0.00159
-0.00179
-0.00218
-0.00237
-0.00218
-0.00159
-0.00159
-0.00198
-0.00218
-0.00198
-0.00218
-0.00257
-0.00237
-0.00198
-0.00237
-0.00218
-0.00276
-0.00237
-0.00296
-0.00257
-0.00218
-0.00198
-0.00218
-0.00179
-0.00218
-0.00237
-0.00218
-0.00198
-0.00198
-0.00198
-0.00218
-0.00198
-0.00179
-0.00218
-0.00198
-0.00218
-0.00218
-0.00237
-0.00218
-0.00218
-0.00218
-0.00218
-0.00198
-0.00218
-0.00179
-0.00198
-0.00198
-0.00198
-0.00159
-0.00179
-0.00198
-0.00198
-0.00159
-0.00179
-0.00179
-0.0012
-0.00179
-0.00179
-0.00139
-0.00159
-0.00139
-0.00198
-0.00159
-0.00139
-0.00139
-0.00139
-0.00159
-0.00198
-0.00179
-0.00218
-0.00159
-0.00198
-0.00198
-0.00237
-0.00237
-0.00237
-0.00198
-0.00198
-0.00237
-0.00218
-0.00198
-0.00237
-0.00237
-0.00237
-0.00218
-0.00237
-0.00237
-0.00237
-0.00237
-0.00218
-0.00218
-0.00257
-0.00237
-0.00237
-0.00257
-0.00237
-0.00218
-0.00257
-0.00276
-0.00257
-0.00237
-0.00218
-0.00218
-0.00218
-0.00218
-0.00179
-0.00257
-0.00218
-0.00257
-0.00237
-0.00237
-0.00198
-0.00198
-0.00179
-0.00218
-0.00237
-0.00218
-0.00257
-0.00276
-0.00198
-0.00257
-0.00237
-0.00237
-0.00218
-0.00198
-0.00198
-0.00218
-0.00218
-0.00198
-0.00198
-0.00257
-0.00218
-0.00237
-0.00218
-0.00237
-0.00179
-0.00198
-0.00179
-0.00218
-0.00218
-0.00237
-0.00179
-0.00276
-0.00218
-0.00237
-0.00198
-0.00237
-0.00218
-0.00218
-0.00198
-0.00218
-0.00257
-0.00257
-0.00237
-0.00237
-0.00218
-0.00218
-0.00198
-0.00198
-0.00198
-0.00198
-0.00198
-0.00179
-0.00218
-0.00198
-0.00218
-0.00198
-0.00198
-0.00179
-0.00179
-0.00218
-0.00257
-0.00198
-0.00218
-0.00237
-0.00218
-0.00237
-0.00257
-0.00237
-0.00257
-0.00296
-0.00257
-0.00237
-0.00257
-0.00257
-0.00296
-0.00237
-0.00257
-0.00237
-0.00237
-0.00276
-0.00296
-0.00276
-0.00257
-0.00218
-0.00218
-0.00198
-0.00257
-0.00276
-0.00237
-0.00296
-0.00237
-0.00296
-0.00237
-0.00237
-0.00237
-0.00237
-0.00237
-0.00237
-0.00257
-0.00218
-0.00257
-0.00237
-0.00179
-0.00218
-0.00218
-0.00218
-0.00257
-0.00257
-0.00276
-0.00296
-0.00257
-0.00335
-0.00315
-0.00296
-0.00315
-0.00296
-0.00315
-0.00257
-0.00257
-0.00296
-0.00315
-0.00315
-0.00335
-0.00335
-0.00315
-0.00296
-0.00296
-0.00296
-0.00335
-0.00335
-0.00296
-0.00315
-0.00296
-0.00296
-0.00296
-0.00257
-0.00237
-0.00315
-0.00296
-0.00315
-0.00335
-0.00276
-0.00335
-0.00335
-0.00276
-0.00296
-0.00276
-0.00315
-0.00257
-0.00257
-0.00237
-0.00296
-0.00257
-0.00296
-0.00237
-0.00257
-0.00257
-0.00276
-0.00257
-0.00296
-0.00276
-0.00276
-0.00257
-0.00237
-0.00218
-0.00179
-0.00218
-0.00237
-0.00218
-0.00257
-0.00237
-0.00276
-0.00257
-0.00237
-0.00237
-0.00237
-0.00218
-0.00237
-0.00257
-0.00257
-0.00296
-0.00296
-0.00296
-0.00276
-0.00237
-0.00276
-0.00296
-0.00257
-0.00276
-0.00257
-0.00257
-0.00296
-0.00257
-0.00257
-0.00218
-0.00276
-0.00276
-0.00257
-0.00257
-0.00198
-0.00198
-0.00218
-0.00237
-0.00237
-0.00237
-0.00257
-0.00257
-0.00296
-0.00257
-0.00237
-0.00198
-0.00237
-0.00218
-0.00179
-0.00218
-0.00218
-0.00237
-0.00257
-0.00257
-0.00296
-0.00257
-0.00257
-0.00218
-0.00257
-0.00276
-0.00257
-0.00257
-0.00257
-0.00296
-0.00276
-0.00257
-0.00296
-0.00296
-0.00315
-0.00296
-0.00257
-0.00315
-0.00335
-0.00315
-0.00276
-0.00276
-0.00315
-0.00315
-0.00296
-0.00315
-0.00257
-0.00296
-0.00296
-0.00276
-0.00276
-0.00257
-0.00237
-0.00257
-0.00276
-0.00257
-0.00296
-0.00257
-0.00237
-0.00257
-0.00257
-0.00276
-0.00296
-0.00237
-0.00237
-0.00237
-0.00218
-0.00198
-0.00218
-0.00237
-0.00218
-0.00257
-0.00198
-0.00218
-0.00198
-0.00179
-0.00159
-0.00198
-0.00159
-0.00179
-0.00198
-0.00198
-0.00218
-0.00276
-0.00276
-0.00257
-0.00237
-0.00257
-0.00296
-0.00257
-0.00198
-0.00237
-0.00276
-0.00257
-0.00218
-0.00257
-0.00237
-0.00237
-0.00257
-0.00237
-0.00237
-0.00218
-0.00257
-0.00237
-0.00296
-0.00276
-0.00276
-0.00257
-0.00296
-0.00218
-0.00237
-0.00237
-0.00218
-0.00218
-0.00237
-0.00257
-0.00276
-0.00276
-0.00237
-0.00257
-0.00296
-0.00276
-0.00276
-0.00296
-0.00257
-0.00237
-0.00218
-0.00257
-0.00237
-0.00237
-0.00257
-0.00296
-0.00257
-0.00257
-0.00276
-0.00257
-0.00257
-0.00296
-0.00237
-0.00276
-0.00276
-0.00296
-0.00296
