-7.100002240000E-02

-0.00296
-0.00257
-0.00315
-0.00257
-0.00296
-0.00315
-0.00296
-0.00315
-0.00296
-0.00315
-0.00296
-0.00335
-0.00374
-0.00374
-0.00296
-0.00354
-0.00354
-0.00296
-0.00354
-0.00354
-0.00335
-0.00296
-0.00315
-0.00315
-0.00335
-0.00276
-0.00276
-0.00237
-0.00257
-0.00237
-0.00276
-0.00237
-0.00237
-0.00218
-0.00198
-0.00296
-0.00315
-0.00296
-0.00257
-0.00237
-0.00276
-0.00218
-0.00218
-0.00237
-0.00257
-0.00237
-0.00237
-0.00237
-0.00315
-0.00257
-0.00257
-0.00296
-0.00296
-0.00296
-0.00276
-0.00276
-0.00296
-0.00335
-0.00315
-0.00276
-0.00315
-0.00335
-0.00296
-0.00335
-0.00354
-0.00276
-0.00296
-0.00315
-0.00315
-0.00315
-0.00276
-0.00257
-0.00257
-0.00315
-0.00296
-0.00276
-0.00237
-0.00218
-0.00237
-0.00257
-0.00237
-0.00257
-0.00354
-0.00257
-0.00315
-0.00296
-0.00315
-0.00315
-0.00296
-0.00315
-0.00315
-0.00257
-0.00296
-0.00276
-0.00296
-0.00237
-0.00296
-0.00257
-0.00296
-0.00315
-0.00315
-0.00335
-0.00296
-0.00257
-0.00296
-0.00257
-0.00257
-0.00237
-0.00257
-0.00276
-0.00276
-0.00276
-0.00276
-0.00276
-0.00257
-0.00237
-0.00276
-0.00296
-0.00276
-0.00315
-0.00276
-0.00237
-0.00257
-0.00237
-0.00257
-0.00276
-0.00257
-0.00237
-0.00257
-0.00296
-0.00296
-0.00296
-0.00315
-0.00296
-0.00296
-0.00296
-0.00315
-0.00296
-0.00296
-0.00315
-0.00296
-0.00335
-0.00315
-0.00315
-0.00276
-0.00296
-0.00296
-0.00257
-0.00257
-0.00276
-0.00237
-0.00257
-0.00276
-0.00257
-0.00315
-0.00296
-0.00315
-0.00296
-0.00276
-0.00296
-0.00276
-0.00276
-0.00335
-0.00335
-0.00315
-0.00315
-0.00335
-0.00354
-0.00315
-0.00315
-0.00393
-0.00374
-0.00335
-0.00354
-0.00315
-0.00296
-0.00296
-0.00315
-0.00335
-0.00315
-0.00315
-0.00354
-0.00296
-0.00335
-0.00315
-0.00315
-0.00374
-0.00335
-0.00335
-0.00354
-0.00276
-0.00296
-0.00276
-0.00257
-0.00315
-0.00315
-0.00296
-0.00237
-0.00198
-0.00159
-0.00081
0.00056
0.00251
0.00486
0.00661
0.00857
0.01091
0.01404
0.01677
0.01989
0.02243
0.02536
0.0279
0.03064
0.03298
0.03493
0.03689
0.03904
0.04118
0.04353
0.04548
0.04802
0.05056
0.05251
0.05505
0.05681
0.05818
0.05954
0.06091
0.06189
0.06325
0.06384
0.06423
0.0654
0.06579
0.06618
0.06638
0.06677
0.06736
0.06775
0.06716
0.06696
0.06677
0.06716
0.06677
0.06657
0.06579
0.06579
0.06521
0.06521
0.06443
0.06404
0.06345
0.06286
0.06286
0.06247
0.0615
0.06091
0.05993
0.05974
0.05876
0.05818
0.05759
0.05681
0.05622
0.05564
0.05466
0.05368
0.0531
0.05251
0.05173
0.05173
0.05056
0.04997
0.04958
0.04919
0.04821
0.04782
0.04724
0.04685
0.04646
0.04587
0.04509
0.0447
0.04411
0.04333
0.04314
0.04255
0.04196
0.04138
0.04099
0.0404
0.03982
0.03982
0.03845
0.03845
0.03767
0.03728
0.03708
0.03669
0.0365
0.03591
0.03611
0.03513
0.03493
0.03435
0.03396
0.03337
0.03279
0.0322
0.032
0.03122
0.03064
0.02966
0.02966
0.02927
0.02888
0.0281
0.0279
0.02771
0.02693
0.02712
0.02673
0.02614
0.02614
0.02634
0.02517
0.02517
0.02439
0.02439
0.02439
0.02361
0.02321
0.02321
0.02282
0.02243
0.02224
0.02204
0.02165
0.02165
0.02087
0.02107
0.02087
0.02068
0.02048
0.02009
0.02029
0.02009
0.01989
0.01931
0.0195
0.01872
0.01833
0.01833
0.01775
0.01775
0.01716
0.01716
0.01677
0.01677
0.01677
0.01638
0.01599
0.01599
0.01521
0.01462
0.01501
0.01482
0.01482
0.01462
0.01404
0.01423
0.01345
0.01345
0.01306
0.01267
0.01325
0.01267
0.01228
0.01228
0.01228
0.01189
0.01189
0.0115
0.0113
0.0115
0.01169
0.0115
0.01071
0.01052
0.01071
0.01013
0.01032
0.01032
0.01013
0.00993
0.00954
0.00935
0.00896
0.00876
0.00876
0.00876
0.00837
0.00876
0.00857
0.00798
0.00779
0.00798
0.00739
0.00759
0.00798
0.00798
0.00779
0.00739
0.00759
0.00779
0.00739
0.00779
0.0072
0.0072
0.00642
0.007
0.007
0.00661
0.00661
0.00642
0.00661
0.00642
0.00603
0.00603
0.00622
0.00603
0.00603
0.00583
0.00583
0.00544
0.00583
0.00564
0.00603
0.00583
0.00564
0.00564
0.00564
0.00564
0.00525
0.00505
0.00466
0.00466
0.00486
0.00466
0.00407
0.00466
0.00388
0.00427
0.00388
0.00427
0.00388
0.00407
0.00388
0.00368
0.00388
0.00349
0.0031
0.00329
0.00329
0.00349
0.0031
0.0029
0.0031
0.0029
0.0031
0.00251
0.00232
0.00193
0.00212
0.00193
0.00173
0.00154
0.00134
0.00154
0.00173
0.00212
0.00212
0.00134
0.00134
0.00134
0.00134
0.00193
0.00193
0.00173
0.00193
0.00154
0.00193
0.00134
0.00154
0.00212
0.00154
0.00154
0.00134
0.00154
0.00134
0.00114
0.00134
0.00114
0.00114
0.00095
0.00114
0.00114
0.00095
0.00075
0.00095
0.00114
0.00075
0.00114
0.00114
0.00154
0.00114
0.00075
0.00114
0.00056
0.00075
0.00075
0.00056
0.00056
-3e-05
-0.00022
-0.00022
-3e-05
-0.00042
-3e-05
-3e-05
-0.00042
-0.00022
-0.00022
-0.00081
-0.00081
-0.00081
-0.00022
-0.00042
0.00017
0.00036
-0.00042
-0.00061
-0.00042
-0.00022
-3e-05
-0.00022
-0.00081
-0.001
-0.001
-0.001
-0.00139
-0.00139
-0.0012
-0.0012
-0.0012
-0.0012
-0.00139
-0.0012
-0.00139
-0.00159
-0.0012
-0.0012
-0.001
-0.0012
-0.001
-0.001
-0.001
-0.00139
-0.0012
-0.00061
-0.00061
-0.00139
-0.00081
-0.0012
-0.00139
-0.0012
-0.0012
-0.00179
-0.00139
-0.00139
-0.00159
-0.00159
-0.00139
-0.001
-0.00159
-0.0012
-0.00139
-0.0012
-0.0012
-0.00081
-0.00061
-0.00081
-0.00081
-0.001
-0.00081
-0.00081
-0.00081
-0.0012
-0.001
-0.00139
-0.001
-0.00139
-0.00179
-0.00179
-0.00198
-0.00179
-0.00139
-0.00159
-0.00159
-0.00198
-0.0012
-0.00198
-0.00179
-0.00159
-0.00179
-0.00179
-0.00218
-0.00198
-0.00159
-0.00179
-0.00198
-0.00198
-0.00218
-0.00179
-0.00179
-0.00276
-0.00198
-0.00198
-0.00198
-0.00198
-0.00257
-0.00237
-0.00257
-0.00276
-0.00257
-0.00276
-0.00218
-0.00198
-0.00198
-0.00237
-0.00218
-0.00218
-0.00237
-0.00237
-0.00179
-0.00179
-0.00159
-0.00179
-0.00179
-0.00139
-0.00139
-0.00179
-0.00198
-0.00218
-0.00237
-0.00218
-0.00198
-0.00198
-0.00198
-0.00198
-0.00179
-0.00159
-0.00179
-0.00159
-0.00179
-0.00159
-0.00179
-0.00159
-0.00159
-0.0012
-0.0012
-0.00159
-0.00139
-0.00179
-0.00198
-0.00257
-0.00198
-0.00198
-0.00218
-0.00237
-0.00257
-0.00198
-0.00179
-0.00257
-0.00257
-0.00257
-0.00276
-0.00296
-0.00237
-0.00257
-0.00257
-0.00237
-0.00198
-0.00257
-0.00257
-0.00296
-0.00237
-0.00276
-0.00237
-0.00257
-0.00276
-0.00276
-0.00257
-0.00296
-0.00354
-0.00315
-0.00315
-0.00315
-0.00296
-0.00296
-0.00257
-0.00276
-0.00257
-0.00257
-0.00296
-0.00315
-0.00276
-0.00257
-0.00276
-0.00237
-0.00237
-0.00218
-0.00218
-0.00237
-0.00218
-0.00237
-0.00257
-0.00257
-0.00237
-0.00257
-0.00257
-0.00257
-0.00237
-0.00257
-0.00257
-0.00276
-0.00218
-0.00257
-0.00237
-0.00276
-0.00296
-0.00237
-0.00257
-0.00276
-0.00257
-0.00276
-0.00296
-0.00315
-0.00276
-0.00335
-0.00237
-0.00276
-0.00276
-0.00315
-0.00335
-0.00335
-0.00335
-0.00296
-0.00296
-0.00276
-0.00296
-0.00257
-0.00257
-0.00276
-0.00296
-0.00218
-0.00237
-0.00276
-0.00218
-0.00257
-0.00237
-0.00276
-0.00237
-0.00237
-0.00218
-0.00257
-0.00257
-0.00218
-0.00237
-0.00276
-0.00276
-0.00296
-0.00296
-0.00218
-0.00237
-0.00276
-0.00276
-0.00276
-0.00276
-0.00276
-0.00296
-0.00354
-0.00315
-0.00315
-0.00335
-0.00354
-0.00315
-0.00335
-0.00335
-0.00296
-0.00354
-0.00354
-0.00315
-0.00335
-0.00315
-0.00257
-0.00335
-0.00296
-0.00276
-0.00257
-0.00237
-0.00276
-0.00257
-0.00257
-0.00237
-0.00218
-0.00198
-0.00198
-0.00198
-0.00237
-0.00237
-0.00179
-0.00198
-0.00218
-0.00198
-0.00179
-0.00218
-0.00198
-0.00218
-0.00237
-0.00218
-0.00237
-0.00257
-0.00315
-0.00296
-0.00335
-0.00315
-0.00276
-0.00315
-0.00335
-0.00315
-0.00335
-0.00335
-0.00413
-0.00354
-0.00335
-0.00374
-0.00315
-0.00354
-0.00374
-0.00354
-0.00315
-0.00296
-0.00296
-0.00335
-0.00335
-0.00335
-0.00296
-0.00296
-0.00296
-0.00276
-0.00257
-0.00218
-0.00257
-0.00198
-0.00237
-0.00237
-0.00237
-0.00218
-0.00237
-0.00237
-0.00257
-0.00276
-0.00237
-0.00296
-0.00257
-0.00257
-0.00296
-0.00296
-0.00276
-0.00257
-0.00257
-0.00257
-0.00296
-0.00315
-0.00276
-0.00257
-0.00296
-0.00296
-0.00257
-0.00296
-0.00296
-0.00315
-0.00315
-0.00296
-0.00296
-0.00257
-0.00315
-0.00237
-0.00315
-0.00276
-0.00198
-0.00218
-0.00315
-0.00257
-0.00257
-0.00237
-0.00237
-0.00257
-0.00257
-0.00237
-0.00237
-0.00198
-0.00276
-0.00218
-0.00237
-0.00198
-0.00198
-0.00237
-0.00179
-0.00218
-0.00237
-0.00179
-0.00237
-0.00218
-0.00237
-0.00237
-0.00276
-0.00218
-0.00257
-0.00237
-0.00276
-0.00218
-0.00198
-0.00237
-0.00257
-0.00237
-0.00257
-0.00257
-0.00296
-0.00276
-0.00335
-0.00296
-0.00276
-0.00296
-0.00296
-0.00257
-0.00257
-0.00257
-0.00237
-0.00237
-0.00237
-0.00257
-0.00237
-0.00237
-0.00237
-0.00257
-0.00237
-0.00179
-0.00218
-0.00218
-0.00218
-0.00198
-0.00179
-0.00179
-0.00198
-0.00257
-0.00237
-0.00257
-0.00257
-0.00276
-0.00276
-0.00218
-0.00257
-0.00257
-0.00296
-0.00335
-0.00257
-0.00257
-0.00296
-0.00276
-0.00315
-0.00296
-0.00315
-0.00276
-0.00276
-0.00257
-0.00296
-0.00257
-0.00296
-0.00276
-0.00276
-0.00257
-0.00315
-0.00296
-0.00335
-0.00276
-0.00276
-0.00335
-0.00335
-0.00296
-0.00257
-0.00315
-0.00296
-0.00276
-0.00257
-0.00237
-0.00257
-0.00276
-0.00296
-0.00257
-0.00237
-0.00237
-0.00296
-0.00257
-0.00237
-0.00257
-0.00296
-0.00257
-0.00315
-0.00315
-0.00315
-0.00315
-0.00374
-0.00315
-0.00315
-0.00315
-0.00315
-0.00296
-0.00315
-0.00315
-0.00296
-0.00315
-0.00315
-0.00276
-0.00276
-0.00257
-0.00276
-0.00257
-0.00237
-0.00179
-0.00257
-0.00218
-0.00237
-0.00237
-0.00218
-0.00237
-0.00237
-0.00257
-0.00257
-0.00257
-0.00237
-0.00257
-0.00296
-0.00257
-0.00276
-0.00237
-0.00276
-0.00276
-0.00276
-0.00296
-0.00276
-0.00315
-0.00296
-0.00315
-0.00315
-0.00335
-0.00315
-0.00315
-0.00296
-0.00335
-0.00315
-0.00296
-0.00296
-0.00354
-0.00354
-0.00296
-0.00296
-0.00296
-0.00315
-0.00315
-0.00335
-0.00354
-0.00335
-0.00335
-0.00315
-0.00335
-0.00315
-0.00276
-0.00315
-0.00315
-0.00315
-0.00296
-0.00296
-0.00335
-0.00354
-0.00335
-0.00315
-0.00335
-0.00315
-0.00354
-0.00374
-0.00354
-0.00354
-0.00354
-0.00354
-0.00315
-0.00374
-0.00374
-0.00374
-0.00374
-0.00393
-0.00374
-0.00374
-0.00354
-0.00413
-0.00393
-0.00354
-0.00413
-0.00354
-0.00354
-0.00354
-0.00354
-0.00354
-0.00354
-0.00296
-0.00335
-0.00296
-0.00296
-0.00315
-0.00237
-0.00296
-0.00315
-0.00296
-0.00257
-0.00276
-0.00257
-0.00257
-0.00237
-0.00237
-0.00179
-0.00218
-0.00237
-0.00237
-0.00257
-0.00218
-0.00218
-0.00237
-0.00257
-0.00257
-0.00276
-0.00237
-0.00237
-0.00257
-0.00276
-0.00276
-0.00296
-0.00276
-0.00315
-0.00374
-0.00335
-0.00276
-0.00257
-0.00296
-0.00296
-0.00296
-0.00276
-0.00335
-0.00296
-0.00296
-0.00315
-0.00315
-0.00276
-0.00276
-0.00276
-0.00354
-0.00335
-0.00335
-0.00335
-0.00315
-0.00276
-0.00276
-0.00315
-0.00296
-0.00354
-0.00335
-0.00315
-0.00296
-0.00276
-0.00335
-0.00354
-0.00354
-0.00296
-0.00315
-0.00315
-0.00276
-0.00335
-0.00296
-0.00354
