-8.900002496000E-01

-0.00257
-0.00296
-0.00257
-0.00296
-0.00276
-0.00315
-0.00315
-0.00296
-0.00276
-0.00296
-0.00237
-0.00335
-0.00276
-0.00296
-0.00237
-0.00276
-0.00257
-0.00276
-0.00257
-0.00257
-0.00315
-0.00257
-0.00257
-0.00257
-0.00276
-0.00276
-0.00276
-0.00276
-0.00296
-0.00257
-0.00257
-0.00276
-0.00257
-0.00218
-0.00276
-0.00296
-0.00296
-0.00296
-0.00257
-0.00296
-0.00315
-0.00276
-0.00335
-0.00335
-0.00296
-0.00296
-0.00315
-0.00315
-0.00296
-0.00276
-0.00335
-0.00315
-0.00296
-0.00296
-0.00335
-0.00315
-0.00354
-0.00335
-0.00296
-0.00296
-0.00276
-0.00276
-0.00296
-0.00315
-0.00315
-0.00335
-0.00335
-0.00335
-0.00315
-0.00257
-0.00237
-0.00296
-0.00296
-0.00276
-0.00276
-0.00276
-0.00237
-0.00237
-0.00218
-0.00257
-0.00237
-0.00257
-0.00257
-0.00257
-0.00257
-0.00257
-0.00237
-0.00257
-0.00257
-0.00237
-0.00276
-0.00237
-0.00257
-0.00257
-0.00218
-0.00257
-0.00257
-0.00315
-0.00257
-0.00296
-0.00296
-0.00296
-0.00276
-0.00315
-0.00276
-0.00296
-0.00276
-0.00335
-0.00276
-0.00315
-0.00276
-0.00296
-0.00315
-0.00296
-0.00296
-0.00257
-0.00276
-0.00315
-0.00276
-0.00354
-0.00296
-0.00276
-0.00296
-0.00335
-0.00315
-0.00315
-0.00296
-0.00315
-0.00296
-0.00296
-0.00296
-0.00237
-0.00257
-0.00237
-0.00237
-0.00218
-0.00257
-0.00237
-0.00257
-0.00237
-0.00257
-0.00257
-0.00237
-0.00237
-0.00296
-0.00276
-0.00296
-0.00237
-0.00276
-0.00237
-0.00198
-0.00198
-0.00276
-0.00257
-0.00257
-0.00218
-0.00237
-0.00257
-0.00276
-0.00257
-0.00276
-0.00237
-0.00296
-0.00296
-0.00296
-0.00257
-0.00296
-0.00276
-0.00257
-0.00218
-0.00237
-0.00237
-0.00198
-0.00198
-0.00218
-0.00237
-0.00218
-0.00179
-0.00159
-0.00218
-0.00179
-0.00218
-0.00218
-0.00237
-0.00237
-0.00218
-0.00218
-0.00218
-0.00218
-0.00257
-0.00276
-0.00276
-0.00296
-0.00237
-0.00257
-0.00257
-0.00276
-0.00315
-0.00276
-0.00296
-0.00296
-0.00296
-0.00276
-0.00257
-0.00296
-0.00296
-0.00237
-0.00296
-0.00276
-0.00276
-0.00315
-0.00315
-0.00315
-0.00257
-0.00159
0.00017
0.00154
0.00407
0.00603
0.00954
0.01345
0.01638
0.01892
0.02204
0.02536
0.02829
0.03083
0.03239
0.03532
0.03708
0.03884
0.04118
0.04255
0.0445
0.04704
0.04919
0.05134
0.05271
0.05466
0.05681
0.05876
0.06071
0.06169
0.06306
0.06404
0.06521
0.06599
0.06657
0.06716
0.06755
0.06814
0.06872
0.0695
0.0697
0.0697
0.06931
0.0697
0.0695
0.06931
0.06833
0.06833
0.06814
0.06775
0.06755
0.06736
0.06716
0.06599
0.0654
0.06521
0.06482
0.06423
0.06325
0.06247
0.06228
0.0615
0.06091
0.06032
0.05954
0.05896
0.05857
0.05837
0.05739
0.05681
0.05622
0.05505
0.05427
0.05446
0.05349
0.05251
0.05193
0.05114
0.05075
0.05017
0.04939
0.049
0.04782
0.04724
0.04665
0.04607
0.04548
0.04548
0.0445
0.04372
0.04333
0.04294
0.04216
0.04177
0.04157
0.04079
0.0404
0.03982
0.03962
0.03845
0.03845
0.03806
0.03767
0.03747
0.0365
0.0363
0.03571
0.03532
0.03474
0.03454
0.03415
0.03376
0.03298
0.03239
0.032
0.03161
0.03161
0.03083
0.03025
0.03025
0.02966
0.02946
0.02868
0.02829
0.02849
0.0279
0.02732
0.02673
0.02595
0.02634
0.02634
0.02575
0.02536
0.02517
0.02478
0.02458
0.02419
0.0238
0.02302
0.02263
0.02243
0.02224
0.02185
0.02146
0.02126
0.02087
0.02068
0.02009
0.01989
0.02009
0.01989
0.0195
0.01892
0.01911
0.01853
0.01833
0.01814
0.01814
0.01794
0.01775
0.01736
0.01716
0.01696
0.01657
0.01638
0.01638
0.0156
0.0154
0.01521
0.01521
0.01482
0.01501
0.01482
0.01482
0.01443
0.01384
0.01404
0.01384
0.01364
0.01364
0.01306
0.01286
0.01306
0.01267
0.01286
0.01228
0.01247
0.01228
0.01189
0.01228
0.0113
0.01111
0.0115
0.01111
0.01091
0.01032
0.01052
0.01052
0.00993
0.01032
0.00954
0.00974
0.00935
0.00954
0.00915
0.00896
0.00876
0.00857
0.00857
0.00818
0.00837
0.00818
0.00818
0.00818
0.00818
0.00857
0.00798
0.00798
0.00779
0.00739
0.0072
0.0072
0.00681
0.00681
0.00759
0.0072
0.00622
0.00642
0.00661
0.00661
0.00642
0.00661
0.00622
0.00642
0.00622
0.00661
0.00661
0.00622
0.00603
0.00583
0.00603
0.00642
0.00583
0.00564
0.00564
0.00583
0.00525
0.00583
0.00505
0.00486
0.00466
0.00466
0.00446
0.00505
0.00427
0.00407
0.00407
0.00407
0.00407
0.00368
0.00407
0.00368
0.00329
0.00368
0.00368
0.00349
0.00329
0.00329
0.00329
0.00329
0.00329
0.00329
0.00329
0.00368
0.0029
0.00329
0.00329
0.00329
0.0031
0.00349
0.0031
0.00271
0.0031
0.00271
0.0029
0.0029
0.00271
0.00271
0.0029
0.00232
0.00212
0.00193
0.00212
0.00193
0.00154
0.00173
0.00173
0.00173
0.00193
0.00154
0.00173
0.00154
0.00095
0.00134
0.00095
0.00114
0.00095
0.00056
0.00056
0.00075
0.00056
0.00114
0.00056
0.00056
0.00056
0.00075
0.00056
0.00036
0.00036
0.00095
0.00075
0.00075
0.00075
0.00075
0.00114
0.00075
0.00095
0.00114
0.00095
0.00114
0.00075
0.00095
0.00095
0.00075
0.00056
0.00036
0.00017
0.00036
0.00017
0.00036
0.00036
0.00036
0.00036
-3e-05
0.00017
0.00017
0.00017
0.00017
-3e-05
0.00017
0.00056
-3e-05
-3e-05
-0.00042
-0.00061
-0.00022
-0.00022
-0.00022
-0.00022
-0.00022
-0.00022
-0.00061
-0.00061
-0.00061
-0.00081
-0.001
-0.0012
-0.001
-0.00081
-0.00081
-0.001
-0.001
-0.00081
-0.00081
-0.00081
-0.00061
-0.00061
-0.00042
-0.00061
-0.00061
-0.00042
-0.00042
-0.00061
-0.00081
-0.00081
-0.00061
-0.0012
-0.001
-0.00061
-0.001
-0.00081
-0.00061
-0.00081
-0.0012
-0.00022
-0.00081
-0.00042
-0.00042
-0.001
-0.00139
-0.0012
-0.00081
-0.001
-0.001
-0.00042
-0.00081
-0.00061
-0.001
-0.001
-0.00081
-0.00139
-0.00139
-0.00139
-0.00159
-0.00179
-0.00198
-0.00159
-0.00159
-0.00159
-0.00159
-0.00139
-0.00081
-0.00139
-0.00159
-0.00159
-0.00159
-0.00159
-0.00139
-0.00139
-0.00139
-0.00179
-0.00139
-0.00179
-0.00179
-0.00198
-0.0012
-0.00139
-0.00179
-0.00198
-0.00218
-0.00218
-0.00257
-0.00237
-0.00218
-0.00198
-0.00237
-0.00237
-0.00198
-0.00179
-0.00237
-0.00218
-0.00198
-0.00218
-0.00237
-0.00237
-0.00218
-0.00257
-0.00237
-0.00237
-0.00198
-0.00257
-0.00257
-0.00296
-0.00237
-0.00237
-0.00237
-0.00276
-0.00257
-0.00257
-0.00237
-0.00198
-0.00218
-0.00237
-0.00237
-0.00218
-0.00139
-0.00198
-0.00198
-0.00218
-0.00218
-0.00179
-0.00198
-0.00198
-0.00218
-0.00198
-0.00237
-0.00198
-0.00179
-0.00218
-0.00198
-0.00179
-0.00237
-0.00198
-0.00218
-0.00159
-0.00218
-0.00179
-0.00179
-0.00218
-0.00218
-0.00198
-0.00198
-0.00179
-0.00218
-0.00179
-0.00198
-0.00179
-0.00159
-0.00218
-0.00257
-0.00218
-0.00218
-0.00237
-0.00276
-0.00296
-0.00296
-0.00315
-0.00237
-0.00315
-0.00276
-0.00315
-0.00296
-0.00296
-0.00276
-0.00296
-0.00315
-0.00296
-0.00276
-0.00276
-0.00296
-0.00335
-0.00315
-0.00315
-0.00257
-0.00237
-0.00257
-0.00257
-0.00276
-0.00276
-0.00257
-0.00296
-0.00257
-0.00296
-0.00296
-0.00276
-0.00237
-0.00276
-0.00296
-0.00218
-0.00257
-0.00237
-0.00198
-0.00218
-0.00198
-0.00237
-0.00237
-0.00257
-0.00198
-0.00198
-0.00179
-0.00179
-0.00237
-0.00218
-0.00237
-0.00237
-0.00218
-0.00237
-0.00237
-0.00276
-0.00257
-0.00276
-0.00257
-0.00218
-0.00237
-0.00237
-0.00237
-0.00257
-0.00218
-0.00198
-0.00198
-0.00179
-0.00159
-0.00179
-0.00198
-0.00198
-0.00198
-0.00237
-0.00218
-0.00198
-0.00218
-0.00218
-0.00218
-0.00218
-0.00198
-0.00218
-0.00276
-0.00237
-0.00257
-0.00276
-0.00218
-0.00257
-0.00257
-0.00257
-0.00257
-0.00276
-0.00237
-0.00257
-0.00276
-0.00296
-0.00315
-0.00315
-0.00296
-0.00257
-0.00296
-0.00276
-0.00315
-0.00296
-0.00335
-0.00354
-0.00315
-0.00296
-0.00257
-0.00315
-0.00315
-0.00276
-0.00276
-0.00257
-0.00276
-0.00237
-0.00237
-0.00237
-0.00257
-0.00276
-0.00198
-0.00257
-0.00276
-0.00276
-0.00257
-0.00276
-0.00276
-0.00198
-0.00218
-0.00237
-0.00198
-0.00198
-0.00198
-0.00218
-0.00198
-0.00198
-0.00218
-0.00218
-0.00218
-0.00198
-0.00257
-0.00198
-0.00237
-0.00198
-0.00179
-0.00257
-0.00218
-0.00237
-0.00198
-0.00257
-0.00237
-0.00237
-0.00257
-0.00276
-0.00276
-0.00237
-0.00257
-0.00276
-0.00276
-0.00315
-0.00257
-0.00296
-0.00257
-0.00296
-0.00296
-0.00296
-0.00276
-0.00296
-0.00315
-0.00315
-0.00276
-0.00296
-0.00257
-0.00296
-0.00276
-0.00296
-0.00296
-0.00315
-0.00315
-0.00296
-0.00296
-0.00296
-0.00257
-0.00296
-0.00296
-0.00296
-0.00296
-0.00315
-0.00257
-0.00296
-0.00276
-0.00257
-0.00257
-0.00296
-0.00296
-0.00276
-0.00237
-0.00257
-0.00257
-0.00257
-0.00276
-0.00315
-0.00276
-0.00257
-0.00257
-0.00237
-0.00257
-0.00237
-0.00237
-0.00257
-0.00257
-0.00296
-0.00296
-0.00276
-0.00257
-0.00276
-0.00296
-0.00335
-0.00315
-0.00296
-0.00315
-0.00315
-0.00296
-0.00257
-0.00296
-0.00354
-0.00354
-0.00335
-0.00315
-0.00296
-0.00296
-0.00315
-0.00296
-0.00296
-0.00315
-0.00276
-0.00354
-0.00335
-0.00335
-0.00335
-0.00335
-0.00354
-0.00315
-0.00354
-0.00315
-0.00296
-0.00296
-0.00296
-0.00296
-0.00315
-0.00315
-0.00296
-0.00315
-0.00296
-0.00296
-0.00296
-0.00257
-0.00257
-0.00237
-0.00296
-0.00296
-0.00296
-0.00237
-0.00315
-0.00296
-0.00315
-0.00296
-0.00335
-0.00315
-0.00276
-0.00257
-0.00315
-0.00296
-0.00315
-0.00296
-0.00315
-0.00296
-0.00296
-0.00276
-0.00257
-0.00296
-0.00237
-0.00276
-0.00276
-0.00296
-0.00257
-0.00257
-0.00218
-0.00276
-0.00296
-0.00315
-0.00296
-0.00296
-0.00276
-0.00276
-0.00257
-0.00218
-0.00237
-0.00257
-0.00198
-0.00218
-0.00237
-0.00315
-0.00257
-0.00276
-0.00257
-0.00237
-0.00218
-0.00276
-0.00276
-0.00257
-0.00257
-0.00237
-0.00257
-0.00257
-0.00257
-0.00296
-0.00296
-0.00276
-0.00296
-0.00237
-0.00257
-0.00257
-0.00296
-0.00296
-0.00276
-0.00257
-0.00296
-0.00276
-0.00296
-0.00276
-0.00257
-0.00257
-0.00257
-0.00296
-0.00276
-0.00276
-0.00296
-0.00296
-0.00276
-0.00276
-0.00354
-0.00335
-0.00315
-0.00296
-0.00315
-0.00296
-0.00276
-0.00276
-0.00296
-0.00296
-0.00315
-0.00315
-0.00276
-0.00296
-0.00296
-0.00257
-0.00276
-0.00276
-0.00296
-0.00315
-0.00315
-0.00276
-0.00237
-0.00296
-0.00296
-0.00276
-0.00257
-0.00296
-0.00315
-0.00296
-0.00335
-0.00354
-0.00354
-0.00257
-0.00296
-0.00296
-0.00276
-0.00315
-0.00315
-0.00315
-0.00354
-0.00315
-0.00276
-0.00296
-0.00335
-0.00296
-0.00296
-0.00335
-0.00315
-0.00276
-0.00315
-0.00315
-0.00315
-0.00296
-0.00315
-0.00296
-0.00315
-0.00335
-0.00296
-0.00276
-0.00276
-0.00335
-0.00315
-0.00276
-0.00276
-0.00315
-0.00315
-0.00354
-0.00315
-0.00296
-0.00315
-0.00354
-0.00335
-0.00335
-0.00354
-0.00296
-0.00335
-0.00354
-0.00335
-0.00335
-0.00335
-0.00276
-0.00296
-0.00257
-0.00237
-0.00276
-0.00276
-0.00237
-0.00257
-0.00296
-0.00315
-0.00257
-0.00296
-0.00296
-0.00257
-0.00276
-0.00276
-0.00237
-0.00296
-0.00257
-0.00257
-0.00257
-0.00198
-0.00218
-0.00237
-0.00237
-0.00218
-0.00218
-0.00257
-0.00257
-0.00257
-0.00276
-0.00276
-0.00237
-0.00237
-0.00296
-0.00315
-0.00296
-0.00296
-0.00276
-0.00315
-0.00335
-0.00315
-0.00335
-0.00335
-0.00354
-0.00335
-0.00354
-0.00335
-0.00354
-0.00354
-0.00315
-0.00374
