-1.596000448000E+00

-0.00276
-0.00257
-0.00276
-0.00315
-0.00296
-0.00257
-0.00218
-0.00257
-0.00296
-0.00257
-0.00218
-0.00257
-0.00257
-0.00237
-0.00276
-0.00296
-0.00237
-0.00218
-0.00276
-0.00315
-0.00296
-0.00296
-0.00218
-0.00257
-0.00257
-0.00257
-0.00296
-0.00257
-0.00237
-0.00218
-0.00218
-0.00237
-0.00237
-0.00218
-0.00218
-0.00218
-0.00218
-0.00198
-0.00179
-0.00159
-0.00198
-0.00218
-0.00218
-0.00218
-0.00198
-0.0012
-0.00179
-0.00159
-0.00198
-0.00159
-0.00179
-0.00159
-0.00179
-0.00218
-0.00198
-0.00179
-0.00218
-0.00276
-0.00198
-0.00237
-0.00257
-0.00179
-0.00198
-0.00198
-0.00237
-0.00218
-0.00218
-0.00218
-0.00237
-0.00237
-0.00218
-0.00218
-0.00296
-0.00276
-0.00276
-0.00218
-0.00296
-0.00257
-0.00296
-0.00276
-0.00296
-0.00276
-0.00257
-0.00276
-0.00296
-0.00296
-0.00276
-0.00335
-0.00354
-0.00296
-0.00276
-0.00296
-0.00296
-0.00296
-0.00276
-0.00296
-0.00315
-0.00315
-0.00276
-0.00257
-0.00296
-0.00335
-0.00315
-0.00276
-0.00296
-0.00296
-0.00315
-0.00276
-0.00296
-0.00296
-0.00315
-0.00296
-0.00296
-0.00335
-0.00276
-0.00276
-0.00237
-0.00257
-0.00276
-0.00276
-0.00257
-0.00276
-0.00296
-0.00296
-0.00296
-0.00315
-0.00315
-0.00315
-0.00335
-0.00335
-0.00335
-0.00335
-0.00315
-0.00296
-0.00315
-0.00296
-0.00257
-0.00218
-0.00237
-0.00237
-0.00276
-0.00237
-0.00315
-0.00257
-0.00276
-0.00257
-0.00276
-0.00237
-0.00276
-0.00257
-0.00237
-0.00237
-0.00237
-0.00276
-0.00296
-0.00296
-0.00276
-0.00257
-0.00296
-0.00198
-0.00257
-0.00276
-0.00257
-0.00276
-0.00218
-0.00237
-0.00198
-0.00218
-0.00237
-0.00237
-0.00237
-0.00159
-0.00198
-0.00179
-0.00218
-0.00179
-0.00237
-0.00237
-0.00237
-0.00257
-0.00218
-0.00237
-0.00218
-0.00237
-0.00179
-0.00159
-0.00179
-0.00218
-0.00218
-0.00218
-0.00218
-0.00198
-0.00237
-0.00218
-0.00179
-0.00218
-0.00159
-0.00139
-0.00218
-0.00139
-0.00139
-0.00061
0.00075
0.00173
0.00232
0.00505
0.00759
0.00974
0.01247
0.01579
0.02009
0.02458
0.0279
0.0322
0.03591
0.03923
0.04314
0.04548
0.04958
0.05212
0.05505
0.05857
0.06208
0.06501
0.06892
0.07243
0.07634
0.07966
0.08259
0.08493
0.08806
0.0904
0.09236
0.0945
0.09685
0.099
0.10154
0.10349
0.10564
0.1074
0.10857
0.11071
0.11169
0.11325
0.11364
0.11443
0.11501
0.1156
0.11521
0.11579
0.1154
0.11599
0.11501
0.11462
0.11501
0.11384
0.11364
0.11325
0.11228
0.1115
0.11091
0.10954
0.10915
0.10857
0.10779
0.10661
0.10583
0.10505
0.10388
0.10349
0.10173
0.10095
0.09978
0.099
0.09802
0.09665
0.09587
0.09411
0.09333
0.09236
0.09177
0.0906
0.08943
0.08786
0.08689
0.08571
0.08493
0.08357
0.08279
0.08239
0.08064
0.08025
0.07829
0.07732
0.07654
0.07634
0.07517
0.07439
0.07341
0.07224
0.07146
0.07107
0.0697
0.06892
0.06814
0.06716
0.06579
0.06501
0.06384
0.06306
0.06267
0.06189
0.06052
0.05993
0.05935
0.05857
0.05798
0.05739
0.057
0.05622
0.05564
0.05505
0.05446
0.05368
0.0531
0.05251
0.05193
0.05095
0.05056
0.05017
0.04939
0.049
0.04861
0.04802
0.04743
0.04665
0.04568
0.04548
0.04509
0.0445
0.04392
0.04333
0.04294
0.04236
0.04196
0.04157
0.04118
0.04099
0.0404
0.0404
0.03923
0.03923
0.03845
0.03845
0.03747
0.03708
0.03669
0.0363
0.03591
0.03552
0.03493
0.03415
0.03396
0.03337
0.03279
0.03298
0.03279
0.03181
0.03142
0.03122
0.03083
0.03025
0.02966
0.02966
0.02907
0.02868
0.02868
0.0281
0.02771
0.02693
0.02693
0.02654
0.02595
0.02595
0.02536
0.02536
0.02458
0.02478
0.02419
0.02361
0.024
0.02341
0.02341
0.02282
0.02321
0.02185
0.02224
0.02185
0.02126
0.02126
0.02107
0.02048
0.02029
0.02048
0.0197
0.0195
0.0195
0.01911
0.01892
0.01853
0.01794
0.01794
0.01814
0.01775
0.01696
0.01657
0.01638
0.01599
0.0154
0.01599
0.0156
0.01521
0.01521
0.01521
0.0156
0.0156
0.0154
0.01462
0.01443
0.01462
0.01423
0.01423
0.01345
0.01364
0.01345
0.01325
0.01286
0.01267
0.01247
0.01208
0.01208
0.01208
0.01189
0.01169
0.0115
0.0113
0.01111
0.01111
0.01032
0.01013
0.00993
0.01013
0.00974
0.00915
0.00935
0.00915
0.00896
0.00896
0.00876
0.00896
0.00857
0.00857
0.00837
0.00837
0.00798
0.00818
0.00779
0.00759
0.00739
0.00759
0.00739
0.0072
0.007
0.00642
0.00642
0.00622
0.00603
0.00661
0.00583
0.00603
0.00603
0.00622
0.00622
0.00622
0.00583
0.00603
0.00603
0.00603
0.00564
0.00583
0.00583
0.00583
0.00544
0.00505
0.00525
0.00505
0.00583
0.00564
0.00583
0.00544
0.00486
0.00525
0.00525
0.00486
0.00505
0.00505
0.00525
0.00486
0.00486
0.00466
0.00466
0.00446
0.00466
0.00446
0.00446
0.00427
0.00388
0.00427
0.00427
0.00427
0.00427
0.00388
0.00388
0.00368
0.00368
0.00407
0.00388
0.00407
0.00329
0.00329
0.0029
0.00349
0.00329
0.0029
0.00251
0.0031
0.0029
0.0029
0.0029
0.00251
0.00232
0.00251
0.00251
0.00251
0.00212
0.00251
0.00251
0.00251
0.00232
0.00232
0.00232
0.00212
0.00173
0.00232
0.00251
0.00232
0.00212
0.00232
0.00212
0.00173
0.00173
0.00193
0.00212
0.00173
0.00134
0.00154
0.00134
0.00134
0.00095
0.00154
0.00134
0.00134
0.00173
0.00134
0.00095
0.00095
0.00114
0.00095
0.00114
0.00095
0.00075
0.00075
0.00075
0.00075
0.00095
0.00036
0.00075
0.00017
0.00056
0.00056
0.00075
0.00075
0.00017
0.00056
-3e-05
-0.00022
0.00036
0.00017
-3e-05
0.00036
0.00056
0.00036
-3e-05
0.00056
0.00017
0.00017
-0.00022
-3e-05
-3e-05
-0.00022
0.00017
0.00017
-3e-05
-0.00042
-0.00022
-0.00042
-0.00042
-0.00061
-0.0012
-0.0012
-0.00081
-0.00081
-0.00042
-3e-05
-0.00081
-0.00061
-0.001
-0.0012
-0.0012
-0.00139
-0.00061
-0.001
-0.00159
-0.00179
-0.00179
-0.00179
-0.00159
-0.0012
-0.00179
-0.00179
-0.00179
-0.00198
-0.00198
-0.00218
-0.00198
-0.00139
-0.00218
-0.00179
-0.00218
-0.00179
-0.00179
-0.00159
-0.00179
-0.00179
-0.00179
-0.0012
-0.00159
-0.00159
-0.0012
-0.00159
-0.0012
-0.00139
-0.0012
-0.00139
-0.00139
-0.00139
-0.0012
-0.0012
-0.00139
-0.00159
-0.0012
-0.0012
-0.00139
-0.00159
-0.00139
-0.00139
-0.00159
-0.00139
-0.00159
-0.00139
-0.00139
-0.0012
-0.0012
-0.00139
-0.0012
-0.00061
-0.0012
-0.001
-0.0012
-0.0012
-0.00159
-0.00139
-0.00159
-0.00159
-0.0012
-0.0012
-0.00159
-0.00139
-0.0012
-0.00139
-0.00159
-0.00159
-0.00179
-0.00198
-0.00198
-0.00198
-0.00198
-0.00139
-0.00179
-0.00159
-0.00139
-0.00159
-0.00159
-0.00179
-0.0012
-0.00159
-0.001
-0.0012
-0.0012
-0.0012
-0.0012
-0.0012
-0.0012
-0.00042
-0.001
-0.00061
-0.00061
-0.00061
-0.001
-0.00081
-0.0012
-0.001
-0.00081
-0.00061
-0.001
-0.0012
-0.00081
-0.00022
-0.00042
-0.00061
-0.001
-0.00081
-0.00081
-0.00081
-0.001
-0.00081
-0.00081
-0.00139
-0.0012
-0.00081
-0.00159
-0.00159
-0.001
-0.0012
-0.001
-0.00139
-0.00139
-0.00179
-0.00159
-0.00179
-0.00159
-0.00159
-0.0012
-0.00179
-0.00198
-0.00159
-0.00179
-0.00139
-0.00198
-0.00218
-0.00198
-0.00198
-0.00198
-0.00218
-0.00139
-0.00179
-0.00179
-0.00218
-0.00179
-0.00218
-0.00218
-0.00198
-0.00257
-0.00198
-0.00237
-0.00257
-0.00198
-0.00218
-0.00237
-0.00218
-0.00218
-0.00237
-0.00237
-0.00237
-0.00218
-0.00237
-0.00257
-0.00237
-0.00296
-0.00296
-0.00276
-0.00276
-0.00276
-0.00257
-0.00315
-0.00276
-0.00276
-0.00276
-0.00237
-0.00257
-0.00257
-0.00237
-0.00218
-0.00257
-0.00257
-0.00276
-0.00296
-0.00276
-0.00276
-0.00257
-0.00296
-0.00237
-0.00218
-0.00237
-0.00276
-0.00237
-0.00257
-0.00237
-0.00296
-0.00257
-0.00276
-0.00276
-0.00276
-0.00276
-0.00276
-0.00276
-0.00237
-0.00257
-0.00257
-0.00257
-0.00276
-0.00276
-0.00237
-0.00276
-0.00257
-0.00218
-0.00257
-0.00257
-0.00257
-0.00218
-0.00198
-0.00257
-0.00257
-0.00257
-0.00257
-0.00237
-0.00257
-0.00237
-0.00257
-0.00257
-0.00276
-0.00218
-0.00237
-0.00218
-0.00257
-0.00218
-0.00237
-0.00257
-0.00218
-0.00218
-0.00237
-0.00198
-0.00257
-0.00257
-0.00257
-0.00276
-0.00218
-0.00218
-0.00257
-0.00198
-0.00198
-0.00218
-0.00218
-0.00179
-0.00257
-0.00198
-0.00218
-0.00179
-0.00179
-0.00218
-0.00198
-0.00179
-0.00159
-0.00159
-0.00198
-0.00198
-0.00198
-0.00218
-0.00139
-0.00237
-0.00237
-0.00237
-0.00198
-0.00257
-0.00218
-0.00257
-0.00237
-0.00237
-0.00237
-0.00218
-0.00218
-0.00237
-0.00237
-0.00237
-0.00218
-0.00257
-0.00237
-0.00218
-0.00198
-0.00198
-0.00296
-0.00237
-0.00218
-0.00218
-0.00276
-0.00237
-0.00276
-0.00257
-0.00296
-0.00276
-0.00257
-0.00276
-0.00296
-0.00276
-0.00296
-0.00237
-0.00257
-0.00276
-0.00257
-0.00237
-0.00276
-0.00198
-0.00237
-0.00218
-0.00276
-0.00218
-0.00237
-0.00237
-0.00198
-0.00237
-0.00257
-0.00237
-0.00257
-0.00257
-0.00257
-0.00276
-0.00296
-0.00276
-0.00335
-0.00276
-0.00315
-0.00315
-0.00276
-0.00315
-0.00296
-0.00315
-0.00296
-0.00276
-0.00276
-0.00276
-0.00257
-0.00276
-0.00276
-0.00296
-0.00315
-0.00296
-0.00354
-0.00315
-0.00296
-0.00315
-0.00335
-0.00315
-0.00335
-0.00354
-0.00315
-0.00354
-0.00335
-0.00374
-0.00374
-0.00296
-0.00374
-0.00354
-0.00335
-0.00315
-0.00335
-0.00374
-0.00374
-0.00354
-0.00354
-0.00354
-0.00335
-0.00374
-0.00335
-0.00315
-0.00335
-0.00315
-0.00374
-0.00393
-0.00374
-0.00335
-0.00315
-0.00315
-0.00315
-0.00315
-0.00354
-0.00335
-0.00374
-0.00315
-0.00315
-0.00296
-0.00335
-0.00296
-0.00296
-0.00276
-0.00315
-0.00335
-0.00315
-0.00276
-0.00276
-0.00257
-0.00257
-0.00257
-0.00276
-0.00296
-0.00276
-0.00237
-0.00257
-0.00276
-0.00257
-0.00237
-0.00276
-0.00257
-0.00218
-0.00179
-0.00237
-0.00218
-0.00218
-0.00218
-0.00237
-0.00218
-0.00218
-0.00198
-0.00179
-0.00159
-0.00218
-0.00159
-0.00218
-0.00218
-0.00218
-0.00218
-0.00218
-0.00198
-0.00198
-0.00218
-0.00198
-0.00198
-0.00257
-0.00198
-0.00218
-0.00179
-0.00198
-0.00198
-0.00198
-0.00218
-0.00159
-0.00218
-0.00218
-0.00198
-0.00198
-0.00237
-0.00198
-0.00198
-0.00198
-0.00179
-0.00198
-0.00159
-0.00198
-0.00198
-0.00237
-0.00198
-0.00179
-0.00198
-0.00218
-0.00218
-0.00218
-0.00237
-0.00237
-0.00198
-0.00237
-0.00237
-0.00276
-0.00296
-0.00276
-0.00257
-0.00296
-0.00257
-0.00237
-0.00257
-0.00296
-0.00257
-0.00257
-0.00296
-0.00315
-0.00296
-0.00257
-0.00237
-0.00257
-0.00198
-0.00296
-0.00237
-0.00257
-0.00237
-0.00257
-0.00257
-0.00218
-0.00276
-0.00276
-0.00276
-0.00276
-0.00257
-0.00218
-0.00237
-0.00237
-0.00237
-0.00276
-0.00237
-0.00237
-0.00257
-0.00276
-0.00257
-0.00237
-0.00296
-0.00276
-0.00276
-0.00276
-0.00296
-0.00237
-0.00237
-0.00296
-0.00296
-0.00296
-0.00315
-0.00374
-0.00354
-0.00335
-0.00315
-0.00354
-0.00354
-0.00315
-0.00315
-0.00315
-0.00335
-0.00315
-0.00354
-0.00335
-0.00315
-0.00335
-0.00315
-0.00315
-0.00296
-0.00296
-0.00335
-0.00335
-0.00315
-0.00296
-0.00296
-0.00276
-0.00296
-0.00276
-0.00296
-0.00315
-0.00315
-0.00296
-0.00296
-0.00296
-0.00296
-0.00335
-0.00335
-0.00315
-0.00315
-0.00335
-0.00276
-0.00257
-0.00296
-0.00296
-0.00296
-0.00315
-0.00296
-0.00315
-0.00257
