-6.030001696000E-01

-0.00218
-0.00198
-0.00218
-0.00237
-0.00237
-0.00218
-0.00179
-0.00198
-0.00179
-0.00198
-0.00218
-0.00218
-0.00237
-0.00237
-0.00198
-0.00237
-0.00198
-0.00218
-0.00237
-0.00218
-0.00218
-0.00179
-0.00198
-0.00237
-0.00257
-0.00218
-0.00218
-0.00218
-0.00179
-0.00179
-0.00237
-0.00198
-0.00218
-0.00276
-0.00257
-0.00237
-0.00237
-0.00218
-0.00198
-0.00237
-0.00198
-0.00198
-0.00218
-0.00198
-0.00139
-0.00198
-0.00237
-0.00198
-0.00179
-0.00218
-0.00276
-0.00218
-0.00198
-0.00218
-0.00237
-0.00218
-0.00218
-0.00198
-0.00179
-0.00198
-0.00159
-0.00179
-0.00179
-0.00139
-0.00198
-0.00198
-0.00218
-0.00159
-0.00179
-0.00159
-0.00159
-0.00198
-0.00179
-0.00218
-0.00198
-0.00218
-0.00198
-0.00218
-0.00218
-0.00198
-0.00179
-0.00218
-0.00198
-0.00218
-0.00179
-0.00198
-0.00159
-0.00179
-0.00218
-0.00257
-0.00218
-0.00257
-0.00276
-0.00257
-0.00237
-0.00237
-0.00237
-0.00296
-0.00276
-0.00257
-0.00237
-0.00276
-0.00257
-0.00315
-0.00315
-0.00315
-0.00257
-0.00276
-0.00237
-0.00276
-0.00257
-0.00257
-0.00296
-0.00315
-0.00276
-0.00296
-0.00257
-0.00257
-0.00257
-0.00296
-0.00276
-0.00276
-0.00276
-0.00276
-0.00237
-0.00257
-0.00276
-0.00237
-0.00257
-0.00257
-0.00257
-0.00237
-0.00237
-0.00218
-0.00198
-0.00218
-0.00179
-0.00218
-0.00198
-0.00218
-0.00179
-0.00198
-0.00198
-0.00198
-0.00237
-0.00218
-0.00257
-0.00218
-0.00237
-0.00237
-0.00218
-0.00237
-0.00237
-0.00257
-0.00276
-0.00218
-0.00257
-0.00237
-0.00257
-0.00257
-0.00237
-0.00237
-0.00237
-0.00237
-0.00257
-0.00218
-0.00198
-0.00198
-0.00257
-0.00276
-0.00257
-0.00237
-0.00296
-0.00276
-0.00276
-0.00315
-0.00257
-0.00276
-0.00315
-0.00257
-0.00276
-0.00276
-0.00276
-0.00257
-0.00257
-0.00276
-0.00237
-0.00296
-0.00237
-0.00257
-0.00237
-0.00218
-0.00237
-0.00237
-0.00218
-0.00257
-0.00179
-0.0012
-0.00022
0.00017
0.00114
0.00232
0.00349
0.00583
0.00818
0.01032
0.01247
0.01443
0.01638
0.01853
0.02087
0.02302
0.02536
0.02732
0.03025
0.03259
0.03513
0.03689
0.03884
0.04138
0.04333
0.04626
0.0488
0.05095
0.05271
0.05486
0.05642
0.05818
0.05993
0.06111
0.06247
0.06384
0.06579
0.06755
0.0697
0.07126
0.07341
0.07478
0.07634
0.07751
0.07868
0.07986
0.08044
0.08044
0.08122
0.08161
0.0822
0.0822
0.0822
0.08239
0.08279
0.08239
0.082
0.08181
0.08161
0.08142
0.08122
0.08122
0.08064
0.08005
0.07946
0.07888
0.07849
0.07751
0.07654
0.07595
0.07536
0.074
0.0738
0.07282
0.07224
0.07185
0.07048
0.07009
0.0695
0.06853
0.06794
0.06716
0.06599
0.06501
0.06462
0.06384
0.06345
0.06228
0.06169
0.06032
0.05993
0.05915
0.05896
0.05818
0.057
0.05622
0.05583
0.05544
0.05466
0.05388
0.05349
0.05232
0.05173
0.05095
0.05056
0.05017
0.04919
0.0488
0.04841
0.04763
0.04685
0.04626
0.04568
0.04509
0.0445
0.04372
0.04314
0.04255
0.04236
0.04099
0.04099
0.04001
0.04001
0.03962
0.03923
0.03864
0.03864
0.03767
0.03728
0.03669
0.03669
0.03591
0.03532
0.03493
0.03435
0.03415
0.03415
0.03318
0.03279
0.03239
0.03239
0.032
0.03122
0.03103
0.03025
0.02966
0.02966
0.02946
0.02907
0.02888
0.02868
0.0281
0.0281
0.02712
0.02712
0.02673
0.02654
0.02634
0.02634
0.02575
0.02517
0.02458
0.02458
0.02419
0.024
0.02361
0.02302
0.02302
0.02282
0.02224
0.02204
0.02224
0.02146
0.02126
0.02146
0.02126
0.02029
0.02068
0.02029
0.0197
0.0195
0.01931
0.01911
0.01853
0.01833
0.01833
0.01755
0.01814
0.01775
0.01755
0.01677
0.01599
0.01579
0.0156
0.0156
0.0154
0.01521
0.01501
0.01501
0.01521
0.01482
0.01482
0.01462
0.01423
0.01423
0.01423
0.01404
0.01423
0.01364
0.01364
0.01345
0.01306
0.01306
0.01267
0.01286
0.01208
0.01189
0.0115
0.0113
0.0113
0.0113
0.01071
0.01052
0.01032
0.01052
0.01032
0.01071
0.01032
0.01013
0.00954
0.00896
0.00857
0.00876
0.00896
0.00896
0.00857
0.00857
0.00837
0.00857
0.00857
0.00818
0.00779
0.00779
0.00759
0.00798
0.00818
0.00759
0.0072
0.00739
0.00779
0.00779
0.00779
0.00779
0.00739
0.00739
0.00739
0.007
0.0072
0.00739
0.00681
0.007
0.0072
0.00661
0.00661
0.00661
0.00661
0.00642
0.00583
0.00564
0.00564
0.00564
0.00583
0.00525
0.00525
0.00583
0.00564
0.00564
0.00544
0.00505
0.00525
0.00486
0.00446
0.00446
0.00466
0.00446
0.00466
0.00407
0.00446
0.00407
0.00388
0.00349
0.00388
0.00388
0.00368
0.00388
0.00329
0.00329
0.00329
0.0031
0.00349
0.00329
0.0029
0.0031
0.00271
0.00271
0.00251
0.00329
0.00271
0.00251
0.00271
0.00251
0.00251
0.00232
0.00251
0.00271
0.00251
0.00271
0.00271
0.00232
0.00212
0.00173
0.00193
0.00173
0.00173
0.00173
0.00154
0.00134
0.00193
0.00193
0.00134
0.00173
0.00114
0.00095
0.00154
0.00154
0.00095
0.00114
0.00095
0.00154
0.00114
0.00095
0.00095
0.00075
0.00114
0.00075
0.00095
0.00114
0.00134
0.00056
0.00056
0.00075
0.00075
0.00114
0.00075
0.00056
0.00075
0.00075
0.00095
0.00075
0.00095
0.00036
0.00017
-3e-05
0.00075
0.00036
0.00036
0.00056
0.00075
0.00036
0.00036
-3e-05
0.00036
0.00056
0.00056
0.00056
-3e-05
-3e-05
-3e-05
-0.00061
0.00036
-3e-05
0.00017
-0.00061
-0.00042
-0.00081
-3e-05
-0.00061
-0.00022
-0.00081
-0.00022
-3e-05
-0.00022
-0.00022
-0.00022
-0.00061
-0.00022
-0.00022
-0.00042
-3e-05
-0.00022
-0.00042
-0.00022
-0.00022
-0.001
-0.00061
-0.00061
-0.00042
-0.00042
0.00017
-3e-05
-0.00042
-0.00042
-0.00022
-0.00061
-0.00042
-0.00061
-0.00061
-0.00042
-0.00022
-0.00081
-0.00081
-0.001
-0.001
-0.001
-0.0012
-0.0012
-0.0012
-0.00081
-0.001
-0.001
-0.001
-0.00081
-0.00081
-0.00061
-0.00081
-0.00139
-0.0012
-0.0012
-0.0012
-0.001
-0.0012
-0.0012
-0.001
-0.00081
-0.00061
-0.001
-0.001
-0.0012
-0.00081
-0.0012
-0.001
-0.0012
-0.00139
-0.00159
-0.0012
-0.00179
-0.00081
-0.00139
-0.0012
-0.001
-0.00159
-0.00159
-0.00198
-0.00218
-0.00159
-0.00179
-0.00139
-0.00198
-0.00179
-0.00179
-0.00179
-0.00198
-0.00159
-0.00159
-0.00179
-0.00159
-0.00139
-0.00218
-0.00198
-0.00139
-0.00159
-0.00139
-0.00159
-0.00159
-0.0012
-0.00159
-0.00198
-0.00218
-0.00198
-0.00159
-0.00179
-0.00159
-0.001
-0.0012
-0.001
-0.00179
-0.001
-0.00159
-0.001
-0.00139
-0.00159
-0.00159
-0.0012
-0.001
-0.00139
-0.0012
-0.00159
-0.0012
-0.001
-0.00179
-0.00198
-0.00159
-0.00198
-0.00139
-0.00198
-0.00218
-0.00198
-0.00257
-0.00218
-0.00218
-0.00198
-0.00237
-0.00237
-0.00218
-0.00237
-0.00257
-0.00237
-0.00198
-0.00237
-0.00237
-0.00237
-0.00237
-0.00218
-0.00218
-0.00237
-0.00218
-0.00257
-0.00218
-0.00218
-0.00218
-0.00179
-0.00257
-0.00276
-0.00218
-0.00276
-0.00276
-0.00257
-0.00237
-0.00198
-0.00218
-0.00237
-0.00218
-0.00257
-0.00257
-0.00237
-0.00237
-0.00257
-0.00296
-0.00257
-0.00198
-0.00237
-0.00257
-0.00257
-0.00257
-0.00276
-0.00237
-0.00237
-0.00257
-0.00296
-0.00237
-0.00276
-0.00218
-0.00237
-0.00296
-0.00218
-0.00276
-0.00257
-0.00237
-0.00218
-0.00257
-0.00276
-0.00296
-0.00296
-0.00257
-0.00257
-0.00257
-0.00296
-0.00315
-0.00276
-0.00276
-0.00315
-0.00335
-0.00276
-0.00335
-0.00237
-0.00276
-0.00315
-0.00315
-0.00335
-0.00296
-0.00257
-0.00296
-0.00276
-0.00276
-0.00237
-0.00237
-0.00276
-0.00296
-0.00257
-0.00296
-0.00257
-0.00257
-0.00296
-0.00276
-0.00237
-0.00276
-0.00315
-0.00296
-0.00315
-0.00276
-0.00237
-0.00276
-0.00218
-0.00237
-0.00218
-0.00218
-0.00198
-0.00218
-0.00257
-0.00257
-0.00218
-0.00198
-0.00218
-0.00198
-0.00179
-0.00198
-0.00139
-0.00198
-0.0012
-0.00061
-0.0012
-0.00061
-0.00042
-0.001
-0.001
-0.00081
-0.001
-0.00042
-0.00042
-3e-05
-0.00022
0.00036
0.00036
0.00056
0.00017
-3e-05
-3e-05
-3e-05
0.00036
-3e-05
-0.00042
-0.00081
-0.001
-0.00061
-0.00061
-0.001
-0.00179
-0.00159
-0.00179
-0.00218
-0.00237
-0.00237
-0.00257
-0.00315
-0.00315
-0.00296
-0.00315
-0.00315
-0.00335
-0.00276
-0.00354
-0.00335
-0.00374
-0.00296
-0.00354
-0.00354
-0.00432
-0.00335
-0.00354
-0.00354
-0.00315
-0.00315
-0.00315
-0.00335
-0.00296
-0.00315
-0.00296
-0.00315
-0.00315
-0.00257
-0.00237
-0.00257
-0.00257
-0.00257
-0.00257
-0.00276
-0.00237
-0.00257
-0.00198
-0.00179
-0.00159
-0.00179
-0.00159
-0.00159
-0.00159
-0.00139
-0.001
-0.0012
-0.00081
-0.001
-0.00061
-0.00081
-0.00022
-0.00042
0.00017
0.00017
-0.00022
-3e-05
0.00017
0.00017
-0.00022
-0.00022
-0.00022
-0.00061
-0.00061
-0.00042
-0.00042
-0.001
-0.001
-0.0012
-0.00139
-0.00179
-0.00179
-0.00198
-0.00198
-0.00237
-0.00257
-0.00296
-0.00315
-0.00315
-0.00354
-0.00413
-0.00374
-0.00452
-0.00393
-0.00393
-0.00432
-0.00452
-0.00491
-0.00511
-0.0055
-0.0055
-0.0055
-0.00589
-0.00608
-0.00628
-0.00608
-0.00628
-0.00647
-0.00667
-0.00647
-0.00628
-0.00628
-0.00686
-0.00725
-0.00706
-0.00667
-0.00667
-0.00647
-0.00589
-0.00589
-0.00589
-0.00569
-0.0055
-0.0055
-0.00491
-0.00511
-0.00491
-0.00511
-0.00511
-0.00432
-0.00413
-0.00374
-0.00374
-0.00393
-0.00315
-0.00335
-0.00276
-0.00276
-0.00257
-0.00198
-0.00198
-0.00179
-0.00198
-0.00179
-0.001
-0.0012
-0.0012
-0.00139
-0.001
-0.001
-0.00061
-0.00042
-0.00042
-0.00081
-0.00081
-0.00081
-0.00061
-0.00042
-0.001
-0.00061
-0.00061
-0.00061
-0.00042
-0.00042
-0.00081
-0.00081
-0.00061
-0.00022
-0.00061
-0.00061
-0.00042
-0.00061
-0.00081
-0.001
-0.0012
-0.001
-0.0012
-0.0012
-0.001
-0.00139
-0.00139
-0.00159
-0.00159
-0.001
-0.00179
-0.00198
-0.00179
-0.00218
-0.00237
-0.00179
-0.00198
-0.00179
-0.00237
-0.00218
-0.00237
-0.00237
-0.00198
-0.00218
-0.00237
-0.00237
-0.00257
-0.00257
-0.00257
-0.00237
-0.00218
-0.00218
-0.00218
-0.00198
-0.00198
-0.00218
-0.00198
-0.00237
-0.00159
-0.00139
-0.00159
-0.00159
-0.00159
-0.00139
-0.00139
-0.00179
-0.00198
-0.00179
-0.00159
-0.0012
-0.00179
-0.0012
-0.00159
-0.00179
-0.00179
-0.00198
-0.00198
-0.00218
-0.00257
-0.00257
-0.00257
-0.00237
-0.00315
-0.00276
-0.00335
-0.00296
-0.00354
-0.00296
-0.00354
-0.00354
-0.00393
-0.00393
-0.00374
-0.00413
-0.00393
-0.00413
-0.00432
-0.00452
-0.00452
-0.00413
-0.00491
-0.00491
-0.0053
-0.00491
-0.00471
-0.00471
-0.00471
-0.00452
-0.00432
-0.00452
-0.00471
-0.00471
-0.00452
-0.00452
-0.00491
-0.00511
-0.00452
-0.00511
-0.00452
-0.00471
-0.00413
-0.00393
-0.00393
-0.00354
-0.00335
-0.00393
-0.00393
-0.00354
-0.00374
-0.00354
-0.00315
-0.00315
-0.00315
-0.00315
-0.00296
-0.00237
-0.00198
-0.00237
-0.00198
-0.00198
-0.00159
-0.00179
-0.00257
-0.00237
-0.00159
-0.0012
-0.00159
-0.00159
-0.001
-0.00139
-0.00139
-0.001
-0.001
-0.00081
-0.001
-0.001
-0.00081
-0.00061
-0.0012
-0.00081
-0.0012
-0.00139
-0.00081
-0.00139
-0.0012
-0.0012
-0.00198
-0.00139
-0.0012
-0.00139
-0.0012
-0.00139
-0.00139
-0.00139
-0.00198
-0.00179
-0.00218
-0.00218
-0.00218
-0.00198
-0.00237
-0.00237
-0.00276
-0.00257
-0.00315
-0.00296
-0.00296
-0.00315
-0.00374
