-8.200002560000E-02

-0.00198
-0.00179
-0.00218
-0.00179
-0.00179
-0.00198
-0.00218
-0.00198
-0.00257
-0.00257
-0.00237
-0.00257
-0.00257
-0.00296
-0.00257
-0.00237
-0.00237
-0.00296
-0.00296
-0.00296
-0.00276
-0.00276
-0.00276
-0.00237
-0.00276
-0.00218
-0.00257
-0.00179
-0.00257
-0.00218
-0.00218
-0.00257
-0.00315
-0.00257
-0.00276
-0.00276
-0.00315
-0.00276
-0.00257
-0.00257
-0.00257
-0.00218
-0.00257
-0.00218
-0.00257
-0.00237
-0.00237
-0.00296
-0.00237
-0.00237
-0.00237
-0.00218
-0.00198
-0.00198
-0.00257
-0.00257
-0.00276
-0.00218
-0.00276
-0.00257
-0.00276
-0.00296
-0.00257
-0.00276
-0.00296
-0.00276
-0.00257
-0.00257
-0.00237
-0.00296
-0.00315
-0.00296
-0.00276
-0.00257
-0.00276
-0.00257
-0.00315
-0.00276
-0.00257
-0.00257
-0.00237
-0.00198
-0.00218
-0.00198
-0.00237
-0.00257
-0.00296
-0.00257
-0.00257
-0.00257
-0.00276
-0.00237
-0.00296
-0.00296
-0.00276
-0.00296
-0.00296
-0.00218
-0.00179
-0.00218
-0.00257
-0.00257
-0.00237
-0.00218
-0.00218
-0.00179
-0.00257
-0.00218
-0.00218
-0.00257
-0.00198
-0.00218
-0.00237
-0.00257
-0.00257
-0.00237
-0.00237
-0.00237
-0.00257
-0.00237
-0.00237
-0.00218
-0.00218
-0.00218
-0.00198
-0.00218
-0.00218
-0.00218
-0.00218
-0.00218
-0.00237
-0.00237
-0.00237
-0.00237
-0.00276
-0.00237
-0.00237
-0.00257
-0.00257
-0.00218
-0.00296
-0.00257
-0.00218
-0.00257
-0.00257
-0.00237
-0.00257
-0.00237
-0.00276
-0.00276
-0.00276
-0.00276
-0.00257
-0.00218
-0.00237
-0.00218
-0.00218
-0.00179
-0.00218
-0.00218
-0.00237
-0.00218
-0.00257
-0.00276
-0.00315
-0.00276
-0.00257
-0.00257
-0.00296
-0.00257
-0.00315
-0.00315
-0.00296
-0.00257
-0.00257
-0.00257
-0.00296
-0.00276
-0.00257
-0.00237
-0.00257
-0.00296
-0.00296
-0.00276
-0.00257
-0.00257
-0.00218
-0.001
-0.00022
0.00075
0.00173
0.00271
0.00407
0.00544
0.00661
0.00759
0.00876
0.00876
0.01032
0.01052
0.01189
0.01247
0.01267
0.01306
0.01364
0.01384
0.01443
0.01501
0.01482
0.01501
0.0154
0.0156
0.01521
0.0156
0.01579
0.01618
0.01599
0.01638
0.01657
0.01657
0.01716
0.01872
0.01989
0.02185
0.02419
0.02732
0.03044
0.03396
0.03728
0.0404
0.04353
0.04724
0.05075
0.05368
0.05739
0.05974
0.06306
0.06618
0.06911
0.07126
0.07302
0.07439
0.07595
0.07732
0.07888
0.08005
0.08181
0.08298
0.08415
0.08552
0.08747
0.08864
0.0904
0.09177
0.09255
0.09333
0.09411
0.09489
0.09568
0.09568
0.09607
0.09646
0.09646
0.09626
0.09607
0.09626
0.09607
0.09489
0.09489
0.0945
0.09392
0.09333
0.09255
0.09177
0.09157
0.0906
0.08982
0.08904
0.08825
0.08728
0.0863
0.08552
0.08415
0.08415
0.08279
0.08279
0.08103
0.08064
0.07966
0.07868
0.07771
0.07654
0.07614
0.07517
0.07419
0.07341
0.07263
0.07224
0.07165
0.07165
0.07146
0.07165
0.07204
0.07224
0.07243
0.07302
0.07341
0.07341
0.07341
0.0738
0.0738
0.0738
0.07361
0.0738
0.07321
0.07321
0.07321
0.07243
0.07243
0.07165
0.07126
0.07107
0.07048
0.07009
0.06989
0.06892
0.06853
0.06814
0.06755
0.06716
0.06638
0.0656
0.0654
0.06482
0.06404
0.06364
0.06286
0.06189
0.06111
0.06013
0.05954
0.05896
0.05818
0.05818
0.057
0.05642
0.05583
0.05564
0.05446
0.05407
0.05368
0.05271
0.05193
0.05134
0.05134
0.05056
0.05017
0.049
0.04841
0.04841
0.04743
0.04665
0.04626
0.04607
0.04509
0.04431
0.04392
0.04333
0.04255
0.04196
0.04157
0.04099
0.0404
0.04021
0.03923
0.03864
0.03904
0.03806
0.03747
0.03728
0.03669
0.0363
0.03532
0.03513
0.03454
0.03454
0.03396
0.03376
0.03337
0.03239
0.0322
0.03161
0.03122
0.03103
0.03083
0.03044
0.02966
0.02966
0.02946
0.02888
0.0279
0.02751
0.02751
0.02771
0.02771
0.02693
0.02693
0.02673
0.02654
0.02634
0.02575
0.02517
0.02536
0.02497
0.02439
0.024
0.02361
0.02282
0.02302
0.02243
0.02204
0.02165
0.02165
0.02087
0.02107
0.02068
0.02068
0.02048
0.01989
0.0195
0.0195
0.0195
0.01853
0.01814
0.01794
0.01794
0.01716
0.01716
0.01716
0.01657
0.01579
0.01657
0.01579
0.01579
0.0156
0.01521
0.0154
0.01501
0.01443
0.01482
0.01462
0.01423
0.01423
0.01364
0.01364
0.01325
0.01325
0.01325
0.01286
0.01286
0.01247
0.01267
0.01267
0.01247
0.01208
0.01169
0.0115
0.01208
0.0115
0.0113
0.0113
0.01169
0.01169
0.0115
0.0113
0.0113
0.01111
0.0113
0.0115
0.01111
0.01091
0.01091
0.01071
0.01052
0.01052
0.01071
0.01091
0.01052
0.01013
0.01052
0.00993
0.01032
0.01032
0.01032
0.00993
0.01013
0.00974
0.00974
0.00954
0.00935
0.00935
0.00915
0.00915
0.00915
0.00896
0.00876
0.00876
0.00857
0.00779
0.00739
0.00779
0.00739
0.0072
0.00681
0.0072
0.007
0.007
0.0072
0.00681
0.007
0.007
0.007
0.0072
0.007
0.00661
0.00661
0.00661
0.0072
0.00681
0.00681
0.007
0.007
0.00681
0.00661
0.00642
0.00642
0.00622
0.00642
0.00583
0.00603
0.00583
0.00564
0.00583
0.00544
0.00544
0.00564
0.00525
0.00486
0.00466
0.00427
0.00427
0.00427
0.00407
0.00388
0.00368
0.0029
0.00329
0.0029
0.0029
0.00232
0.00212
0.00154
0.00134
0.00134
0.00154
0.00095
0.00075
0.00056
0.00036
-3e-05
-0.00022
-0.00042
-0.00081
-3e-05
-0.00022
-0.00081
-0.001
-0.0012
-0.0012
-0.00139
-0.00159
-0.00139
-0.00159
-0.0012
-0.00159
-0.0012
-0.00179
-0.00179
-0.00179
-0.00159
-0.00159
-0.00179
-0.00159
-0.00179
-0.00179
-0.00159
-0.00179
-0.0012
-0.00159
-0.001
-0.001
-0.00139
-0.00139
-0.00159
-0.001
-0.001
-0.00081
-0.00061
-0.001
-0.00042
-0.00061
-3e-05
-0.00042
-0.00042
-0.00022
0.00017
-3e-05
-3e-05
-0.00022
-0.00022
-0.00022
-0.00022
-0.00022
0.00017
-3e-05
0.00056
0.00075
0.00036
0.00056
0.00056
0.00095
0.00075
0.00134
0.00154
0.00134
0.00134
0.00134
0.00154
0.00134
0.00114
0.00075
0.00095
0.00056
0.00114
0.00075
0.00075
0.00075
0.00056
0.00075
0.00056
0.00095
0.00095
0.00056
0.00017
0.00056
0.00095
0.00075
0.00056
0.00075
0.00056
0.00056
0.00056
0.00036
0.00056
0.00056
0.00056
0.00056
0.00036
0.00056
-3e-05
-3e-05
-3e-05
0.00056
0.00056
0.00075
0.00056
0.00036
-3e-05
0.00036
0.00056
0.00017
0.00036
0.00056
0.00056
0.00036
0.00056
0.00095
0.00017
0.00075
-0.00022
0.00017
-0.00022
-0.00042
-0.00081
-0.00042
-0.00061
-0.00081
-0.00081
-0.001
-0.001
-0.00139
-0.00159
-0.00139
-0.00179
-0.00218
-0.00257
-0.00257
-0.00276
-0.00315
-0.00315
-0.00296
-0.00276
-0.00315
-0.00276
-0.00315
-0.00296
-0.00374
-0.00335
-0.00315
-0.00354
-0.00315
-0.00335
-0.00354
-0.00354
-0.00315
-0.00315
-0.00276
-0.00276
-0.00237
-0.00218
-0.00198
-0.00237
-0.00218
-0.00179
-0.00159
-0.00139
-0.0012
-0.00081
-0.001
-0.00061
-0.00081
-0.00061
-0.00061
-0.00022
-0.00022
-0.00061
-0.00042
-0.00042
-0.00022
-3e-05
-0.00042
-3e-05
-0.001
-0.00022
-0.00022
-0.00022
-0.00042
-0.00042
-0.00042
-0.00042
-0.00042
-0.00022
-0.00042
-0.00042
-0.00081
-0.00081
-0.00061
-0.001
-0.0012
-0.00139
-0.0012
-0.00139
-0.0012
-0.0012
-0.00179
-0.00159
-0.00179
-0.00179
-0.00179
-0.00198
-0.00198
-0.00237
-0.00218
-0.00218
-0.00218
-0.00237
-0.00218
-0.00237
-0.00237
-0.00276
-0.00237
-0.00257
-0.00296
-0.00296
-0.00315
-0.00296
-0.00276
-0.00296
-0.00276
-0.00276
-0.00374
-0.00335
-0.00374
-0.00335
-0.00335
-0.00315
-0.00354
-0.00354
-0.00276
-0.00276
-0.00296
-0.00296
-0.00315
-0.00276
-0.00257
-0.00257
-0.00276
-0.00198
-0.00198
-0.0012
-0.00159
-0.00179
-0.00179
-0.00179
-0.001
-0.001
-0.001
-0.001
-0.00159
-0.00179
-0.00179
-0.00179
-0.00159
-0.00139
-0.00139
-0.00179
-0.00179
-0.00179
-0.00198
-0.00179
-0.00218
-0.00218
-0.00237
-0.00218
-0.00218
-0.00296
-0.00257
-0.00296
-0.00296
-0.00335
-0.00374
-0.00393
-0.00393
-0.00393
-0.00374
-0.00393
-0.00393
-0.00393
-0.00413
-0.00374
-0.00354
-0.00354
-0.00354
-0.00296
-0.00296
-0.00296
-0.00315
-0.00296
-0.00276
-0.00296
-0.00276
-0.00257
-0.00237
-0.00218
-0.00276
-0.00198
-0.00237
-0.00179
-0.00198
-0.00159
-0.00159
-0.0012
-0.00179
-0.00159
-0.00159
-0.0012
-0.0012
-0.0012
-0.0012
-0.001
-0.0012
-0.00139
-0.001
-0.0012
-0.0012
-0.001
-0.00139
-0.00179
-0.00159
-0.00159
-0.00179
-0.00218
-0.00179
-0.00257
-0.00237
-0.00237
-0.00296
-0.00335
-0.00335
-0.00354
-0.00296
-0.00315
-0.00335
-0.00315
-0.00354
-0.00354
-0.00315
-0.00354
-0.00335
-0.00354
-0.00335
-0.00296
-0.00335
-0.00296
-0.00315
-0.00354
-0.00335
-0.00374
-0.00354
-0.00393
-0.00315
-0.00335
-0.00374
-0.00354
-0.00315
-0.00335
-0.00374
-0.00335
-0.00335
-0.00335
-0.00374
-0.00335
-0.00276
-0.00276
-0.00257
-0.00276
-0.00237
-0.00257
-0.00257
-0.00218
-0.00198
-0.00218
-0.00237
-0.00179
-0.00218
-0.00159
-0.00159
-0.00179
-0.00218
-0.00179
-0.00198
-0.00198
-0.00159
-0.001
-0.00159
-0.00159
-0.00179
-0.001
-0.0012
-0.00081
-0.0012
-0.001
-0.00042
-0.0012
-0.00159
-0.00139
-0.00159
-0.00139
-0.00179
-0.00159
-0.00218
-0.00218
-0.00257
-0.00237
-0.00218
-0.00218
-0.00237
-0.00315
-0.00315
-0.00276
-0.00315
-0.00237
-0.00276
-0.00296
-0.00315
-0.00296
-0.00296
-0.00257
-0.00257
-0.00257
-0.00296
-0.00257
-0.00296
-0.00315
-0.00296
-0.00276
-0.00296
-0.00315
-0.00296
-0.00276
-0.00315
-0.00257
-0.00315
-0.00296
-0.00257
-0.00257
-0.00237
-0.00276
-0.00257
-0.00276
-0.00296
-0.00276
-0.00257
-0.00237
-0.00237
-0.00198
-0.00198
-0.00237
-0.00159
-0.00198
-0.00198
-0.00159
-0.00179
-0.00159
-0.00179
-0.00179
-0.00198
-0.00198
-0.00159
-0.00159
-0.0012
-0.00159
-0.00179
-0.00159
-0.00179
-0.00159
-0.00139
-0.00198
-0.00198
-0.00139
-0.00198
-0.00139
-0.00218
-0.00159
-0.00139
-0.00198
-0.00237
-0.00218
-0.00198
-0.00257
-0.00237
-0.00257
-0.00296
-0.00276
-0.00276
-0.00276
-0.00315
-0.00296
-0.00296
-0.00335
-0.00276
-0.00315
-0.00296
-0.00315
-0.00296
-0.00237
-0.00257
-0.00296
-0.00257
-0.00276
-0.00276
-0.00237
-0.00257
-0.00257
-0.00237
-0.00198
-0.00237
-0.00257
-0.00296
-0.00257
-0.00257
-0.00237
-0.00257
-0.00296
-0.00257
-0.00257
-0.00276
-0.00276
-0.00257
-0.00237
-0.00257
-0.00276
-0.00257
-0.00276
-0.00296
-0.00276
-0.00276
-0.00276
-0.00257
-0.00296
-0.00296
-0.00315
-0.00315
-0.00257
-0.00374
-0.00315
-0.00374
-0.00393
-0.00413
-0.00432
-0.00413
-0.00413
-0.00374
-0.00393
-0.00393
-0.00452
-0.00413
-0.00452
-0.00432
-0.00393
-0.00432
-0.00452
-0.00413
-0.00432
-0.00393
-0.00413
-0.00413
-0.00413
-0.00393
-0.00413
-0.00413
-0.00413
-0.00413
-0.00471
-0.00432
-0.00413
-0.00413
-0.00393
-0.00413
-0.00374
-0.00335
-0.00374
-0.00354
-0.00315
-0.00296
-0.00335
-0.00315
-0.00315
-0.00296
-0.00276
-0.00296
-0.00296
-0.00315
-0.00335
-0.00335
-0.00335
-0.00276
-0.00335
-0.00315
-0.00354
-0.00354
-0.00335
-0.00374
-0.00296
-0.00315
-0.00296
-0.00276
-0.00257
-0.00257
-0.00237
-0.00237
-0.00257
-0.00218
-0.00237
-0.00218
-0.00276
-0.00237
-0.00237
-0.00218
-0.00237
-0.00237
-0.00257
-0.00257
-0.00237
-0.00276
-0.00257
-0.00257
-0.00257
-0.00257
-0.00237
