-5.310001504000E-01

-0.00257
-0.00237
-0.00276
-0.00276
-0.00237
-0.00276
-0.00335
-0.00354
-0.00354
-0.00354
-0.00296
-0.00315
-0.00296
-0.00335
-0.00276
-0.00335
-0.00296
-0.00276
-0.00296
-0.00354
-0.00296
-0.00296
-0.00276
-0.00315
-0.00335
-0.00315
-0.00335
-0.00354
-0.00315
-0.00354
-0.00315
-0.00315
-0.00296
-0.00296
-0.00335
-0.00335
-0.00315
-0.00296
-0.00257
-0.00296
-0.00296
-0.00315
-0.00237
-0.00276
-0.00257
-0.00276
-0.00276
-0.00315
-0.00296
-0.00296
-0.00315
-0.00237
-0.00276
-0.00296
-0.00296
-0.00335
-0.00296
-0.00276
-0.00257
-0.00276
-0.00315
-0.00276
-0.00276
-0.00276
-0.00315
-0.00335
-0.00276
-0.00315
-0.00257
-0.00276
-0.00296
-0.00296
-0.00315
-0.00315
-0.00296
-0.00315
-0.00257
-0.00237
-0.00257
-0.00296
-0.00276
-0.00257
-0.00257
-0.00237
-0.00257
-0.00257
-0.00218
-0.00218
-0.00218
-0.00218
-0.00218
-0.00198
-0.00179
-0.00218
-0.00159
-0.00198
-0.0012
-0.00179
-0.00179
-0.00179
-0.00139
-0.00179
-0.00237
-0.00198
-0.00218
-0.00198
-0.00218
-0.00218
-0.00237
-0.00257
-0.00237
-0.00218
-0.00257
-0.00276
-0.00237
-0.00276
-0.00237
-0.00276
-0.00257
-0.00237
-0.00218
-0.00237
-0.00296
-0.00296
-0.00237
-0.00218
-0.00257
-0.00257
-0.00257
-0.00296
-0.00276
-0.00296
-0.00257
-0.00257
-0.00276
-0.00257
-0.00276
-0.00257
-0.00315
-0.00315
-0.00315
-0.00296
-0.00237
-0.00276
-0.00257
-0.00276
-0.00237
-0.00257
-0.00218
-0.00198
-0.00218
-0.00276
-0.00198
-0.00237
-0.00198
-0.00237
-0.00237
-0.00276
-0.00218
-0.00237
-0.00276
-0.00257
-0.00237
-0.00237
-0.00257
-0.00257
-0.00237
-0.00218
-0.00198
-0.00237
-0.00237
-0.00218
-0.00257
-0.00198
-0.00237
-0.00237
-0.00257
-0.00257
-0.00218
-0.00198
-0.00159
-0.00218
-0.00198
-0.00237
-0.00257
-0.00198
-0.00237
-0.00198
-0.00218
-0.00218
-0.00237
-0.00257
-0.00237
-0.00198
-0.00237
-0.00237
-0.00179
-0.00218
-0.00159
-0.00218
-0.00237
-0.00296
-0.00276
-0.00296
-0.00276
-0.00257
-0.00237
-0.00237
-0.00257
-0.00276
-0.00257
-0.00296
-0.00257
-0.00315
-0.00296
-0.00296
-0.00354
-0.00335
-0.00315
-0.00335
-0.00315
-0.00335
-0.00296
-0.00237
-0.00139
-0.00042
0.00056
0.00212
0.00251
0.00427
0.00603
0.00739
0.00954
0.0115
0.01325
0.0156
0.01716
0.01892
0.02068
0.02224
0.0238
0.02536
0.02654
0.02771
0.02829
0.02927
0.03005
0.03044
0.03122
0.0322
0.03259
0.03259
0.03279
0.03337
0.03318
0.03337
0.03435
0.03435
0.03357
0.03337
0.03376
0.03337
0.03298
0.03318
0.03298
0.03357
0.03279
0.03259
0.03239
0.03239
0.03239
0.032
0.03122
0.03103
0.03103
0.03044
0.03044
0.02986
0.02966
0.02907
0.02868
0.0281
0.0281
0.02771
0.02732
0.02732
0.02693
0.02673
0.02614
0.02575
0.02575
0.02595
0.02536
0.02517
0.02478
0.02458
0.02458
0.024
0.02361
0.02302
0.02302
0.02263
0.02243
0.02204
0.02185
0.02126
0.02126
0.02185
0.02126
0.02029
0.02009
0.01989
0.0195
0.01989
0.0197
0.0195
0.01892
0.01911
0.01872
0.01833
0.01814
0.01775
0.01794
0.01736
0.01696
0.01677
0.01696
0.01657
0.01657
0.01618
0.01579
0.01521
0.01482
0.01482
0.01462
0.01443
0.01404
0.01423
0.01384
0.01404
0.01345
0.01286
0.01267
0.01286
0.01286
0.01247
0.01208
0.01189
0.01189
0.01208
0.01208
0.0115
0.01091
0.01091
0.01071
0.01091
0.01071
0.01032
0.01032
0.01013
0.00974
0.00993
0.00935
0.00915
0.00915
0.00974
0.00876
0.00876
0.00857
0.00818
0.00857
0.00818
0.00818
0.00759
0.00759
0.00759
0.0072
0.00759
0.0072
0.0072
0.00681
0.00642
0.00622
0.00622
0.00642
0.00603
0.00564
0.00564
0.00544
0.00583
0.00564
0.00564
0.00583
0.00583
0.00525
0.00525
0.00505
0.00525
0.00525
0.00544
0.00486
0.00583
0.00544
0.00525
0.00486
0.00525
0.00505
0.00505
0.00505
0.00505
0.00505
0.00486
0.00486
0.00486
0.00466
0.00446
0.00446
0.00446
0.00388
0.00407
0.00427
0.00427
0.00427
0.00388
0.00349
0.00329
0.00368
0.00349
0.00329
0.00349
0.0029
0.00251
0.00232
0.00251
0.00251
0.00232
0.00251
0.00251
0.00232
0.00251
0.00193
0.00193
0.00173
0.00193
0.00154
0.00154
0.00134
0.00134
0.00173
0.00193
0.00154
0.00173
0.00154
0.00114
0.00095
0.00114
0.00114
0.00095
0.00114
0.00095
0.00056
0.00095
0.00114
0.00114
0.00114
0.00095
0.00114
0.00075
0.00114
0.00095
0.00095
0.00114
0.00075
0.00114
0.00075
0.00095
0.00056
0.00095
0.00095
0.00056
0.00075
0.00017
0.00036
0.00095
0.00114
0.00056
0.00056
0.00017
0.00095
0.00114
0.00036
0.00036
0.00017
-3e-05
0.00017
0.00036
0.00017
0.00017
0.00036
0.00017
0.00036
0.00095
-3e-05
0.00036
0.00017
0.00017
0.00056
0.00017
0.00036
-3e-05
-0.00022
0.00017
-3e-05
-3e-05
0.00036
0.00017
0.00036
0.00036
0.00036
-0.00042
0.00017
0.00017
-0.00022
-0.00022
-0.00022
-0.00022
-0.00022
-0.00061
-0.00061
-0.00061
-0.00022
-0.00081
-0.00042
-0.00042
-0.00081
-0.00061
-0.00081
-0.00061
-0.001
-0.00081
-0.001
-0.00139
-0.00159
-0.00179
-0.00139
-0.00139
-0.00159
-0.00179
-0.00198
-0.00198
-0.00198
-0.00159
-0.00198
-0.00218
-0.00237
-0.00198
-0.00198
-0.00159
-0.00179
-0.00159
-0.00179
-0.00179
-0.00179
-0.00179
-0.00139
-0.00159
-0.00159
-0.00179
-0.00139
-0.00159
-0.00159
-0.00139
-0.00179
-0.00179
-0.00139
-0.00159
-0.0012
-0.00139
-0.00139
-0.0012
-0.00139
-0.0012
-0.001
-0.00159
-0.0012
-0.00159
-0.00139
-0.00218
-0.00198
-0.00159
-0.00179
-0.00198
-0.00179
-0.00179
-0.00198
-0.00237
-0.00159
-0.00218
-0.00218
-0.00237
-0.00218
-0.00179
-0.00159
-0.00179
-0.00218
-0.00237
-0.00218
-0.00198
-0.00198
-0.00198
-0.00159
-0.00218
-0.00198
-0.00257
-0.00179
-0.00198
-0.00218
-0.00237
-0.00237
-0.00257
-0.00218
-0.00218
-0.00218
-0.00198
-0.00198
-0.00179
-0.00179
-0.00198
-0.00198
-0.00218
-0.00198
-0.0012
-0.00159
-0.00139
-0.00139
-0.00179
-0.00159
-0.00159
-0.00159
-0.00179
-0.00198
-0.00198
-0.00218
-0.00179
-0.00159
-0.00179
-0.00218
-0.00159
-0.00139
-0.00139
-0.00159
-0.00159
-0.00179
-0.00159
-0.00159
-0.00218
-0.00198
-0.00139
-0.00159
-0.00179
-0.00139
-0.00179
-0.00139
-0.00139
-0.00159
-0.00159
-0.00179
-0.00159
-0.00198
-0.00179
-0.00179
-0.00159
-0.00198
-0.00179
-0.00237
-0.00179
-0.00198
-0.00159
-0.00198
-0.00218
-0.00237
-0.00218
-0.00257
-0.00276
-0.00257
-0.00237
-0.00257
-0.00257
-0.00276
-0.00296
-0.00276
-0.00335
-0.00276
-0.00296
-0.00296
-0.00315
-0.00296
-0.00276
-0.00296
-0.00296
-0.00296
-0.00296
-0.00237
-0.00315
-0.00276
-0.00276
-0.00276
-0.00276
-0.00257
-0.00276
-0.00315
-0.00315
-0.00218
-0.00218
-0.00237
-0.00237
-0.00257
-0.00198
-0.00237
-0.00257
-0.00257
-0.00198
-0.00257
-0.00237
-0.00198
-0.00257
-0.00257
-0.00218
-0.00218
-0.00179
-0.00198
-0.00179
-0.00198
-0.00179
-0.00159
-0.00218
-0.00198
-0.00179
-0.00218
-0.00198
-0.00159
-0.00257
-0.00179
-0.00237
-0.00218
-0.00237
-0.00315
-0.00296
-0.00257
-0.00276
-0.00257
-0.00276
-0.00257
-0.00296
-0.00237
-0.00276
-0.00237
-0.00257
-0.00257
-0.00296
-0.00296
-0.00276
-0.00257
-0.00237
-0.00296
-0.00296
-0.00296
-0.00237
-0.00276
-0.00237
-0.00257
-0.00257
-0.00296
-0.00237
-0.00296
-0.00296
-0.00296
-0.00296
-0.00315
-0.00296
-0.00296
-0.00315
-0.00296
-0.00296
-0.00354
-0.00276
-0.00276
-0.00276
-0.00218
-0.00315
-0.00257
-0.00257
-0.00276
-0.00257
-0.00257
-0.00276
-0.00257
-0.00296
-0.00257
-0.00276
-0.00237
-0.00276
-0.00257
-0.00237
-0.00198
-0.00257
-0.00257
-0.00257
-0.00257
-0.00237
-0.00198
-0.00198
-0.00237
-0.00218
-0.00218
-0.00237
-0.00218
-0.00198
-0.00218
-0.00257
-0.00237
-0.00218
-0.00237
-0.00237
-0.00257
-0.00237
-0.00257
-0.00276
-0.00257
-0.00237
-0.00257
-0.00296
-0.00335
-0.00237
-0.00237
-0.00218
-0.00218
-0.00276
-0.00257
-0.00257
-0.00276
-0.00257
-0.00296
-0.00276
-0.00257
-0.00237
-0.00257
-0.00276
-0.00315
-0.00335
-0.00335
-0.00296
-0.00257
-0.00296
-0.00257
-0.00315
-0.00276
-0.00218
-0.00257
-0.00257
-0.00218
-0.00257
-0.00179
-0.00237
-0.00218
-0.00257
-0.00237
-0.00218
-0.00218
-0.00198
-0.00237
-0.00237
-0.00257
-0.00257
-0.00276
-0.00257
-0.00315
-0.00257
-0.00237
-0.00237
-0.00257
-0.00237
-0.00218
-0.00179
-0.00198
-0.00179
-0.00198
-0.00237
-0.00218
-0.00159
-0.00179
-0.00237
-0.00237
-0.00218
-0.00218
-0.00237
-0.00257
-0.00276
-0.00237
-0.00276
-0.00237
-0.00296
-0.00257
-0.00276
-0.00296
-0.00296
-0.00354
-0.00296
-0.00257
-0.00276
-0.00257
-0.00315
-0.00296
-0.00276
-0.00296
-0.00276
-0.00276
-0.00296
-0.00296
-0.00335
-0.00315
-0.00315
-0.00315
-0.00296
-0.00335
-0.00257
-0.00315
-0.00315
-0.00276
-0.00335
-0.00257
-0.00276
-0.00257
-0.00257
-0.00237
-0.00296
-0.00237
-0.00237
-0.00237
-0.00257
-0.00257
-0.00276
-0.00276
-0.00276
-0.00257
-0.00257
-0.00257
-0.00257
-0.00237
-0.00257
-0.00237
-0.00276
-0.00257
-0.00218
-0.00257
-0.00237
-0.00276
-0.00276
-0.00257
-0.00257
-0.00198
-0.00257
-0.00237
-0.00276
-0.00276
-0.00276
-0.00257
-0.00237
-0.00218
-0.00198
-0.00237
-0.00257
-0.00276
-0.00257
-0.00237
-0.00237
-0.00257
-0.00218
-0.00257
-0.00218
-0.00218
-0.00237
-0.00237
-0.00237
-0.00218
-0.00179
-0.00257
-0.00218
-0.00218
-0.00198
-0.00198
-0.00198
-0.00218
-0.00237
-0.00237
-0.00237
-0.00218
-0.00276
-0.00257
-0.00276
-0.00276
-0.00237
-0.00257
-0.00237
-0.00237
-0.00237
-0.00237
-0.00257
-0.00218
-0.00179
-0.00218
-0.00218
-0.00257
-0.00257
-0.00257
-0.00276
-0.00296
-0.00237
-0.00315
-0.00296
-0.00257
-0.00218
-0.00237
-0.00276
-0.00276
-0.00257
-0.00257
-0.00237
-0.00257
-0.00237
-0.00218
-0.00257
-0.00237
-0.00237
-0.00257
-0.00276
-0.00257
-0.00257
-0.00237
-0.00257
-0.00237
-0.00179
-0.00218
-0.00218
-0.00237
-0.00198
-0.00198
-0.00218
-0.00198
-0.00179
-0.00218
-0.00198
-0.00198
-0.00237
-0.00237
-0.00237
-0.00296
-0.00335
-0.00296
-0.00296
-0.00237
-0.00257
-0.00315
-0.00315
-0.00335
-0.00354
-0.00315
-0.00257
-0.00257
-0.00296
-0.00296
-0.00296
-0.00296
-0.00296
-0.00276
-0.00276
-0.00296
-0.00296
-0.00257
-0.00296
-0.00276
-0.00276
-0.00315
-0.00296
-0.00335
-0.00296
-0.00276
-0.00276
-0.00276
-0.00257
-0.00296
-0.00257
-0.00276
-0.00276
-0.00276
-0.00237
-0.00218
-0.00237
-0.00296
-0.00257
-0.00237
-0.00198
-0.00198
-0.00198
-0.00218
-0.00237
-0.00257
-0.00237
-0.00257
-0.00276
-0.00237
-0.00276
-0.00257
-0.00237
-0.00296
-0.00296
-0.00315
-0.00257
-0.00257
-0.00296
-0.00335
-0.00276
-0.00276
-0.00315
-0.00296
-0.00296
-0.00276
-0.00276
-0.00276
-0.00276
-0.00276
-0.00257
-0.00315
-0.00296
-0.00296
-0.00354
-0.00296
-0.00257
-0.00257
-0.00237
-0.00257
-0.00315
-0.00257
-0.00315
-0.00257
-0.00276
-0.00276
-0.00237
-0.00257
-0.00257
-0.00237
-0.00276
-0.00257
-0.00296
-0.00296
-0.00276
-0.00276
-0.00257
-0.00296
-0.00296
-0.00315
-0.00335
-0.00315
-0.00315
-0.00315
-0.00354
-0.00335
-0.00354
-0.00354
-0.00296
-0.00296
-0.00315
-0.00296
-0.00296
-0.00315
-0.00335
-0.00296
-0.00276
-0.00276
-0.00296
-0.00296
-0.00296
-0.00296
-0.00315
-0.00315
-0.00257
-0.00237
-0.00257
-0.00218
-0.00315
-0.00237
-0.00257
-0.00296
-0.00237
-0.00218
-0.00257
-0.00257
-0.00257
-0.00198
-0.00237
