-5.000001600000E-02

-0.00257
-0.00276
-0.00257
-0.00257
-0.00237
-0.00276
-0.00296
-0.00257
-0.00276
-0.00237
-0.00296
-0.00257
-0.00276
-0.00296
-0.00335
-0.00296
-0.00296
-0.00354
-0.00315
-0.00432
-0.00374
-0.00374
-0.00393
-0.00393
-0.00413
-0.00354
-0.00354
-0.00354
-0.00374
-0.00354
-0.00374
-0.00315
-0.00335
-0.00335
-0.00354
-0.00315
-0.00374
-0.00315
-0.00335
-0.00296
-0.00335
-0.00374
-0.00315
-0.00335
-0.00335
-0.00374
-0.00374
-0.00335
-0.00374
-0.00335
-0.00296
-0.00315
-0.00257
-0.00296
-0.00296
-0.00276
-0.00276
-0.00296
-0.00296
-0.00257
-0.00296
-0.00276
-0.00276
-0.00296
-0.00257
-0.00276
-0.00276
-0.00276
-0.00257
-0.00296
-0.00296
-0.00237
-0.00276
-0.00335
-0.00296
-0.00315
-0.00276
-0.00315
-0.00315
-0.00315
-0.00335
-0.00335
-0.00257
-0.00276
-0.00296
-0.00296
-0.00218
-0.00218
-0.00296
-0.00296
-0.00296
-0.00276
-0.00276
-0.00296
-0.00296
-0.00296
-0.00276
-0.00257
-0.00257
-0.00257
-0.00276
-0.00276
-0.00257
-0.00257
-0.00257
-0.00296
-0.00276
-0.00296
-0.00237
-0.00296
-0.00276
-0.00296
-0.00257
-0.00276
-0.00218
-0.00296
-0.00218
-0.00296
-0.00257
-0.00276
-0.00257
-0.00257
-0.00257
-0.00257
-0.00276
-0.00335
-0.00335
-0.00335
-0.00296
-0.00335
-0.00276
-0.00315
-0.00335
-0.00354
-0.00374
-0.00335
-0.00354
-0.00296
-0.00315
-0.00276
-0.00257
-0.00257
-0.00296
-0.00296
-0.00257
-0.00257
-0.00257
-0.00257
-0.00276
-0.00276
-0.00257
-0.00218
-0.00257
-0.00296
-0.00315
-0.00276
-0.00276
-0.00237
-0.00276
-0.00218
-0.00276
-0.00276
-0.00276
-0.00276
-0.00276
-0.00296
-0.00276
-0.00296
-0.00296
-0.00296
-0.00335
-0.00296
-0.00276
-0.00335
-0.00315
-0.00335
-0.00354
-0.00374
-0.00374
-0.00374
-0.00374
-0.00393
-0.00393
-0.00432
-0.00452
-0.00393
-0.00354
-0.00374
-0.00374
-0.00393
-0.00374
-0.00354
-0.00315
-0.00354
-0.00354
-0.00374
-0.00374
-0.00354
-0.00374
-0.00335
-0.00374
-0.00315
-0.00335
-0.00315
-0.00335
-0.00374
-0.00354
-0.00335
-0.00296
-0.00218
-0.00159
-0.00061
0.00173
0.00329
0.00564
0.00739
0.01052
0.01384
0.01677
0.02068
0.02478
0.02868
0.03239
0.03611
0.03943
0.04236
0.04665
0.04997
0.05329
0.05661
0.05993
0.06267
0.06579
0.06814
0.07068
0.0738
0.07595
0.07888
0.08103
0.08357
0.08591
0.08825
0.0906
0.09196
0.09333
0.09509
0.09646
0.09763
0.09841
0.09939
0.09997
0.10056
0.10075
0.10095
0.10114
0.10095
0.10075
0.10075
0.10017
0.10017
0.09939
0.09919
0.099
0.09821
0.09782
0.09665
0.09568
0.09489
0.09431
0.09353
0.09216
0.09177
0.09021
0.08982
0.08864
0.08767
0.0865
0.08591
0.08474
0.08435
0.08318
0.08181
0.08083
0.08025
0.07907
0.07829
0.07751
0.07654
0.07595
0.07478
0.0738
0.07282
0.07243
0.07165
0.07087
0.06989
0.06872
0.06775
0.06736
0.06638
0.06579
0.0656
0.06443
0.06384
0.06286
0.06325
0.06247
0.06208
0.06247
0.06189
0.06189
0.06189
0.06208
0.06189
0.0613
0.0613
0.06111
0.06091
0.06032
0.05993
0.05935
0.05896
0.05915
0.05876
0.05837
0.05759
0.057
0.0572
0.05642
0.05564
0.05564
0.05505
0.05407
0.05368
0.0529
0.05271
0.05193
0.05114
0.05134
0.05056
0.05036
0.049
0.04919
0.04861
0.04821
0.04763
0.04685
0.04646
0.04626
0.04568
0.04489
0.04431
0.04392
0.04333
0.04275
0.04177
0.04196
0.04138
0.04079
0.04021
0.03962
0.03923
0.03864
0.03845
0.03767
0.03728
0.03689
0.0363
0.0365
0.03591
0.03513
0.03493
0.03435
0.03415
0.03396
0.03357
0.03298
0.03298
0.032
0.03181
0.03122
0.03103
0.02986
0.03025
0.02907
0.02888
0.02849
0.02829
0.02771
0.02673
0.02712
0.02673
0.02614
0.02556
0.02595
0.02536
0.02536
0.02497
0.02517
0.02439
0.02458
0.024
0.02321
0.02321
0.02243
0.02204
0.02204
0.02224
0.02185
0.02126
0.02107
0.02068
0.02029
0.02009
0.0197
0.01931
0.01892
0.01892
0.01833
0.01755
0.01736
0.01736
0.01755
0.01716
0.01677
0.01618
0.01657
0.01638
0.01618
0.01618
0.01618
0.01579
0.0154
0.01521
0.01482
0.01404
0.01423
0.01404
0.01384
0.01384
0.01364
0.01345
0.01325
0.01306
0.01306
0.01325
0.01306
0.01267
0.01267
0.01286
0.01267
0.01208
0.01228
0.01208
0.01169
0.0115
0.0113
0.0115
0.0113
0.0113
0.0113
0.01111
0.00993
0.01032
0.01032
0.01013
0.01013
0.00954
0.00954
0.00954
0.00896
0.00974
0.00896
0.00915
0.00876
0.00896
0.00876
0.00876
0.00857
0.00818
0.00779
0.00779
0.00818
0.00759
0.00759
0.0072
0.0072
0.00681
0.00661
0.00661
0.00681
0.00583
0.00622
0.00622
0.00544
0.00583
0.00583
0.00564
0.00603
0.00564
0.00564
0.00544
0.00525
0.00544
0.00544
0.00564
0.00505
0.00446
0.00505
0.00466
0.00466
0.00446
0.00466
0.00486
0.00486
0.00466
0.00427
0.00388
0.00427
0.00427
0.00349
0.00388
0.00368
0.00388
0.00349
0.00407
0.00349
0.00329
0.0031
0.0031
0.0031
0.00329
0.00329
0.0031
0.00349
0.00329
0.0031
0.00271
0.00193
0.00251
0.00251
0.00212
0.00193
0.00232
0.00212
0.00193
0.00212
0.00232
0.00173
0.00154
0.00114
0.00154
0.00134
0.00134
0.00154
0.00154
0.00114
0.00154
0.00154
0.00173
0.00114
0.00154
0.00114
0.00134
0.00154
0.00114
0.00075
0.00114
0.00075
0.00095
0.00114
0.00075
0.00075
0.00075
0.00017
0.00075
0.00056
0.00075
0.00036
0.00017
0.00017
0.00036
0.00056
0.00036
-0.00042
-0.00022
-0.00022
-3e-05
-0.00042
-3e-05
-3e-05
-0.00022
-0.00061
-0.00081
-0.00042
-0.00061
-0.00081
-0.00139
-0.00081
-0.00061
-0.00061
-0.00081
-0.0012
-0.001
-0.001
-0.00061
-0.00081
-0.00061
-0.00081
-0.00042
-0.00022
-0.00022
-0.00042
-0.00042
-0.00061
0.00017
-0.00042
-0.00042
-0.0012
-0.00081
-0.00081
-0.00061
-0.00081
-0.0012
-0.00022
-0.00081
-0.00081
-0.0012
-0.001
-0.00139
-0.00139
-0.00081
-0.001
-0.00081
-0.00081
-0.00061
-0.00061
-0.001
-0.0012
-0.00081
-0.00081
-0.00042
-0.00081
-0.0012
-0.00081
-0.001
-0.0012
-0.00139
-0.0012
-0.00159
-0.00139
-0.00139
-0.00139
-0.00139
-0.0012
-0.00139
-0.00081
-0.00081
-0.001
-0.00081
-0.0012
-0.00139
-0.001
-0.001
-0.00081
-0.0012
-0.00159
-0.00159
-0.00139
-0.00159
-0.00139
-0.00198
-0.00179
-0.0012
-0.00179
-0.00179
-0.00237
-0.00198
-0.00198
-0.00159
-0.00159
-0.00139
-0.00159
-0.00139
-0.00159
-0.00159
-0.00179
-0.00179
-0.00139
-0.001
-0.001
-0.00139
-0.001
-0.00081
-0.0012
-0.001
-0.00139
-0.00159
-0.00198
-0.00159
-0.00159
-0.00179
-0.00237
-0.00179
-0.00179
-0.00159
-0.00179
-0.00198
-0.00198
-0.00237
-0.00198
-0.00198
-0.00179
-0.00218
-0.00237
-0.00159
-0.00179
-0.00218
-0.00198
-0.00218
-0.00198
-0.00159
-0.00218
-0.00218
-0.00276
-0.00237
-0.00237
-0.00218
-0.00257
-0.00237
-0.00237
-0.00257
-0.00296
-0.00237
-0.00218
-0.00257
-0.00218
-0.00237
-0.00257
-0.00276
-0.00237
-0.00257
-0.00257
-0.00276
-0.00276
-0.00257
-0.00257
-0.00257
-0.00257
-0.00276
-0.00296
-0.00276
-0.00296
-0.00296
-0.00296
-0.00296
-0.00296
-0.00276
-0.00315
-0.00296
-0.00276
-0.00257
-0.00257
-0.00315
-0.00276
-0.00276
-0.00218
-0.00179
-0.00257
-0.00237
-0.00257
-0.00296
-0.00276
-0.00296
-0.00276
-0.00257
-0.00296
-0.00257
-0.00257
-0.00237
-0.00237
-0.00237
-0.00276
-0.00315
-0.00296
-0.00296
-0.00296
-0.00296
-0.00315
-0.00354
-0.00354
-0.00276
-0.00315
-0.00315
-0.00335
-0.00296
-0.00276
-0.00315
-0.00335
-0.00296
-0.00335
-0.00354
-0.00335
-0.00374
-0.00335
-0.00315
-0.00354
-0.00335
-0.00354
-0.00335
-0.00354
-0.00354
-0.00354
-0.00393
-0.00374
-0.00354
-0.00296
-0.00296
-0.00296
-0.00315
-0.00374
-0.00354
-0.00354
-0.00315
-0.00315
-0.00315
-0.00335
-0.00296
-0.00315
-0.00296
-0.00296
-0.00257
-0.00237
-0.00198
-0.00218
-0.00218
-0.00237
-0.00257
-0.00296
-0.00237
-0.00257
-0.00237
-0.00198
-0.00198
-0.00218
-0.00276
-0.00237
-0.00237
-0.00218
-0.00218
-0.00198
-0.00257
-0.00218
-0.00237
-0.00257
-0.00276
-0.00237
-0.00237
-0.00218
-0.00218
-0.00257
-0.00237
-0.00198
-0.00237
-0.00237
-0.00218
-0.00218
-0.00218
-0.00198
-0.00179
-0.00179
-0.00237
-0.00218
-0.00237
-0.00257
-0.00198
-0.00198
-0.00179
-0.00198
-0.00218
-0.00179
-0.00237
-0.00179
-0.00237
-0.00159
-0.00218
-0.00218
-0.00218
-0.00257
-0.00257
-0.00276
-0.00276
-0.00276
-0.00276
-0.00315
-0.00276
-0.00257
-0.00276
-0.00237
-0.00257
-0.00276
-0.00315
-0.00276
-0.00276
-0.00276
-0.00315
-0.00296
-0.00315
-0.00276
-0.00296
-0.00354
-0.00335
-0.00296
-0.00315
-0.00276
-0.00315
-0.00296
-0.00315
-0.00315
-0.00315
-0.00257
-0.00296
-0.00315
-0.00276
-0.00335
-0.00315
-0.00335
-0.00257
-0.00276
-0.00296
-0.00315
-0.00335
-0.00335
-0.00335
-0.00413
-0.00335
-0.00335
-0.00393
-0.00374
-0.00374
-0.00354
-0.00374
-0.00354
-0.00393
-0.00393
-0.00393
-0.00393
-0.00393
-0.00432
-0.00432
-0.00432
-0.00413
-0.00471
-0.00452
-0.00471
-0.00452
-0.00471
-0.00471
-0.00393
-0.00452
-0.00413
-0.00432
-0.00374
-0.00393
-0.00393
-0.00413
-0.00374
-0.00393
-0.00374
-0.00393
-0.00374
-0.00374
-0.00354
-0.00315
-0.00393
-0.00354
-0.00354
-0.00335
-0.00335
-0.00393
-0.00354
-0.00432
-0.00393
-0.00315
-0.00335
-0.00374
-0.00354
-0.00374
-0.00354
-0.00393
-0.00354
-0.00374
-0.00354
-0.00354
-0.00335
-0.00374
-0.00374
-0.00374
-0.00354
-0.00335
-0.00374
-0.00354
-0.00335
-0.00354
-0.00335
-0.00335
-0.00315
-0.00315
-0.00257
-0.00335
-0.00296
-0.00296
-0.00335
-0.00335
-0.00315
-0.00276
-0.00296
-0.00296
-0.00296
-0.00296
-0.00257
-0.00276
-0.00257
-0.00257
-0.00276
-0.00237
-0.00276
-0.00296
-0.00296
-0.00335
-0.00257
-0.00237
-0.00276
-0.00296
-0.00296
-0.00276
-0.00296
-0.00296
-0.00276
-0.00237
-0.00237
-0.00276
-0.00315
-0.00315
-0.00296
-0.00335
-0.00315
-0.00296
-0.00296
-0.00315
-0.00296
-0.00296
-0.00315
-0.00296
-0.00296
-0.00296
-0.00276
-0.00276
-0.00276
-0.00296
-0.00315
-0.00296
-0.00276
-0.00257
-0.00276
-0.00257
-0.00296
-0.00296
-0.00276
-0.00296
-0.00335
-0.00257
-0.00335
-0.00315
-0.00335
-0.00296
-0.00315
-0.00315
-0.00354
-0.00296
-0.00296
-0.00315
-0.00315
-0.00335
-0.00335
-0.00335
-0.00335
-0.00296
-0.00276
-0.00354
-0.00237
-0.00315
-0.00296
-0.00296
-0.00276
-0.00315
-0.00335
-0.00335
-0.00315
-0.00335
-0.00354
-0.00413
-0.00354
-0.00354
-0.00354
-0.00374
-0.00315
-0.00374
-0.00354
-0.00354
-0.00354
-0.00354
-0.00335
-0.00374
-0.00354
-0.00354
-0.00393
-0.00432
-0.00393
-0.00432
-0.00413
-0.00374
-0.00354
-0.00413
-0.00452
-0.00432
-0.00413
-0.00393
-0.00452
-0.00413
-0.00413
-0.00374
-0.00413
-0.00413
-0.00432
-0.00374
-0.00374
-0.00335
-0.00315
-0.00315
-0.00374
-0.00374
-0.00354
-0.00335
-0.00413
-0.00374
-0.00374
-0.00335
-0.00393
-0.00374
-0.00354
-0.00354
-0.00354
-0.00315
-0.00315
-0.00374
-0.00335
-0.00296
-0.00315
-0.00315
-0.00315
-0.00276
-0.00296
-0.00296
-0.00335
-0.00296
-0.00315
-0.00296
-0.00296
-0.00296
-0.00296
-0.00276
-0.00237
-0.00276
-0.00237
-0.00257
-0.00276
-0.00296
-0.00335
-0.00296
-0.00257
-0.00257
-0.00257
-0.00257
-0.00237
-0.00257
-0.00257
-0.00276
-0.00237
-0.00237
-0.00198
-0.00218
-0.00257
-0.00237
-0.00218
-0.00257
-0.00237
-0.00276
-0.00257
-0.00276
