-2.420000704000E-01

-0.00179
-0.00198
-0.00198
-0.00139
-0.00139
-0.0012
-0.001
-0.00081
-0.0012
-0.00042
-0.00042
-0.00081
-0.00061
-0.00081
-0.00081
-0.00081
-0.00061
-0.00061
-0.00081
-0.00061
-0.001
-0.00061
-0.0012
-0.001
-0.0012
-0.00081
-0.00139
-0.0012
-0.00159
-0.00139
-0.0012
-0.00081
-0.00139
-0.00139
-0.00139
-0.00159
-0.00139
-0.001
-0.00159
-0.00139
-0.00179
-0.0012
-0.00218
-0.00198
-0.00237
-0.00218
-0.00198
-0.00198
-0.00276
-0.00257
-0.00276
-0.00276
-0.00296
-0.00257
-0.00296
-0.00257
-0.00315
-0.00257
-0.00257
-0.00296
-0.00296
-0.00296
-0.00276
-0.00257
-0.00296
-0.00257
-0.00315
-0.00296
-0.00315
-0.00315
-0.00296
-0.00315
-0.00335
-0.00335
-0.00335
-0.00296
-0.00315
-0.00335
-0.00374
-0.00315
-0.00354
-0.00354
-0.00296
-0.00335
-0.00335
-0.00335
-0.00335
-0.00335
-0.00276
-0.00276
-0.00354
-0.00354
-0.00354
-0.00354
-0.00335
-0.00335
-0.00374
-0.00354
-0.00335
-0.00315
-0.00315
-0.00354
-0.00354
-0.00354
-0.00335
-0.00354
-0.00354
-0.00374
-0.00374
-0.00374
-0.00335
-0.00374
-0.00315
-0.00315
-0.00315
-0.00276
-0.00315
-0.00315
-0.00296
-0.00296
-0.00413
-0.00335
-0.00354
-0.00257
-0.00315
-0.00315
-0.00315
-0.00296
-0.00276
-0.00276
-0.00296
-0.00237
-0.00296
-0.00276
-0.00296
-0.00257
-0.00315
-0.00276
-0.00335
-0.00237
-0.00237
-0.00257
-0.00315
-0.00257
-0.00237
-0.00218
-0.00218
-0.00237
-0.00218
-0.00198
-0.00218
-0.00198
-0.00257
-0.00237
-0.00218
-0.00198
-0.00179
-0.00179
-0.00198
-0.00218
-0.00218
-0.00159
-0.00198
-0.00139
-0.00179
-0.00198
-0.00139
-0.00139
-0.00159
-0.00179
-0.00218
-0.00198
-0.00179
-0.00159
-0.00159
-0.0012
-0.00139
-0.00139
-0.00139
-0.00179
-0.00159
-0.00159
-0.00139
-0.0012
-0.00139
-0.00139
-0.00179
-0.00139
-0.00159
-0.00139
-0.00159
-0.00139
-0.00218
-0.00179
-0.00179
-0.00139
-0.00159
-0.00159
-0.00159
-0.00179
-0.00198
-0.00179
-0.00218
-0.00198
-0.00237
-0.00159
-0.00198
-0.00218
-0.00218
-0.00198
-0.00257
-0.0012
-0.0012
-0.00042
0.00075
0.00173
0.0031
0.00407
0.00525
0.00603
0.00661
0.00857
0.00974
0.0113
0.01325
0.01521
0.01716
0.0197
0.02185
0.02517
0.02771
0.03122
0.03396
0.03767
0.04079
0.04353
0.04646
0.04958
0.05134
0.05368
0.05505
0.0572
0.05876
0.06052
0.0615
0.06267
0.06384
0.06462
0.06521
0.06599
0.06618
0.06696
0.06736
0.06736
0.06775
0.06814
0.06814
0.06814
0.06775
0.06736
0.06716
0.06716
0.06638
0.06618
0.06579
0.06599
0.06501
0.06443
0.06325
0.06364
0.06306
0.06267
0.0615
0.06111
0.06071
0.06013
0.05915
0.05857
0.05779
0.05779
0.05661
0.05622
0.05544
0.05486
0.05388
0.05329
0.05251
0.05154
0.05095
0.05036
0.04978
0.04939
0.0488
0.0488
0.04782
0.04704
0.04587
0.04568
0.04489
0.0445
0.04372
0.04275
0.04275
0.04275
0.04196
0.04138
0.04021
0.03982
0.04001
0.03962
0.03904
0.03845
0.03786
0.03786
0.03728
0.03728
0.0365
0.0365
0.0363
0.03591
0.03513
0.03474
0.03396
0.03415
0.03357
0.03298
0.03259
0.0322
0.03181
0.03142
0.03064
0.03083
0.03005
0.03005
0.02907
0.02907
0.02849
0.02849
0.0279
0.02771
0.02771
0.02751
0.02693
0.02614
0.02634
0.02614
0.02575
0.02536
0.02497
0.02458
0.0238
0.02419
0.024
0.02361
0.02282
0.02282
0.02243
0.02282
0.02243
0.02224
0.02243
0.02126
0.02146
0.02126
0.02087
0.02068
0.02029
0.02029
0.01989
0.01989
0.01931
0.0197
0.0195
0.01892
0.01833
0.01833
0.01833
0.01814
0.01794
0.01775
0.01775
0.01794
0.01755
0.01716
0.01696
0.01657
0.01677
0.01599
0.01599
0.01579
0.01521
0.01462
0.01462
0.01443
0.01462
0.01423
0.01384
0.01325
0.01404
0.01325
0.01345
0.01286
0.01306
0.01247
0.01228
0.01247
0.01247
0.01208
0.01169
0.01189
0.01189
0.01189
0.01091
0.01091
0.01071
0.01032
0.00974
0.00993
0.00935
0.00954
0.00837
0.00857
0.00857
0.00896
0.00857
0.00876
0.00798
0.00798
0.00798
0.00759
0.00759
0.00739
0.0072
0.0072
0.00642
0.00661
0.00622
0.00622
0.00564
0.00564
0.00544
0.00583
0.00525
0.00544
0.00466
0.00505
0.00525
0.00466
0.00407
0.00407
0.00446
0.00368
0.00368
0.00349
0.00329
0.00329
0.00329
0.00349
0.00349
0.0031
0.0031
0.00329
0.00271
0.0031
0.00329
0.0031
0.00329
0.00349
0.00368
0.00329
0.00329
0.00329
0.0029
0.0029
0.00329
0.0031
0.0029
0.0031
0.00271
0.00271
0.00271
0.00251
0.0029
0.0029
0.0031
0.0031
0.00271
0.00271
0.0029
0.00329
0.00271
0.00251
0.00232
0.00251
0.00251
0.00251
0.00271
0.00251
0.00212
0.00232
0.00212
0.00193
0.00212
0.00193
0.00193
0.00232
0.00212
0.00212
0.00173
0.00173
0.00173
0.00251
0.00193
0.00232
0.00193
0.00232
0.00232
0.00212
0.00232
0.00212
0.00251
0.00271
0.00251
0.00271
0.00212
0.00271
0.00251
0.00251
0.00251
0.00251
0.00212
0.00193
0.00193
0.00251
0.00251
0.00271
0.00251
0.00271
0.0029
0.00271
0.00232
0.00251
0.0029
0.00232
0.00271
0.0029
0.00271
0.00251
0.00212
0.00212
0.00232
0.00251
0.00193
0.00173
0.00193
0.00173
0.00193
0.00154
0.00154
0.00134
0.00134
0.00095
0.00095
0.00114
0.00114
0.00095
0.00095
0.00114
0.00075
0.00036
0.00017
0.00036
0.00036
0.00017
0.00056
0.00036
0.00017
0.00036
-0.00022
-0.00061
-0.00042
-0.00081
-0.00081
-0.00061
-0.001
-0.00081
-0.001
-0.001
-0.001
-0.00139
-0.00139
-0.00081
-0.00139
-0.00159
-0.00159
-0.00198
-0.00159
-0.00179
-0.00198
-0.00198
-0.00179
-0.00198
-0.00257
-0.00257
-0.00276
-0.00257
-0.00237
-0.00237
-0.00257
-0.00237
-0.00257
-0.00237
-0.00276
-0.00257
-0.00237
-0.00218
-0.00276
-0.00218
-0.00257
-0.00198
-0.00218
-0.00198
-0.00218
-0.00198
-0.00237
-0.00179
-0.00179
-0.00159
-0.00198
-0.00237
-0.00198
-0.00139
-0.00159
-0.00159
-0.00218
-0.00198
-0.00237
-0.00179
-0.00257
-0.00179
-0.00218
-0.00198
-0.00218
-0.00179
-0.00139
-0.00159
-0.00179
-0.00257
-0.00218
-0.00179
-0.00198
-0.00198
-0.00237
-0.00257
-0.00237
-0.00276
-0.00276
-0.00276
-0.00257
-0.00237
-0.00237
-0.00237
-0.00198
-0.00218
-0.00257
-0.00218
-0.00218
-0.00159
-0.00237
-0.00179
-0.00218
-0.00179
-0.00218
-0.00218
-0.00218
-0.00159
-0.00218
-0.0012
-0.00139
-0.00159
-0.00198
-0.00159
-0.00159
-0.00179
-0.00159
-0.00179
-0.00198
-0.00159
-0.00139
-0.0012
-0.00159
-0.0012
-0.0012
-0.0012
-0.00139
-0.00061
-0.00081
-0.00081
-0.0012
-0.00081
-0.001
-0.0012
-0.0012
-0.0012
-0.0012
-0.0012
-0.0012
-0.001
-0.0012
-0.00159
-0.00139
-0.00139
-0.00139
-0.0012
-0.0012
-0.001
-0.001
-0.00081
-0.0012
-0.0012
-0.00159
-0.00139
-0.00159
-0.00159
-0.00179
-0.00159
-0.00139
-0.0012
-0.0012
-0.0012
-0.0012
-0.0012
-0.00139
-0.00159
-0.00198
-0.00179
-0.00198
-0.00198
-0.00179
-0.00237
-0.00198
-0.00179
-0.00218
-0.00179
-0.00159
-0.00179
-0.00159
-0.00257
-0.00315
-0.00218
-0.00218
-0.00218
-0.00218
-0.00237
-0.00257
-0.00218
-0.00237
-0.00276
-0.00296
-0.00296
-0.00296
-0.00276
-0.00315
-0.00315
-0.00335
-0.00296
-0.00315
-0.00257
-0.00296
-0.00296
-0.00296
-0.00335
-0.00335
-0.00315
-0.00315
-0.00276
-0.00296
-0.00335
-0.00335
-0.00354
-0.00354
-0.00276
-0.00257
-0.00296
-0.00276
-0.00315
-0.00315
-0.00296
-0.00257
-0.00257
-0.00296
-0.00296
-0.00335
-0.00296
-0.00296
-0.00335
-0.00296
-0.00315
-0.00296
-0.00296
-0.00354
-0.00335
-0.00335
-0.00335
-0.00354
-0.00296
-0.00335
-0.00335
-0.00335
-0.00354
-0.00315
-0.00315
-0.00335
-0.00354
-0.00315
-0.00315
-0.00335
-0.00335
-0.00335
-0.00315
-0.00335
-0.00354
-0.00354
-0.00354
-0.00335
-0.00315
-0.00315
-0.00315
-0.00296
-0.00354
-0.00354
-0.00374
-0.00393
-0.00335
-0.00315
-0.00315
-0.00315
-0.00296
-0.00257
-0.00276
-0.00335
-0.00296
-0.00315
-0.00296
-0.00276
-0.00237
-0.00237
-0.00257
-0.00296
-0.00257
-0.00218
-0.00237
-0.00237
-0.00257
-0.00276
-0.00237
-0.00237
-0.00198
-0.00257
-0.00218
-0.00257
-0.00218
-0.00257
-0.00198
-0.00218
-0.00179
-0.00218
-0.00179
-0.00237
-0.00218
-0.00198
-0.00198
-0.00218
-0.00179
-0.00139
-0.00198
-0.00257
-0.00198
-0.00159
-0.0012
-0.00179
-0.00139
-0.001
-0.00042
-0.0012
-0.0012
-0.0012
-0.001
-0.0012
-0.00081
-0.0012
-0.00139
-0.0012
-0.00081
-0.001
-0.001
-0.00159
-0.00139
-0.0012
-0.0012
-0.001
-0.00159
-0.00198
-0.00139
-0.00198
-0.00159
-0.00179
-0.00159
-0.00159
-0.00179
-0.00198
-0.00159
-0.00179
-0.00218
-0.00179
-0.00179
-0.00218
-0.00237
-0.00237
-0.00218
-0.00218
-0.00218
-0.00257
-0.00237
-0.00237
-0.00257
-0.00237
-0.00257
-0.00198
-0.00179
-0.00257
-0.00257
-0.00257
-0.00198
-0.00237
-0.00218
-0.00237
-0.00198
-0.00218
-0.00179
-0.00179
-0.00218
-0.00198
-0.00257
-0.00218
-0.00198
-0.00198
-0.00198
-0.00218
-0.00179
-0.00218
-0.00237
-0.00218
-0.00218
-0.00257
-0.00276
-0.00257
-0.00257
-0.00257
-0.00296
-0.00296
-0.00237
-0.00257
-0.00354
-0.00315
-0.00354
-0.00354
-0.00335
-0.00354
-0.00374
-0.00374
-0.00374
-0.00354
-0.00374
-0.00335
-0.00315
-0.00374
-0.00393
-0.00354
-0.00354
-0.00374
-0.00374
-0.00374
-0.00296
-0.00393
-0.00354
-0.00393
-0.00374
-0.00354
-0.00315
-0.00335
-0.00335
-0.00335
-0.00335
-0.00335
-0.00315
-0.00315
-0.00354
-0.00374
-0.00354
-0.00335
-0.00315
-0.00335
-0.00335
-0.00374
-0.00354
-0.00335
-0.00315
-0.00315
-0.00354
-0.00335
-0.00335
-0.00315
-0.00315
-0.00354
-0.00315
-0.00335
-0.00335
-0.00315
-0.00315
-0.00315
-0.00296
-0.00354
-0.00354
-0.00354
-0.00315
-0.00354
-0.00257
-0.00276
-0.00276
-0.00276
-0.00198
-0.00237
-0.00237
-0.00257
-0.00257
-0.00257
-0.00276
-0.00237
-0.00257
-0.00237
-0.00218
-0.00198
-0.00179
-0.00198
-0.00218
-0.00237
-0.00198
-0.00179
-0.00198
-0.00198
-0.00198
-0.00218
-0.00198
-0.00198
-0.00237
-0.00198
-0.00198
-0.00159
-0.00179
-0.00159
-0.00198
-0.00179
-0.00237
-0.00218
-0.00218
-0.00237
-0.00218
-0.00276
-0.00296
-0.00257
-0.00257
-0.00198
-0.00237
-0.00218
-0.00218
-0.00237
-0.00237
-0.00257
-0.00198
-0.00159
-0.00159
-0.00218
-0.00218
-0.00237
-0.00237
-0.00218
-0.00237
-0.00179
-0.00218
-0.00218
-0.00218
-0.00179
-0.00179
-0.00179
-0.00179
-0.00218
-0.00179
-0.00257
-0.00218
-0.00237
-0.00179
-0.00139
-0.00159
-0.00198
-0.00179
-0.00237
-0.00198
-0.00237
-0.00218
-0.00198
-0.00218
-0.00237
-0.00257
-0.00218
-0.00218
-0.00296
-0.00296
-0.00335
-0.00276
-0.00354
-0.00315
-0.00315
-0.00296
-0.00315
-0.00296
-0.00315
-0.00296
-0.00335
-0.00335
-0.00354
-0.00335
-0.00354
-0.00374
-0.00335
-0.00335
-0.00335
-0.00393
-0.00354
-0.00354
-0.00374
-0.00413
-0.00354
-0.00354
-0.00335
-0.00413
-0.00374
-0.00374
-0.00354
-0.00374
-0.00315
-0.00354
-0.00354
-0.00413
-0.00393
-0.00393
-0.00374
-0.00335
-0.00374
-0.00354
-0.00374
-0.00374
-0.00335
-0.00374
-0.00354
-0.00354
-0.00354
-0.00374
-0.00374
-0.00315
-0.00315
-0.00315
-0.00335
-0.00296
-0.00354
-0.00296
-0.00393
-0.00315
-0.00335
-0.00315
-0.00296
-0.00276
-0.00335
-0.00296
-0.00315
-0.00315
-0.00315
-0.00257
-0.00335
-0.00315
-0.00335
-0.00296
-0.00354
-0.00276
-0.00296
-0.00276
-0.00296
-0.00257
-0.00315
-0.00257
