-1.584000444800E+00

-0.00276
-0.00237
-0.00237
-0.00218
-0.00218
-0.00218
-0.00198
-0.00237
-0.00218
-0.00218
-0.00198
-0.00218
-0.00179
-0.00198
-0.00237
-0.00218
-0.00257
-0.00179
-0.00198
-0.00198
-0.00198
-0.00237
-0.00218
-0.00276
-0.00276
-0.00276
-0.00276
-0.00296
-0.00296
-0.00296
-0.00315
-0.00296
-0.00315
-0.00354
-0.00354
-0.00315
-0.00296
-0.00315
-0.00335
-0.00374
-0.00354
-0.00354
-0.00354
-0.00315
-0.00315
-0.00296
-0.00315
-0.00296
-0.00315
-0.00296
-0.00276
-0.00276
-0.00237
-0.00296
-0.00237
-0.00257
-0.00237
-0.00237
-0.00198
-0.00276
-0.00218
-0.00276
-0.00257
-0.00257
-0.00257
-0.00257
-0.00237
-0.00257
-0.00237
-0.00237
-0.00198
-0.00276
-0.00257
-0.00276
-0.00257
-0.00315
-0.00296
-0.00315
-0.00276
-0.00335
-0.00335
-0.00335
-0.00354
-0.00335
-0.00335
-0.00374
-0.00354
-0.00354
-0.00354
-0.00354
-0.00354
-0.00335
-0.00374
-0.00335
-0.00374
-0.00335
-0.00393
-0.00354
-0.00413
-0.00374
-0.00354
-0.00393
-0.00374
-0.00393
-0.00413
-0.00335
-0.00374
-0.00374
-0.00393
-0.00374
-0.00335
-0.00335
-0.00354
-0.00354
-0.00393
-0.00374
-0.00335
-0.00335
-0.00315
-0.00354
-0.00315
-0.00296
-0.00354
-0.00315
-0.00335
-0.00296
-0.00315
-0.00315
-0.00335
-0.00335
-0.00257
-0.00335
-0.00276
-0.00335
-0.00335
-0.00374
-0.00354
-0.00276
-0.00296
-0.00354
-0.00354
-0.00315
-0.00315
-0.00335
-0.00354
-0.00354
-0.00335
-0.00335
-0.00335
-0.00354
-0.00296
-0.00335
-0.00296
-0.00335
-0.00315
-0.00296
-0.00296
-0.00276
-0.00257
-0.00296
-0.00276
-0.00296
-0.00257
-0.00276
-0.00257
-0.00257
-0.00218
-0.00257
-0.00237
-0.00198
-0.00198
-0.00218
-0.00179
-0.00218
-0.00237
-0.00276
-0.00257
-0.00257
-0.00218
-0.00276
-0.00257
-0.00296
-0.00257
-0.00296
-0.00257
-0.00237
-0.00257
-0.00237
-0.00237
-0.001
-3e-05
0.00095
0.00212
0.00349
0.00407
0.00505
0.00681
0.00759
0.00857
0.00954
0.01032
0.01091
0.01228
0.01286
0.01423
0.01599
0.01716
0.01911
0.02029
0.02224
0.02341
0.02497
0.02654
0.02771
0.02868
0.02946
0.03044
0.03122
0.03161
0.03161
0.03259
0.03318
0.03337
0.03396
0.03357
0.03396
0.03493
0.03532
0.03669
0.03825
0.04001
0.04216
0.04431
0.04607
0.04782
0.05017
0.05193
0.05368
0.05486
0.05622
0.057
0.05798
0.05935
0.05954
0.06052
0.06111
0.06111
0.06189
0.06208
0.06228
0.06208
0.06208
0.06247
0.06267
0.06286
0.06208
0.06228
0.06189
0.0613
0.06111
0.06071
0.06013
0.05915
0.05896
0.05896
0.05857
0.05798
0.05739
0.057
0.05622
0.05603
0.05544
0.05466
0.05407
0.05368
0.05329
0.0531
0.05212
0.05154
0.05114
0.05056
0.05017
0.04958
0.0488
0.04841
0.04802
0.04665
0.04626
0.04607
0.04548
0.0447
0.04431
0.04392
0.04314
0.04275
0.04177
0.04138
0.04079
0.0404
0.04001
0.03943
0.03943
0.03806
0.03845
0.03728
0.03669
0.0365
0.03611
0.03571
0.03493
0.03454
0.03396
0.03376
0.03298
0.03259
0.032
0.03103
0.03083
0.03122
0.03044
0.03025
0.02986
0.02966
0.02927
0.02849
0.02849
0.02829
0.02751
0.0279
0.02751
0.02732
0.02654
0.02614
0.02595
0.02595
0.02556
0.02517
0.02497
0.02419
0.024
0.02361
0.02341
0.02263
0.02243
0.02243
0.02263
0.02224
0.02146
0.02087
0.02068
0.02068
0.02048
0.02048
0.02009
0.0197
0.0195
0.01931
0.0195
0.01892
0.01853
0.01892
0.01872
0.01794
0.01775
0.01736
0.01736
0.01696
0.01696
0.01677
0.01677
0.01657
0.01579
0.01618
0.0156
0.0156
0.01521
0.0154
0.01501
0.01521
0.01482
0.01404
0.01423
0.01443
0.01404
0.01404
0.01404
0.01306
0.01345
0.01325
0.01345
0.01325
0.01267
0.01208
0.01208
0.01189
0.0113
0.01169
0.0115
0.0115
0.01071
0.01071
0.01071
0.01032
0.00993
0.01032
0.00974
0.01013
0.00935
0.00915
0.00915
0.00935
0.00876
0.00876
0.00857
0.00857
0.0072
0.00759
0.00759
0.007
0.007
0.00661
0.00661
0.00681
0.0072
0.00622
0.00603
0.00564
0.00583
0.00583
0.00603
0.00603
0.00564
0.00603
0.00564
0.00622
0.00564
0.00525
0.00505
0.00466
0.00446
0.00466
0.00466
0.00466
0.00466
0.00486
0.00486
0.00486
0.00466
0.00427
0.00427
0.00388
0.00368
0.00388
0.00388
0.00407
0.00388
0.00368
0.00368
0.00388
0.00329
0.0031
0.0029
0.00329
0.0031
0.0029
0.00271
0.00271
0.00271
0.0029
0.00232
0.00251
0.00271
0.00271
0.00271
0.00271
0.00232
0.00271
0.00271
0.0029
0.00232
0.00251
0.00271
0.00232
0.00251
0.00271
0.0029
0.00271
0.00251
0.00212
0.00154
0.00193
0.00193
0.00212
0.00212
0.00212
0.00193
0.00212
0.00193
0.00212
0.00154
0.00173
0.00212
0.00173
0.00154
0.00193
0.00173
0.00154
0.00173
0.00154
0.00114
0.00193
0.00154
0.00154
0.00154
0.00154
0.00154
0.00173
0.00134
0.00193
0.00134
0.00173
0.00154
0.00134
0.00114
0.00154
0.00134
0.00154
0.00114
0.00114
0.00134
0.00075
0.00134
0.00154
0.00114
0.00114
0.00114
0.00095
0.00134
0.00134
0.00134
0.00095
0.00095
0.00056
0.00075
0.00075
0.00075
0.00075
0.00075
0.00114
0.00036
0.00036
0.00036
0.00036
0.00075
0.00017
0.00017
-3e-05
0.00056
0.00036
0.00017
0.00017
0.00036
0.00036
-3e-05
0.00056
0.00017
0.00036
-0.00042
-0.00042
-0.001
-0.00081
-0.00061
-0.00022
-0.00022
-0.00042
-0.00081
-0.00081
-0.00061
-0.001
-0.0012
-0.001
-0.001
-0.0012
-0.001
-0.00139
-0.00159
-0.00139
-0.00198
-0.00159
-0.00179
-0.00198
-0.00198
-0.00198
-0.00218
-0.00218
-0.00218
-0.00198
-0.00198
-0.00218
-0.00218
-0.00218
-0.00198
-0.00257
-0.00218
-0.00179
-0.00237
-0.00198
-0.00198
-0.00179
-0.00237
-0.00218
-0.00218
-0.00198
-0.00218
-0.00218
-0.00296
-0.00276
-0.00276
-0.00315
-0.00315
-0.00237
-0.00276
-0.00257
-0.00296
-0.00276
-0.00296
-0.00237
-0.00237
-0.00218
-0.00276
-0.00296
-0.00276
-0.00257
-0.00276
-0.00237
-0.00276
-0.00257
-0.00237
-0.00237
-0.00296
-0.00296
-0.00276
-0.00276
-0.00296
-0.00296
-0.00335
-0.00276
-0.00296
-0.00276
-0.00315
-0.00296
-0.00276
-0.00237
-0.00276
-0.00237
-0.00276
-0.00257
-0.00218
-0.00257
-0.00237
-0.00257
-0.00296
-0.00276
-0.00276
-0.00276
-0.00198
-0.00237
-0.00257
-0.00276
-0.00237
-0.00237
-0.00257
-0.00257
-0.00276
-0.00198
-0.00276
-0.00179
-0.00296
-0.00237
-0.00257
-0.00198
-0.00218
-0.00159
-0.00159
-0.00179
-0.00179
-0.00179
-0.00198
-0.00179
-0.00159
-0.00139
-0.00179
-0.00198
-0.00179
-0.00179
-0.00198
-0.00159
-0.00179
-0.00218
-0.00198
-0.00218
-0.00179
-0.00198
-0.00179
-0.00198
-0.00198
-0.00179
-0.00159
-0.00159
-0.00198
-0.00159
-0.00198
-0.00179
-0.00179
-0.00159
-0.00159
-0.00218
-0.00198
-0.00159
-0.00179
-0.00218
-0.00237
-0.00218
-0.00218
-0.00237
-0.00218
-0.00218
-0.00218
-0.0012
-0.00159
-0.00159
-0.00218
-0.00198
-0.00179
-0.00179
-0.00198
-0.00218
-0.00179
-0.00218
-0.00198
-0.00198
-0.00218
-0.00237
-0.00237
-0.00257
-0.00257
-0.00257
-0.00237
-0.00237
-0.00218
-0.00218
-0.00257
-0.00257
-0.00218
-0.00257
-0.00218
-0.00218
-0.00237
-0.00257
-0.00257
-0.00237
-0.00276
-0.00257
-0.00237
-0.00257
-0.00296
-0.00276
-0.00257
-0.00296
-0.00296
-0.00296
-0.00276
-0.00257
-0.00276
-0.00315
-0.00276
-0.00315
-0.00276
-0.00296
-0.00296
-0.00276
-0.00257
-0.00296
-0.00296
-0.00315
-0.00296
-0.00237
-0.00276
-0.00276
-0.00296
-0.00257
-0.00276
-0.00257
-0.00276
-0.00257
-0.00296
-0.00276
-0.00315
-0.00374
-0.00296
-0.00315
-0.00335
-0.00335
-0.00315
-0.00296
-0.00374
-0.00354
-0.00374
-0.00315
-0.00354
-0.00315
-0.00296
-0.00335
-0.00315
-0.00315
-0.00354
-0.00374
-0.00354
-0.00315
-0.00296
-0.00335
-0.00315
-0.00393
-0.00374
-0.00354
-0.00374
-0.00374
-0.00354
-0.00393
-0.00354
-0.00335
-0.00296
-0.00315
-0.00335
-0.00315
-0.00296
-0.00276
-0.00276
-0.00296
-0.00257
-0.00276
-0.00257
-0.00218
-0.00218
-0.00198
-0.00198
-0.00218
-0.00257
-0.00296
-0.00257
-0.00237
-0.00218
-0.00218
-0.00276
-0.00237
-0.00237
-0.00257
-0.00257
-0.00257
-0.00218
-0.00276
-0.00237
-0.00237
-0.00276
-0.00257
-0.00257
-0.00257
-0.00257
-0.00276
-0.00276
-0.00296
-0.00296
-0.00276
-0.00276
-0.00296
-0.00315
-0.00315
-0.00276
-0.00276
-0.00296
-0.00276
-0.00296
-0.00296
-0.00296
-0.00237
-0.00315
-0.00315
-0.00296
-0.00335
-0.00335
-0.00296
-0.00296
-0.00257
-0.00257
-0.00276
-0.00257
-0.00237
-0.00257
-0.00237
-0.00237
-0.00218
-0.00237
-0.00218
-0.00276
-0.00237
-0.00257
-0.00237
-0.00237
-0.00159
-0.00198
-0.00218
-0.00198
-0.00198
-0.00237
-0.00237
-0.00257
-0.00218
-0.00198
-0.00159
-0.00179
-0.00218
-0.00218
-0.00237
-0.00276
-0.00237
-0.00276
-0.00237
-0.00276
-0.00257
-0.00257
-0.00257
-0.00296
-0.00237
-0.00296
-0.00276
-0.00315
-0.00296
-0.00315
-0.00354
-0.00315
-0.00296
-0.00335
-0.00335
-0.00374
-0.00374
-0.00335
-0.00354
-0.00335
-0.00354
-0.00315
-0.00374
-0.00393
-0.00413
-0.00432
-0.00374
-0.00393
-0.00393
-0.00374
-0.00374
-0.00354
-0.00374
-0.00374
-0.00374
-0.00374
-0.00354
-0.00393
-0.00374
-0.00354
-0.00354
-0.00393
-0.00354
-0.00393
-0.00393
-0.00432
-0.00413
-0.00374
-0.00393
-0.00393
-0.00374
-0.00393
-0.00374
-0.00374
-0.00374
-0.00354
-0.00374
-0.00393
-0.00413
-0.00393
-0.00335
-0.00354
-0.00335
-0.00354
-0.00315
-0.00335
-0.00354
-0.00315
-0.00276
-0.00315
-0.00315
-0.00315
-0.00296
-0.00276
-0.00315
-0.00315
-0.00296
-0.00296
-0.00276
-0.00296
-0.00257
-0.00276
-0.00237
-0.00257
-0.00315
-0.00296
-0.00276
-0.00276
-0.00296
-0.00276
-0.00257
-0.00296
-0.00237
-0.00237
-0.00237
-0.00237
-0.00198
-0.00218
-0.00237
-0.00257
-0.00237
-0.00257
-0.00237
-0.00237
-0.00276
-0.00237
-0.00237
-0.00218
-0.00237
-0.00198
-0.00237
-0.00237
-0.00218
-0.00237
-0.00218
-0.00237
-0.00218
-0.00237
-0.00179
-0.00237
-0.00198
-0.00218
-0.00218
-0.00218
-0.00218
-0.00218
-0.00179
-0.00139
-0.00159
-0.00179
-0.00139
-0.00198
-0.00159
-0.00218
-0.00198
-0.00296
-0.00218
-0.00218
-0.00179
-0.00159
-0.00159
-0.00237
-0.00218
-0.00179
-0.00218
-0.00179
-0.00179
-0.00198
-0.00198
-0.00237
-0.00218
-0.00198
-0.00179
-0.00237
-0.00237
-0.00218
-0.00198
-0.00179
-0.00179
-0.00218
-0.00218
-0.00198
-0.00257
-0.00218
-0.00198
-0.00218
-0.00159
-0.00237
-0.00237
-0.00257
-0.00237
-0.00218
-0.00237
-0.00237
-0.00179
-0.00237
-0.00276
-0.00257
-0.00315
-0.00276
-0.00296
-0.00354
-0.00335
-0.00335
-0.00335
-0.00335
-0.00374
-0.00354
-0.00393
-0.00354
-0.00354
-0.00315
-0.00335
-0.00354
-0.00413
-0.00374
-0.00393
-0.00432
-0.00452
-0.00413
-0.00374
-0.00413
-0.00452
-0.00393
-0.00413
-0.00432
-0.00432
-0.00374
-0.00432
-0.00374
-0.00354
-0.00335
-0.00354
-0.00354
-0.00354
-0.00374
-0.00374
-0.00374
-0.00374
-0.00335
-0.00413
-0.00335
-0.00354
-0.00374
-0.00374
-0.00374
-0.00354
-0.00393
-0.00393
-0.00374
-0.00432
-0.00413
-0.00393
-0.00354
-0.00413
-0.00393
-0.00374
-0.00393
-0.00393
-0.00374
-0.00374
-0.00413
-0.00374
-0.00393
-0.00374
-0.00374
-0.00354
-0.00393
-0.00393
-0.00393
-0.00413
-0.00393
-0.00413
-0.00354
-0.00393
-0.00374
-0.00354
-0.00335
-0.00335
-0.00335
-0.00296
-0.00335
-0.00276
-0.00296
-0.00335
-0.00315
-0.00315
-0.00335
-0.00315
-0.00315
-0.00296
-0.00335
