-3.320000960000E-01

-0.00237
-0.00257
-0.00237
-0.00257
-0.00237
-0.00276
-0.00257
-0.00257
-0.00257
-0.00237
-0.00179
-0.00198
-0.00218
-0.00218
-0.00257
-0.00159
-0.00237
-0.00198
-0.00198
-0.00159
-0.00159
-0.00139
-0.00159
-0.00139
-0.00179
-0.0012
-0.00139
-0.00159
-0.00179
-0.0012
-0.00159
-0.00139
-0.00198
-0.00139
-0.00179
-0.00159
-0.00198
-0.00159
-0.00218
-0.00237
-0.00237
-0.00237
-0.00218
-0.00257
-0.00237
-0.00237
-0.00237
-0.00296
-0.00237
-0.00237
-0.00237
-0.00237
-0.00296
-0.00276
-0.00296
-0.00257
-0.00296
-0.00257
-0.00257
-0.00257
-0.00257
-0.00296
-0.00276
-0.00276
-0.00276
-0.00296
-0.00296
-0.00237
-0.00218
-0.00257
-0.00257
-0.00276
-0.00276
-0.00237
-0.00237
-0.00198
-0.00237
-0.00218
-0.00198
-0.00198
-0.00237
-0.00218
-0.00257
-0.00218
-0.00237
-0.00237
-0.00276
-0.00218
-0.00237
-0.00198
-0.00218
-0.00179
-0.00237
-0.00218
-0.00198
-0.00179
-0.00218
-0.00198
-0.00159
-0.00159
-0.00198
-0.00198
-0.00179
-0.00139
-0.00179
-0.00159
-0.00198
-0.00179
-0.00237
-0.00179
-0.00159
-0.00198
-0.00159
-0.00218
-0.00139
-0.00159
-0.00159
-0.00179
-0.00218
-0.00218
-0.00179
-0.00159
-0.0012
-0.00198
-0.00198
-0.00139
-0.00159
-0.00139
-0.00139
-0.00139
-0.0012
-0.001
-0.00179
-0.00218
-0.00198
-0.00179
-0.00198
-0.00198
-0.00218
-0.00198
-0.00218
-0.00218
-0.00198
-0.00237
-0.00237
-0.00276
-0.00237
-0.00257
-0.00257
-0.00218
-0.00237
-0.00218
-0.00237
-0.00257
-0.00237
-0.00218
-0.00218
-0.00218
-0.00237
-0.00257
-0.00296
-0.00296
-0.00276
-0.00237
-0.00296
-0.00257
-0.00276
-0.00237
-0.00276
-0.00237
-0.00257
-0.00257
-0.00257
-0.00198
-0.00198
-0.00159
-0.00179
-0.00179
-0.00159
-0.00179
-0.00198
-0.00218
-0.00198
-0.00218
-0.00218
-0.00218
-0.00237
-0.00198
-0.00198
-0.00218
-0.00257
-0.00218
-0.00237
-0.00218
-0.00179
-0.00218
-0.00218
-0.00218
-0.00218
-0.00218
-0.00218
-0.00237
-0.00179
-0.00218
-0.00237
-0.00257
-0.00237
-0.00237
-0.0012
0.00036
0.00232
0.00427
0.00583
0.00857
0.01228
0.01618
0.02009
0.02439
0.02849
0.03239
0.03591
0.04021
0.04431
0.04802
0.05173
0.05564
0.05896
0.06267
0.06579
0.06872
0.07165
0.07419
0.07575
0.07829
0.08083
0.08318
0.08513
0.08786
0.08982
0.09177
0.09372
0.09529
0.09646
0.09802
0.099
0.09997
0.10114
0.10134
0.10154
0.10212
0.10212
0.10251
0.10271
0.10251
0.10271
0.10212
0.10154
0.10134
0.10114
0.10017
0.09939
0.09841
0.09782
0.09685
0.09626
0.09529
0.0947
0.09392
0.09275
0.09196
0.09099
0.09099
0.08943
0.08845
0.08767
0.08669
0.08611
0.08493
0.08435
0.08318
0.08239
0.08122
0.08025
0.07946
0.07888
0.07732
0.07634
0.07497
0.07361
0.07282
0.07185
0.07126
0.07029
0.06892
0.06872
0.06736
0.06677
0.06599
0.0654
0.06443
0.06364
0.06267
0.06267
0.0613
0.06091
0.06032
0.05935
0.05876
0.05759
0.05681
0.05622
0.05564
0.05525
0.05446
0.05329
0.05271
0.05193
0.05134
0.05075
0.05036
0.04939
0.049
0.04841
0.04802
0.04782
0.04665
0.04626
0.04529
0.04548
0.04509
0.0447
0.04353
0.04333
0.04216
0.04236
0.04177
0.04118
0.0404
0.04021
0.03962
0.03904
0.03806
0.03767
0.03728
0.0365
0.0363
0.03591
0.03571
0.03552
0.03493
0.03396
0.03376
0.03298
0.03318
0.03298
0.0322
0.03181
0.03161
0.03142
0.03044
0.03064
0.02946
0.02946
0.02907
0.02849
0.02829
0.0281
0.02771
0.02732
0.02693
0.02673
0.02614
0.02595
0.02556
0.02536
0.02478
0.02517
0.02517
0.02478
0.02439
0.0238
0.02341
0.02321
0.02321
0.02243
0.02282
0.02204
0.02185
0.02146
0.02146
0.02107
0.02068
0.02048
0.02029
0.02029
0.01989
0.01931
0.01872
0.01892
0.01853
0.01853
0.01814
0.01833
0.01794
0.01794
0.01736
0.01755
0.01657
0.01696
0.01677
0.01657
0.01618
0.01599
0.01579
0.0156
0.0154
0.01521
0.0154
0.01501
0.01482
0.01443
0.01423
0.01462
0.01384
0.01423
0.01345
0.01364
0.01325
0.01325
0.01286
0.01286
0.01286
0.01267
0.01247
0.01247
0.01247
0.01228
0.01208
0.01189
0.01169
0.0113
0.01111
0.01071
0.01091
0.01071
0.01071
0.01032
0.01013
0.00993
0.01013
0.01013
0.00974
0.00954
0.00915
0.00915
0.00935
0.00876
0.00837
0.00837
0.00837
0.00818
0.00818
0.00798
0.00779
0.00779
0.00739
0.00759
0.0072
0.00739
0.007
0.007
0.00642
0.00642
0.00642
0.00661
0.00622
0.00642
0.00661
0.00603
0.00642
0.00642
0.00661
0.00661
0.007
0.007
0.00642
0.00642
0.00622
0.00642
0.00661
0.00661
0.00642
0.00564
0.00622
0.00603
0.00583
0.00564
0.00525
0.00564
0.00505
0.00466
0.00486
0.00486
0.00446
0.00466
0.00466
0.00407
0.00368
0.00388
0.00388
0.00368
0.00407
0.00368
0.00368
0.00368
0.00427
0.00407
0.00407
0.00349
0.00349
0.0029
0.0029
0.00251
0.00212
0.00251
0.00232
0.00271
0.00251
0.00193
0.00193
0.00232
0.00232
0.00232
0.00212
0.00193
0.00251
0.00193
0.00271
0.00232
0.00232
0.00232
0.00193
0.00251
0.00193
0.00173
0.00154
0.00173
0.00193
0.00193
0.00173
0.00134
0.00114
0.00154
0.00154
0.00114
0.00154
0.00134
0.00173
0.00154
0.00212
0.00134
0.00134
0.00154
0.00154
0.00114
0.00114
0.00095
0.00095
0.00134
0.00095
0.00095
0.00114
0.00056
0.00095
0.00075
0.00114
0.00017
0.00075
0.00075
0.00134
0.00075
0.00075
0.00095
0.00056
0.00075
0.00056
0.00075
0.00075
0.00075
0.00075
0.00036
0.00056
0.00075
0.00056
0.00075
0.00095
0.00056
0.00036
0.00056
0.00017
0.00075
0.00036
0.00056
0.00017
0.00017
-3e-05
-3e-05
-3e-05
-0.00042
-0.00042
-3e-05
0.00017
-0.00022
-3e-05
-3e-05
-0.00022
-0.00042
-3e-05
-0.00042
-3e-05
-0.00061
-0.00061
-0.00042
-0.00022
-0.00061
-0.00081
-0.00042
-0.00081
-0.00042
-0.00042
-0.00042
-3e-05
-0.00042
-0.00022
-0.00042
0.00017
-0.00042
-0.00042
-0.00042
-0.00042
-0.00061
-3e-05
-0.00022
-0.00022
-3e-05
-3e-05
-0.00022
-0.00042
-0.00042
-0.00022
-0.00022
-0.00022
-0.00042
-0.00061
0.00017
-0.00042
-0.00061
-0.001
-0.00081
-0.0012
-0.001
-0.0012
-0.0012
-0.001
-0.0012
-0.00022
-0.00159
-0.0012
-0.00159
-0.00139
-0.00139
-0.00139
-0.001
-0.00159
-0.00179
-0.00159
-0.001
-0.001
-0.0012
-0.00139
-0.0012
-0.0012
-0.0012
-0.0012
-0.00139
-0.0012
-0.00139
-0.00139
-0.00139
-0.00198
-0.00139
-0.00139
-0.0012
-0.001
-0.001
-0.001
-0.0012
-0.0012
-0.00159
-0.00179
-0.00159
-0.00159
-0.0012
-0.00139
-0.00159
-0.0012
-0.00179
-0.00139
-0.00198
-0.00179
-0.00159
-0.00139
-0.00159
-0.0012
-0.00139
-0.00179
-0.00198
-0.00179
-0.00179
-0.00159
-0.00159
-0.00139
-0.0012
-0.00139
-0.00159
-0.0012
-0.00081
-0.001
-0.0012
-0.0012
-0.0012
-0.001
-0.00159
-0.00139
-0.0012
-0.00139
-0.00198
-0.00179
-0.00159
-0.00179
-0.00198
-0.00218
-0.00179
-0.00179
-0.00218
-0.00198
-0.00198
-0.00159
-0.00198
-0.00218
-0.00179
-0.00179
-0.00198
-0.00218
-0.00218
-0.00179
-0.00198
-0.00198
-0.00179
-0.00198
-0.00218
-0.00198
-0.00198
-0.00159
-0.00218
-0.00257
-0.00218
-0.00237
-0.00237
-0.00218
-0.00198
-0.00218
-0.00179
-0.00198
-0.00198
-0.00237
-0.00237
-0.00218
-0.00257
-0.00218
-0.00179
-0.00198
-0.00198
-0.00198
-0.00237
-0.00237
-0.00218
-0.00218
-0.00237
-0.00257
-0.00257
-0.00218
-0.00218
-0.00198
-0.00257
-0.00159
-0.00218
-0.00198
-0.00179
-0.00198
-0.00218
-0.00159
-0.00179
-0.00159
-0.00159
-0.001
-0.00159
-0.0012
-0.00179
-0.00159
-0.00179
-0.00198
-0.00179
-0.00179
-0.00179
-0.00179
-0.00139
-0.00159
-0.00139
-0.001
-0.00179
-0.00139
-0.00179
-0.00139
-0.00139
-0.00139
-0.00179
-0.00198
-0.00159
-0.00159
-0.00198
-0.00139
-0.00159
-0.00159
-0.00159
-0.00159
-0.00139
-0.00179
-0.00159
-0.00179
-0.00198
-0.00179
-0.00198
-0.00179
-0.00179
-0.00159
-0.00198
-0.00218
-0.00237
-0.00179
-0.00179
-0.00159
-0.00179
-0.00159
-0.00159
-0.00179
-0.00159
-0.00139
-0.001
-0.0012
-0.00179
-0.00139
-0.00159
-0.0012
-0.0012
-0.00159
-0.00139
-0.00159
-0.00198
-0.00198
-0.00159
-0.00159
-0.00139
-0.00179
-0.00179
-0.00159
-0.00237
-0.00218
-0.00198
-0.00237
-0.00198
-0.00179
-0.00179
-0.00198
-0.00237
-0.00237
-0.00139
-0.00179
-0.00218
-0.00218
-0.00257
-0.00237
-0.00276
-0.00237
-0.00198
-0.00237
-0.00237
-0.00237
-0.00237
-0.00276
-0.00257
-0.00276
-0.00257
-0.00237
-0.00237
-0.00218
-0.00179
-0.00198
-0.00218
-0.00218
-0.00237
-0.00237
-0.00237
-0.00218
-0.00218
-0.00198
-0.00218
-0.00257
-0.00237
-0.00198
-0.00237
-0.00257
-0.00276
-0.00315
-0.00296
-0.00276
-0.00276
-0.00257
-0.00296
-0.00257
-0.00218
-0.00237
-0.00276
-0.00257
-0.00296
-0.00257
-0.00257
-0.00276
-0.00296
-0.00276
-0.00276
-0.00218
-0.00218
-0.00237
-0.00237
-0.00198
-0.00218
-0.00218
-0.00276
-0.00237
-0.00218
-0.00198
-0.00198
-0.00198
-0.00198
-0.00198
-0.00218
-0.00198
-0.00198
-0.00179
-0.00179
-0.00198
-0.00179
-0.00159
-0.00159
-0.00218
-0.00159
-0.00198
-0.00218
-0.00218
-0.00218
-0.00198
-0.00179
-0.00218
-0.00198
-0.00179
-0.00218
-0.00159
-0.00179
-0.00237
-0.00257
-0.00218
-0.00257
-0.00257
-0.00237
-0.00237
-0.00257
-0.00218
-0.00237
-0.00237
-0.00276
-0.00237
-0.00276
-0.00257
-0.00257
-0.00257
-0.00237
-0.00257
-0.00237
-0.00159
-0.00198
-0.00198
-0.00218
-0.00218
-0.00237
-0.00218
-0.00198
-0.00257
-0.00198
-0.00257
-0.00257
-0.00257
-0.00276
-0.00276
-0.00237
-0.00237
-0.00257
-0.00237
-0.00257
-0.00179
-0.00276
-0.00257
-0.00198
-0.00237
-0.00237
-0.00237
-0.00218
-0.00237
-0.00257
-0.00218
-0.00237
-0.00179
-0.00257
-0.00218
-0.00237
-0.00218
-0.00257
-0.00237
-0.00198
-0.00218
-0.00257
-0.00257
-0.00198
-0.00257
-0.00257
-0.00237
-0.00237
-0.00257
-0.00237
-0.00198
-0.00198
-0.00218
-0.00218
-0.00218
-0.00198
-0.00159
-0.00218
-0.00257
-0.00218
-0.00198
-0.00198
-0.00159
-0.0012
-0.00139
-0.00198
-0.00218
-0.00237
-0.00179
-0.00218
-0.00237
-0.00198
-0.00237
-0.00179
-0.00237
-0.00218
-0.00218
-0.00237
-0.00257
-0.00218
-0.00218
-0.00198
-0.00198
-0.00198
-0.00218
-0.00198
-0.00218
-0.00179
-0.00198
-0.00218
-0.00218
-0.00139
-0.00198
-0.00198
-0.00218
-0.00218
-0.00237
-0.00237
-0.00257
-0.00296
-0.00237
-0.00276
-0.00237
-0.00198
-0.00198
-0.00159
-0.00179
-0.00218
-0.00159
-0.00198
-0.00198
-0.00218
-0.00198
-0.00179
-0.00159
-0.00179
-0.00159
-0.00198
-0.00179
-0.00159
-0.00218
-0.00276
-0.00218
-0.00218
-0.00237
-0.00257
-0.00257
-0.00257
-0.00257
-0.00276
-0.00276
-0.00257
-0.00218
-0.00218
-0.00276
-0.00237
-0.00218
-0.00218
-0.00237
-0.00218
-0.00237
-0.00257
-0.00257
-0.00198
-0.00179
-0.00198
-0.00198
-0.00218
-0.00179
-0.00237
-0.00237
-0.00198
-0.00218
-0.00198
-0.00257
-0.00218
-0.00198
-0.00198
-0.00179
-0.00218
-0.00218
-0.00198
-0.00159
-0.00218
-0.00237
-0.00179
-0.00198
-0.00218
-0.00198
-0.00218
-0.00218
-0.00218
-0.00179
-0.00257
-0.00257
-0.00257
-0.00237
-0.00237
-0.00257
-0.00276
-0.00237
-0.00237
-0.00198
-0.00198
-0.00198
-0.00237
-0.00237
-0.00218
-0.00257
-0.00218
-0.00198
-0.00257
-0.00257
-0.00276
-0.00276
-0.00296
-0.00276
-0.00276
-0.00237
-0.00198
-0.00237
