-8.190002304000E-01

-0.00276
-0.00296
-0.00335
-0.00296
-0.00296
-0.00257
-0.00315
-0.00335
-0.00315
-0.00315
-0.00354
-0.00296
-0.00335
-0.00296
-0.00354
-0.00335
-0.00354
-0.00374
-0.00315
-0.00315
-0.00335
-0.00354
-0.00335
-0.00315
-0.00296
-0.00276
-0.00257
-0.00237
-0.00315
-0.00218
-0.00257
-0.00296
-0.00218
-0.00257
-0.00296
-0.00276
-0.00276
-0.00276
-0.00315
-0.00296
-0.00335
-0.00296
-0.00296
-0.00237
-0.00257
-0.00237
-0.00257
-0.00237
-0.00237
-0.00276
-0.00218
-0.00276
-0.00198
-0.00198
-0.00218
-0.00179
-0.00218
-0.00198
-0.00276
-0.00218
-0.00257
-0.00179
-0.00237
-0.00218
-0.00296
-0.00276
-0.00296
-0.00276
-0.00276
-0.00315
-0.00257
-0.00276
-0.00296
-0.00296
-0.00276
-0.00296
-0.00335
-0.00315
-0.00276
-0.00257
-0.00276
-0.00237
-0.00257
-0.00257
-0.00218
-0.00218
-0.00257
-0.00218
-0.00198
-0.0012
-0.00218
-0.0012
-0.00198
-0.00159
-0.00179
-0.00159
-0.00198
-0.00179
-0.00159
-0.00179
-0.00198
-0.00159
-0.00139
-0.0012
-0.00139
-0.0012
-0.0012
-0.00179
-0.0012
-0.00159
-0.001
-0.001
-0.00139
-0.001
-0.00159
-0.00139
-0.00198
-0.00139
-0.00198
-0.00179
-0.00159
-0.00159
-0.00159
-0.00159
-0.00198
-0.00198
-0.00198
-0.00159
-0.00159
-0.00198
-0.00159
-0.00198
-0.00159
-0.001
-0.00139
-0.00218
-0.00198
-0.00218
-0.00218
-0.00257
-0.00296
-0.00257
-0.00315
-0.00257
-0.00218
-0.00257
-0.00237
-0.00276
-0.00257
-0.00276
-0.00276
-0.00218
-0.00257
-0.00237
-0.00218
-0.00218
-0.00218
-0.00237
-0.00296
-0.00315
-0.00276
-0.00257
-0.00237
-0.00276
-0.00257
-0.00276
-0.00315
-0.00315
-0.00335
-0.00354
-0.00354
-0.00335
-0.00354
-0.00315
-0.00354
-0.00315
-0.00354
-0.00374
-0.00296
-0.00296
-0.00296
-0.00335
-0.00374
-0.00315
-0.00354
-0.00315
-0.00335
-0.00257
-0.00296
-0.00276
-0.00296
-0.00335
-0.00276
-0.00296
-0.00296
-0.00276
-0.00276
-0.00315
-0.00315
-0.00315
-0.00276
-0.00237
-0.00237
-0.00237
-0.00257
-0.00257
-0.00276
-0.00257
-0.00296
-0.00237
-0.00315
-0.00276
-0.00276
-0.00237
-0.00315
-0.00237
-0.00159
-0.0012
-3e-05
0.00134
0.0029
0.00505
0.00779
0.01071
0.01462
0.01794
0.02204
0.02556
0.02986
0.03337
0.03747
0.04236
0.04665
0.05075
0.05427
0.05837
0.0613
0.06482
0.06775
0.07029
0.07302
0.07497
0.07751
0.07868
0.08064
0.082
0.08318
0.08415
0.08513
0.08552
0.0865
0.08708
0.08767
0.08786
0.08806
0.08845
0.08825
0.08845
0.08845
0.08825
0.08747
0.08786
0.08708
0.0865
0.0863
0.08552
0.08474
0.08435
0.08318
0.08279
0.08181
0.08103
0.07946
0.07927
0.0781
0.07732
0.07693
0.07536
0.07419
0.074
0.07282
0.07243
0.07087
0.07048
0.0695
0.06872
0.06814
0.06775
0.06657
0.0656
0.06462
0.06404
0.06364
0.06247
0.0615
0.06052
0.05974
0.05935
0.05857
0.05759
0.05642
0.05544
0.05486
0.05388
0.05407
0.0531
0.05271
0.05173
0.05134
0.05017
0.05036
0.04939
0.04841
0.04802
0.04743
0.04724
0.04646
0.04607
0.0447
0.0447
0.04353
0.04294
0.04236
0.04177
0.04177
0.04138
0.0406
0.04021
0.03982
0.03962
0.03904
0.03904
0.03786
0.03747
0.03728
0.03669
0.03611
0.03552
0.03513
0.03493
0.03474
0.03474
0.03376
0.03376
0.03279
0.03298
0.03239
0.03181
0.03122
0.03103
0.03005
0.03005
0.03005
0.02946
0.02888
0.02888
0.02888
0.0279
0.0279
0.02732
0.02712
0.02654
0.02614
0.02575
0.02595
0.02497
0.02497
0.02458
0.0238
0.02361
0.02302
0.02263
0.02224
0.02224
0.02165
0.02126
0.02126
0.02068
0.02087
0.02087
0.01989
0.0197
0.0197
0.0195
0.01931
0.01931
0.01872
0.01872
0.01833
0.01833
0.01775
0.01696
0.01696
0.01657
0.01618
0.01638
0.01599
0.0156
0.01501
0.0154
0.0154
0.01501
0.01501
0.01462
0.01501
0.01423
0.01462
0.01423
0.01443
0.01404
0.01404
0.01384
0.01384
0.01345
0.01325
0.01325
0.01345
0.01306
0.01286
0.01267
0.01267
0.01247
0.01267
0.01208
0.01111
0.0115
0.01111
0.01111
0.01091
0.01052
0.01032
0.01052
0.01032
0.00993
0.00954
0.01013
0.00954
0.00935
0.00857
0.00857
0.00857
0.00896
0.00857
0.00876
0.00837
0.00818
0.00818
0.00779
0.0072
0.0072
0.0072
0.0072
0.00759
0.00759
0.0072
0.007
0.007
0.00759
0.007
0.00681
0.00622
0.00681
0.00642
0.00642
0.00583
0.00583
0.00583
0.00544
0.00583
0.00583
0.00583
0.00564
0.00583
0.00583
0.00525
0.00525
0.00525
0.00603
0.00583
0.00603
0.00622
0.00622
0.00603
0.00564
0.00544
0.00564
0.00564
0.00564
0.00486
0.00505
0.00486
0.00525
0.00466
0.00466
0.00407
0.00407
0.00407
0.00446
0.00349
0.00388
0.00388
0.00388
0.00368
0.00388
0.00388
0.00368
0.00388
0.00368
0.00368
0.0031
0.0029
0.0029
0.0029
0.0031
0.0029
0.00251
0.00251
0.00232
0.00271
0.00232
0.00232
0.00251
0.00271
0.00232
0.00232
0.00232
0.00232
0.00193
0.00212
0.00212
0.00193
0.00193
0.00251
0.00212
0.00232
0.00193
0.00232
0.00193
0.00193
0.00154
0.00134
0.00173
0.00173
0.00173
0.00134
0.00134
0.00154
0.00095
0.00114
0.00134
0.00056
0.00056
0.00056
0.00075
-3e-05
0.00056
0.00017
0.00017
-3e-05
-0.00022
-0.00061
-0.00042
-0.00061
-0.00022
-0.00022
-0.00022
-3e-05
-0.00022
-0.00022
-0.00022
-0.00042
-0.00081
-0.00042
-0.00042
-0.00042
0.00017
0.00017
-0.00022
-0.00061
-3e-05
0.00036
0.00017
0.00017
0.00056
0.00036
-0.00022
0.00036
0.00036
0.00017
0.00017
-0.00022
0.00036
0.00036
-3e-05
-0.00042
-3e-05
-3e-05
0.00017
-3e-05
-0.00022
-0.00022
-0.00022
-0.00042
0.00017
-0.00042
-0.00042
-0.00042
-0.00061
-3e-05
0.00017
-0.00022
-0.00042
-0.00081
-0.00042
-0.001
-0.00061
-0.001
-0.001
-0.0012
-0.00061
-0.00139
-0.0012
-0.001
-0.001
-0.001
-0.00081
-0.001
-0.00139
-0.001
-0.001
-0.001
-0.00081
-0.0012
-0.001
-0.0012
-0.001
-0.001
-0.001
-0.001
-0.001
-0.0012
-0.00139
-0.0012
-0.001
-0.00139
-0.0012
-0.00081
-0.001
-0.00081
-0.00061
-0.001
-0.00081
-0.0012
-0.001
-0.001
-0.0012
-0.001
-0.00081
-0.001
-0.00081
-0.001
-0.0012
-0.0012
-0.00139
-0.00159
-0.001
-0.001
-0.001
-0.00139
-0.0012
-0.00139
-0.00179
-0.00179
-0.00139
-0.00218
-0.00198
-0.00179
-0.00159
-0.00159
-0.00159
-0.00139
-0.0012
-0.0012
-0.00139
-0.00159
-0.0012
-0.00179
-0.00159
-0.00159
-0.00159
-0.00159
-0.00139
-0.00179
-0.00179
-0.00179
-0.00276
-0.00218
-0.00257
-0.00257
-0.00218
-0.00296
-0.00276
-0.00276
-0.00237
-0.00315
-0.00315
-0.00257
-0.00257
-0.00276
-0.00276
-0.00237
-0.00237
-0.00276
-0.00276
-0.00257
-0.00276
-0.00257
-0.00257
-0.00315
-0.00276
-0.00276
-0.00257
-0.00257
-0.00237
-0.00198
-0.00237
-0.00237
-0.00237
-0.00218
-0.00179
-0.00159
-0.00139
-0.00139
-0.00159
-0.00159
-0.00139
-0.001
-0.00081
-0.001
-0.00081
-0.0012
-0.0012
-0.0012
-0.00139
-0.00139
-0.00139
-0.00179
-0.0012
-0.00159
-0.0012
-0.00198
-0.00198
-0.00198
-0.00198
-0.00237
-0.00198
-0.00218
-0.00198
-0.00257
-0.00218
-0.00237
-0.00198
-0.00276
-0.00296
-0.00296
-0.00276
-0.00296
-0.00296
-0.00257
-0.00335
-0.00296
-0.00296
-0.00257
-0.00315
-0.00315
-0.00335
-0.00335
-0.00354
-0.00354
-0.00276
-0.00296
-0.00296
-0.00257
-0.00257
-0.00276
-0.00315
-0.00296
-0.00276
-0.00276
-0.00237
-0.00296
-0.00276
-0.00257
-0.00257
-0.00257
-0.00237
-0.00296
-0.00237
-0.00218
-0.00198
-0.00218
-0.00237
-0.00237
-0.00237
-0.00237
-0.00237
-0.00218
-0.00198
-0.00218
-0.00237
-0.00218
-0.00198
-0.00198
-0.00179
-0.00198
-0.00218
-0.00218
-0.00237
-0.00237
-0.00237
-0.00218
-0.00237
-0.00237
-0.00237
-0.00237
-0.00237
-0.00237
-0.00159
-0.00198
-0.00218
-0.00237
-0.00257
-0.00237
-0.00237
-0.00218
-0.00237
-0.00257
-0.00296
-0.00276
-0.00257
-0.00198
-0.00257
-0.00276
-0.00218
-0.00257
-0.00198
-0.00237
-0.00276
-0.00198
-0.00218
-0.00257
-0.00257
-0.00218
-0.00237
-0.00237
-0.00276
-0.00237
-0.00276
-0.00257
-0.00276
-0.00296
-0.00276
-0.00276
-0.00315
-0.00315
-0.00296
-0.00335
-0.00257
-0.00257
-0.00296
-0.00335
-0.00276
-0.00257
-0.00276
-0.00276
-0.00218
-0.00296
-0.00296
-0.00257
-0.00276
-0.00276
-0.00257
-0.00257
-0.00257
-0.00237
-0.00237
-0.00237
-0.00296
-0.00276
-0.00257
-0.00276
-0.00237
-0.00257
-0.00257
-0.00237
-0.00257
-0.00257
-0.00257
-0.00198
-0.00257
-0.00257
-0.00237
-0.00237
-0.00276
-0.00296
-0.00237
-0.00276
-0.00237
-0.00257
-0.00335
-0.00276
-0.00296
-0.00257
-0.00276
-0.00296
-0.00315
-0.00354
-0.00354
-0.00354
-0.00335
-0.00315
-0.00315
-0.00315
-0.00296
-0.00296
-0.00296
-0.00374
-0.00315
-0.00276
-0.00276
-0.00315
-0.00315
-0.00315
-0.00335
-0.00276
-0.00276
-0.00257
-0.00296
-0.00276
-0.00257
-0.00296
-0.00257
-0.00335
-0.00276
-0.00276
-0.00257
-0.00296
-0.00315
-0.00257
-0.00257
-0.00257
-0.00296
-0.00257
-0.00257
-0.00296
-0.00257
-0.00296
-0.00237
-0.00296
-0.00296
-0.00276
-0.00257
-0.00296
-0.00276
-0.00237
-0.00257
-0.00296
-0.00257
-0.00257
-0.00276
-0.00315
-0.00276
-0.00335
-0.00276
-0.00237
-0.00296
-0.00257
-0.00257
-0.00257
-0.00257
-0.00257
-0.00276
-0.00276
-0.00257
-0.00237
-0.00198
-0.00218
-0.00257
-0.00237
-0.00257
-0.00257
-0.00237
-0.00257
-0.00257
-0.00257
-0.00257
-0.00257
-0.00257
-0.00315
-0.00257
-0.00237
-0.00257
-0.00276
-0.00257
-0.00296
-0.00315
-0.00276
-0.00276
-0.00276
-0.00296
-0.00276
-0.00315
-0.00354
-0.00354
-0.00335
-0.00315
-0.00315
-0.00335
-0.00335
-0.00393
-0.00335
-0.00335
-0.00335
-0.00374
-0.00354
-0.00315
-0.00354
-0.00315
-0.00354
-0.00335
-0.00354
-0.00354
-0.00335
-0.00354
-0.00315
-0.00335
-0.00315
-0.00335
-0.00335
-0.00296
-0.00276
-0.00237
-0.00218
-0.00198
-0.00198
-0.00218
-0.00237
-0.00237
-0.00218
-0.00218
-0.00218
-0.00218
-0.00257
-0.00218
-0.00237
-0.00218
-0.00198
-0.00198
-0.00218
-0.00218
-0.00218
-0.00237
-0.00237
-0.00237
-0.00257
-0.00237
-0.00237
-0.00218
-0.00257
-0.00218
-0.00276
-0.00257
-0.00276
-0.00257
-0.00218
-0.00276
-0.00237
-0.00237
-0.00257
-0.00296
-0.00315
-0.00315
-0.00335
-0.00296
-0.00296
-0.00315
-0.00296
-0.00257
-0.00315
-0.00237
-0.00257
-0.00276
-0.00296
-0.00315
-0.00296
-0.00296
-0.00315
-0.00315
-0.00315
-0.00315
-0.00335
-0.00315
-0.00335
-0.00335
-0.00315
-0.00276
-0.00315
-0.00315
-0.00315
-0.00276
-0.00296
-0.00276
-0.00315
-0.00276
-0.00296
-0.00237
-0.00257
-0.00257
-0.00276
-0.00257
-0.00276
-0.00218
-0.00237
-0.00257
-0.00237
-0.00257
-0.00296
-0.00296
-0.00276
-0.00237
-0.00257
-0.00237
-0.00218
-0.00276
-0.00276
-0.00276
-0.00237
-0.00257
-0.00237
-0.00257
-0.00276
-0.00237
-0.00296
-0.00257
-0.00237
-0.00276
-0.00257
-0.00257
-0.00257
-0.00276
-0.00315
-0.00237
-0.00276
-0.00276
-0.00296
-0.00296
-0.00276
-0.00257
-0.00315
-0.00257
-0.00296
-0.00237
-0.00276
-0.00237
-0.00296
-0.00257
-0.00296
-0.00276
-0.00276
-0.00315
-0.00276
-0.00315
-0.00315
-0.00257
-0.00296
-0.00276
-0.00276
-0.00296
-0.00257
-0.00276
-0.00296
-0.00296
-0.00335
-0.00276
-0.00296
-0.00276
-0.00296
-0.00237
-0.00237
-0.00237
-0.00257
-0.00276
-0.00218
-0.00218
-0.00198
-0.00198
-0.00237
-0.00218
-0.00198
-0.00218
