-1.253000352000E+00

-0.00296
-0.00296
-0.00315
-0.00335
-0.00315
-0.00354
-0.00354
-0.00374
-0.00374
-0.00335
-0.00354
-0.00296
-0.00276
-0.00296
-0.00315
-0.00296
-0.00354
-0.00335
-0.00335
-0.00335
-0.00335
-0.00335
-0.00335
-0.00315
-0.00276
-0.00296
-0.00257
-0.00276
-0.00257
-0.00296
-0.00276
-0.00296
-0.00257
-0.00276
-0.00296
-0.00276
-0.00296
-0.00257
-0.00257
-0.00257
-0.00257
-0.00296
-0.00257
-0.00257
-0.00218
-0.00276
-0.00237
-0.00335
-0.00218
-0.00296
-0.00315
-0.00315
-0.00315
-0.00296
-0.00276
-0.00315
-0.00296
-0.00296
-0.00276
-0.00315
-0.00296
-0.00354
-0.00335
-0.00374
-0.00393
-0.00335
-0.00335
-0.00315
-0.00296
-0.00315
-0.00315
-0.00354
-0.00296
-0.00296
-0.00315
-0.00374
-0.00335
-0.00335
-0.00335
-0.00335
-0.00296
-0.00315
-0.00354
-0.00354
-0.00315
-0.00315
-0.00296
-0.00315
-0.00296
-0.00374
-0.00354
-0.00296
-0.00276
-0.00276
-0.00257
-0.00296
-0.00335
-0.00354
-0.00315
-0.00315
-0.00354
-0.00335
-0.00335
-0.00354
-0.00296
-0.00296
-0.00276
-0.00296
-0.00296
-0.00315
-0.00296
-0.00315
-0.00315
-0.00354
-0.00374
-0.00354
-0.00335
-0.00315
-0.00296
-0.00315
-0.00315
-0.00335
-0.00315
-0.00296
-0.00276
-0.00315
-0.00296
-0.00315
-0.00335
-0.00296
-0.00335
-0.00296
-0.00276
-0.00296
-0.00335
-0.00315
-0.00276
-0.00276
-0.00315
-0.00335
-0.00315
-0.00335
-0.00315
-0.00335
-0.00257
-0.00315
-0.00315
-0.00335
-0.00315
-0.00335
-0.00335
-0.00354
-0.00354
-0.00354
-0.00276
-0.00296
-0.00354
-0.00354
-0.00335
-0.00335
-0.00354
-0.00335
-0.00315
-0.00315
-0.00335
-0.00315
-0.00315
-0.00315
-0.00335
-0.00296
-0.00296
-0.00335
-0.00296
-0.00315
-0.00315
-0.00315
-0.00354
-0.00354
-0.00315
-0.00354
-0.00335
-0.00354
-0.00354
-0.00315
-0.00296
-0.00335
-0.00296
-0.00335
-0.00276
-0.00315
-0.00315
-0.00276
-0.00218
-0.00237
-0.00257
-0.00296
-0.00296
-0.00276
-0.00276
-0.00257
-0.00237
-0.00296
-0.00296
-0.00276
-0.00257
-0.00257
-0.00257
-0.00276
-0.00257
-0.00198
-0.00159
-3e-05
0.00095
0.00271
0.00368
0.00486
0.00622
0.00857
0.01032
0.01208
0.01443
0.01638
0.01911
0.02185
0.02497
0.0281
0.03161
0.03493
0.03825
0.04157
0.0445
0.04743
0.05017
0.05251
0.05486
0.05681
0.05876
0.06013
0.06169
0.06306
0.06423
0.06501
0.06599
0.06638
0.06716
0.06755
0.06794
0.06833
0.06853
0.06892
0.06853
0.06931
0.06931
0.06911
0.06911
0.06853
0.06853
0.06736
0.06736
0.06696
0.06657
0.06638
0.06599
0.0656
0.06501
0.06404
0.06384
0.06306
0.06247
0.0613
0.06032
0.05954
0.05935
0.05876
0.05857
0.05759
0.05681
0.05642
0.05525
0.05407
0.05388
0.05329
0.05251
0.05212
0.05134
0.05095
0.04997
0.04958
0.04861
0.04763
0.04763
0.04665
0.04607
0.04568
0.04489
0.04431
0.04392
0.04294
0.04255
0.04236
0.04157
0.04118
0.0406
0.03962
0.04001
0.03943
0.03904
0.03845
0.03767
0.03747
0.03669
0.03669
0.03552
0.03532
0.03474
0.03435
0.03376
0.03376
0.03357
0.0322
0.0322
0.03122
0.03103
0.03103
0.03025
0.02986
0.02966
0.02946
0.02868
0.02888
0.02829
0.0279
0.02732
0.02732
0.02712
0.02673
0.02673
0.02595
0.02614
0.02517
0.02478
0.02497
0.02439
0.02439
0.02419
0.024
0.02302
0.02302
0.02263
0.02243
0.02224
0.02185
0.02185
0.02185
0.02185
0.02107
0.02126
0.02068
0.02068
0.02048
0.02009
0.02029
0.01911
0.0197
0.01911
0.01853
0.01833
0.01775
0.01775
0.01696
0.01677
0.01599
0.01638
0.0156
0.01579
0.0154
0.0154
0.01443
0.01482
0.01404
0.01423
0.01345
0.01345
0.01364
0.01345
0.01306
0.01306
0.01306
0.01267
0.01247
0.01247
0.01267
0.01208
0.01228
0.01169
0.0113
0.0113
0.01091
0.0113
0.0113
0.01071
0.01032
0.01032
0.01013
0.01032
0.01032
0.01032
0.01032
0.01013
0.01013
0.00993
0.00954
0.00993
0.00915
0.00974
0.00876
0.00876
0.00857
0.00837
0.00818
0.00798
0.00798
0.00798
0.00779
0.00759
0.00779
0.00739
0.00739
0.00739
0.007
0.007
0.00661
0.00642
0.00681
0.007
0.00642
0.00603
0.00642
0.00642
0.00603
0.00603
0.00583
0.00603
0.00564
0.00564
0.00564
0.00525
0.00505
0.00466
0.00486
0.00466
0.00486
0.00486
0.00486
0.00466
0.00427
0.00446
0.00446
0.00388
0.00407
0.00446
0.00407
0.00407
0.00407
0.00407
0.00407
0.00388
0.00407
0.00368
0.00329
0.0031
0.00368
0.00329
0.0031
0.0029
0.0029
0.00251
0.00232
0.00232
0.00271
0.00212
0.00232
0.00212
0.00212
0.00193
0.00212
0.00154
0.00212
0.00154
0.00154
0.00173
0.00134
0.00154
0.00134
0.00193
0.00173
0.00095
0.00154
0.00154
0.00134
0.00193
0.00134
0.00056
0.00114
0.00114
0.00114
0.00095
0.00095
0.00134
0.00114
0.00114
0.00095
0.00095
0.00134
0.00114
0.00114
0.00114
0.00134
0.00154
0.00114
0.00154
0.00095
0.00114
0.00095
0.00095
0.00114
0.00095
0.00075
0.00056
0.00017
-3e-05
-3e-05
-3e-05
-3e-05
-0.00022
-0.00022
-0.00022
-0.00022
0.00036
-3e-05
0.00056
-3e-05
-3e-05
0.00017
0.00017
-3e-05
-0.00022
-3e-05
-0.00061
-0.00022
-0.00061
-0.00042
-0.00042
-0.00042
-0.00042
-0.00022
-0.00042
-0.00061
-0.00061
-0.00061
-0.00061
-0.00081
-0.00139
-0.001
-0.00081
-0.00081
-0.00061
-0.00042
-3e-05
-0.00022
-0.00022
-0.00022
-0.00022
-0.001
-0.00081
-0.00042
-0.00042
-0.00061
-0.00081
-0.001
-0.00081
-0.001
-0.0012
-0.001
-0.00159
-0.00139
-0.00159
-0.00179
-0.00179
-0.00179
-0.00159
-0.00139
-0.00159
-0.00139
-0.001
-0.00139
-0.00139
-0.00179
-0.00179
-0.00198
-0.00159
-0.00179
-0.00139
-0.00198
-0.00159
-0.00179
-0.00159
-0.00179
-0.00159
-0.00198
-0.00179
-0.00198
-0.00179
-0.00198
-0.00179
-0.00218
-0.00198
-0.00179
-0.00159
-0.00218
-0.00179
-0.00218
-0.00179
-0.00218
-0.00237
-0.00159
-0.00179
-0.00218
-0.00218
-0.00218
-0.00218
-0.00237
-0.00276
-0.00257
-0.00296
-0.00276
-0.00237
-0.00296
-0.00257
-0.00296
-0.00276
-0.00276
-0.00257
-0.00257
-0.00276
-0.00276
-0.00237
-0.00198
-0.00218
-0.00198
-0.00198
-0.00218
-0.00237
-0.00218
-0.00218
-0.00237
-0.00179
-0.00198
-0.00218
-0.00218
-0.00218
-0.00218
-0.00237
-0.00237
-0.00179
-0.00218
-0.00179
-0.00218
-0.00218
-0.00276
-0.00198
-0.00198
-0.00179
-0.00159
-0.00179
-0.00218
-0.00179
-0.00198
-0.00159
-0.00159
-0.00159
-0.00218
-0.00218
-0.00276
-0.00257
-0.00218
-0.00257
-0.00257
-0.00276
-0.00257
-0.00257
-0.00276
-0.00296
-0.00257
-0.00237
-0.00315
-0.00257
-0.00237
-0.00276
-0.00276
-0.00237
-0.00218
-0.00237
-0.00276
-0.00257
-0.00276
-0.00218
-0.00257
-0.00257
-0.00257
-0.00257
-0.00296
-0.00296
-0.00296
-0.00296
-0.00296
-0.00276
-0.00257
-0.00276
-0.00296
-0.00257
-0.00218
-0.00257
-0.00237
-0.00296
-0.00237
-0.00237
-0.00218
-0.00237
-0.00198
-0.00179
-0.00257
-0.00257
-0.00315
-0.00315
-0.00315
-0.00276
-0.00276
-0.00276
-0.00296
-0.00296
-0.00315
-0.00315
-0.00296
-0.00296
-0.00296
-0.00276
-0.00276
-0.00218
-0.00237
-0.00218
-0.00237
-0.00218
-0.00218
-0.00257
-0.00237
-0.00237
-0.00198
-0.00237
-0.00218
-0.00237
-0.00237
-0.00198
-0.00218
-0.00237
-0.00257
-0.00296
-0.00257
-0.00276
-0.00237
-0.00237
-0.00237
-0.00218
-0.00276
-0.00257
-0.00257
-0.00237
-0.00237
-0.00237
-0.00276
-0.00276
-0.00296
-0.00335
-0.00335
-0.00315
-0.00335
-0.00335
-0.00315
-0.00296
-0.00335
-0.00335
-0.00393
-0.00354
-0.00354
-0.00315
-0.00354
-0.00335
-0.00374
-0.00315
-0.00315
-0.00354
-0.00315
-0.00296
-0.00296
-0.00296
-0.00315
-0.00354
-0.00335
-0.00354
-0.00335
-0.00335
-0.00315
-0.00276
-0.00315
-0.00335
-0.00315
-0.00315
-0.00335
-0.00296
-0.00315
-0.00315
-0.00276
-0.00296
-0.00315
-0.00276
-0.00296
-0.00257
-0.00257
-0.00237
-0.00237
-0.00218
-0.00276
-0.00257
-0.00276
-0.00218
-0.00276
-0.00315
-0.00276
-0.00296
-0.00296
-0.00296
-0.00315
-0.00296
-0.00296
-0.00276
-0.00296
-0.00315
-0.00354
-0.00315
-0.00315
-0.00315
-0.00374
-0.00354
-0.00354
-0.00296
-0.00354
-0.00335
-0.00374
-0.00315
-0.00335
-0.00315
-0.00354
-0.00315
-0.00315
-0.00296
-0.00335
-0.00374
-0.00354
-0.00315
-0.00335
-0.00335
-0.00374
-0.00354
-0.00335
-0.00315
-0.00335
-0.00296
-0.00335
-0.00257
-0.00354
-0.00296
-0.00276
-0.00315
-0.00335
-0.00296
-0.00315
-0.00276
-0.00296
-0.00296
-0.00296
-0.00315
-0.00315
-0.00335
-0.00276
-0.00335
-0.00315
-0.00335
-0.00276
-0.00315
-0.00296
-0.00257
-0.00315
-0.00296
-0.00315
-0.00335
-0.00296
-0.00315
-0.00257
-0.00257
-0.00296
-0.00296
-0.00315
-0.00315
-0.00276
-0.00335
-0.00257
-0.00315
-0.00237
-0.00276
-0.00276
-0.00315
-0.00296
-0.00276
-0.00296
-0.00257
-0.00276
-0.00296
-0.00276
-0.00237
-0.00276
-0.00296
-0.00296
-0.00257
-0.00315
-0.00276
-0.00276
-0.00315
-0.00315
-0.00257
-0.00296
-0.00276
-0.00276
-0.00315
-0.00315
-0.00296
-0.00335
-0.00335
-0.00315
-0.00315
-0.00315
-0.00374
-0.00315
-0.00296
-0.00296
-0.00296
-0.00335
-0.00315
-0.00315
-0.00315
-0.00354
-0.00335
-0.00354
-0.00276
-0.00276
-0.00335
-0.00335
-0.00335
-0.00315
-0.00354
-0.00335
-0.00354
-0.00296
-0.00276
-0.00315
-0.00257
-0.00276
-0.00315
-0.00276
-0.00296
-0.00315
-0.00257
-0.00257
-0.00276
-0.00296
-0.00296
-0.00296
-0.00257
-0.00257
-0.00276
-0.00296
-0.00354
-0.00315
-0.00354
-0.00335
-0.00335
-0.00296
-0.00354
-0.00354
-0.00315
-0.00335
-0.00354
-0.00354
-0.00335
-0.00374
-0.00315
-0.00354
-0.00354
-0.00374
-0.00315
-0.00335
-0.00315
-0.00315
-0.00315
-0.00374
-0.00374
-0.00393
-0.00354
-0.00393
-0.00354
-0.00393
-0.00374
-0.00432
-0.00413
-0.00432
-0.00413
-0.00354
-0.00354
-0.00374
-0.00354
-0.00335
-0.00354
-0.00393
-0.00335
-0.00354
-0.00354
-0.00374
-0.00296
-0.00374
-0.00335
-0.00374
-0.00354
-0.00335
-0.00335
-0.00335
-0.00335
-0.00335
-0.00296
-0.00354
-0.00374
-0.00354
-0.00374
-0.00354
-0.00354
-0.00335
-0.00335
-0.00354
-0.00354
-0.00374
-0.00315
-0.00354
-0.00315
-0.00374
-0.00335
-0.00354
-0.00354
-0.00315
-0.00296
-0.00315
-0.00296
-0.00335
-0.00335
-0.00335
-0.00374
-0.00315
-0.00315
-0.00335
-0.00315
-0.00354
-0.00374
-0.00374
-0.00257
-0.00276
-0.00296
-0.00335
-0.00257
-0.00296
-0.00354
-0.00374
-0.00335
-0.00354
-0.00335
-0.00335
-0.00335
-0.00335
-0.00315
-0.00354
-0.00374
-0.00276
-0.00335
-0.00335
-0.00315
-0.00315
-0.00354
-0.00374
-0.00374
-0.00296
-0.00335
-0.00335
-0.00374
-0.00374
-0.00374
-0.00374
-0.00315
-0.00315
-0.00335
-0.00296
-0.00335
-0.00374
-0.00354
-0.00354
-0.00354
-0.00374
-0.00354
-0.00296
-0.00315
-0.00315
-0.00296
-0.00335
-0.00354
-0.00315
-0.00296
-0.00296
-0.00315
-0.00335
-0.00276
-0.00296
-0.00276
-0.00257
-0.00237
-0.00296
-0.00276
-0.00257
-0.00218
-0.00276
-0.00257
-0.00218
-0.00237
-0.00276
-0.00257
-0.00296
-0.00296
-0.00315
-0.00276
-0.00276
-0.00276
-0.00296
-0.00315
-0.00296
-0.00276
-0.00315
-0.00296
-0.00315
-0.00257
-0.00315
-0.00335
-0.00315
-0.00296
-0.00354
-0.00374
-0.00276
-0.00296
-0.00335
-0.00315
-0.00335
-0.00354
-0.00335
-0.00354
-0.00374
-0.00315
-0.00354
-0.00315
-0.00354
-0.00315
-0.00335
-0.00354
-0.00335
-0.00315
-0.00315
-0.00354
-0.00315
-0.00335
-0.00335
-0.00354
-0.00315
-0.00315
-0.00315
-0.00296
-0.00335
-0.00315
-0.00354
