-1.306000368000E+00

-0.00315
-0.00315
-0.00257
-0.00335
-0.00315
-0.00315
-0.00276
-0.00276
-0.00335
-0.00335
-0.00276
-0.00315
-0.00296
-0.00315
-0.00315
-0.00335
-0.00315
-0.00335
-0.00335
-0.00296
-0.00296
-0.00257
-0.00296
-0.00296
-0.00257
-0.00257
-0.00257
-0.00218
-0.00218
-0.00218
-0.00218
-0.00218
-0.00257
-0.00257
-0.00218
-0.00198
-0.00237
-0.00237
-0.00218
-0.00257
-0.00237
-0.00218
-0.00237
-0.00237
-0.00276
-0.00276
-0.00257
-0.00296
-0.00276
-0.00257
-0.00257
-0.00257
-0.00179
-0.00237
-0.00257
-0.00218
-0.00257
-0.00257
-0.00296
-0.00296
-0.00315
-0.00315
-0.00276
-0.00276
-0.00315
-0.00315
-0.00335
-0.00296
-0.00296
-0.00315
-0.00276
-0.00315
-0.00315
-0.00296
-0.00276
-0.00276
-0.00276
-0.00315
-0.00237
-0.00276
-0.00257
-0.00276
-0.00237
-0.00257
-0.00237
-0.00296
-0.00276
-0.00276
-0.00257
-0.00335
-0.00315
-0.00315
-0.00237
-0.00296
-0.00315
-0.00354
-0.00354
-0.00296
-0.00237
-0.00257
-0.00296
-0.00257
-0.00276
-0.00218
-0.00237
-0.00257
-0.00257
-0.00257
-0.00276
-0.00257
-0.00237
-0.00315
-0.00237
-0.00276
-0.00237
-0.00257
-0.00257
-0.00296
-0.00296
-0.00276
-0.00257
-0.00218
-0.00257
-0.00237
-0.00257
-0.00296
-0.00296
-0.00296
-0.00374
-0.00315
-0.00335
-0.00276
-0.00296
-0.00296
-0.00296
-0.00257
-0.00276
-0.00296
-0.00315
-0.00276
-0.00296
-0.00335
-0.00315
-0.00354
-0.00354
-0.00374
-0.00276
-0.00257
-0.00296
-0.00335
-0.00296
-0.00296
-0.00296
-0.00335
-0.00335
-0.00315
-0.00296
-0.00315
-0.00315
-0.00315
-0.00335
-0.00393
-0.00315
-0.00335
-0.00354
-0.00354
-0.00354
-0.00296
-0.00354
-0.00335
-0.00315
-0.00315
-0.00296
-0.00315
-0.00335
-0.00296
-0.00296
-0.00276
-0.00296
-0.00315
-0.00315
-0.00296
-0.00315
-0.00257
-0.00315
-0.00296
-0.00237
-0.00237
-0.00237
-0.00296
-0.00257
-0.00198
-0.00237
-0.00257
-0.00237
-0.00276
-0.00257
-0.00237
-0.00218
-0.00218
-0.00218
-0.001
-0.00022
0.00095
0.00193
0.00232
0.00407
0.00525
0.00642
0.0072
0.00837
0.00876
0.00954
0.00993
0.01071
0.0115
0.01247
0.01208
0.01325
0.01364
0.01423
0.01384
0.01443
0.01482
0.01462
0.01521
0.01579
0.0156
0.0156
0.0156
0.01579
0.01677
0.01716
0.01853
0.02029
0.02263
0.02458
0.02712
0.02888
0.03161
0.03298
0.03532
0.03689
0.03884
0.04021
0.04079
0.04236
0.04275
0.04392
0.0445
0.04548
0.04587
0.04646
0.04724
0.04763
0.04802
0.04782
0.04958
0.04978
0.05036
0.05095
0.05114
0.05193
0.05251
0.05251
0.0529
0.0529
0.05329
0.05329
0.05329
0.05329
0.05349
0.0531
0.05251
0.05271
0.0531
0.05271
0.05232
0.05193
0.05173
0.05095
0.05056
0.05036
0.05017
0.04997
0.04978
0.0488
0.04841
0.04782
0.04763
0.04685
0.04646
0.04568
0.04529
0.0447
0.0447
0.04411
0.04353
0.04275
0.04236
0.04157
0.04099
0.0406
0.0406
0.03943
0.03923
0.03864
0.03786
0.03708
0.03708
0.03669
0.03571
0.03571
0.03513
0.03454
0.03435
0.03376
0.03337
0.03279
0.032
0.03161
0.03142
0.03142
0.03064
0.03064
0.03005
0.02966
0.02927
0.02907
0.02888
0.0281
0.02829
0.0279
0.02751
0.02712
0.02654
0.02654
0.02614
0.02634
0.02595
0.02536
0.02478
0.02478
0.02419
0.0238
0.0238
0.02341
0.02321
0.02243
0.02243
0.02204
0.02204
0.02126
0.02107
0.02126
0.02087
0.02029
0.02029
0.01989
0.0195
0.01931
0.01892
0.01872
0.01892
0.01814
0.01755
0.01755
0.01736
0.01716
0.01696
0.01696
0.01618
0.01638
0.01579
0.01579
0.01501
0.01521
0.01501
0.01482
0.01482
0.01482
0.01462
0.01404
0.01404
0.01345
0.01325
0.01306
0.01267
0.01247
0.01247
0.01267
0.01208
0.01208
0.01169
0.01189
0.01111
0.01111
0.01111
0.01091
0.01071
0.01091
0.01013
0.01071
0.01032
0.01032
0.00974
0.00974
0.01013
0.00993
0.00993
0.00915
0.00915
0.00935
0.00935
0.00896
0.00876
0.00876
0.00896
0.00876
0.00876
0.00876
0.00857
0.00779
0.00798
0.00759
0.00798
0.00798
0.00779
0.00739
0.00739
0.00739
0.00739
0.007
0.0072
0.0072
0.00681
0.00661
0.00661
0.00622
0.00622
0.00622
0.00603
0.00603
0.00642
0.00642
0.00622
0.00583
0.00603
0.00583
0.00564
0.00544
0.00525
0.00466
0.00486
0.00446
0.00486
0.00505
0.00466
0.00407
0.00446
0.00427
0.00446
0.00427
0.00427
0.00388
0.00388
0.00388
0.00407
0.00368
0.0031
0.00329
0.0031
0.0031
0.0031
0.0029
0.0029
0.0029
0.0031
0.00271
0.00271
0.00251
0.00271
0.00271
0.00251
0.00251
0.00251
0.00271
0.00232
0.00232
0.00251
0.00232
0.00232
0.00212
0.00193
0.00212
0.00251
0.00212
0.00134
0.00232
0.00271
0.00232
0.00251
0.00251
0.00251
0.00232
0.00232
0.00232
0.00232
0.00193
0.00173
0.00173
0.00212
0.00173
0.00193
0.00173
0.00154
0.00114
0.00095
0.00134
0.00154
0.00114
0.00075
0.00075
0.00075
0.00036
0.00017
-3e-05
0.00036
0.00017
0.00075
0.00075
0.00056
-3e-05
-3e-05
0.00017
-3e-05
0.00017
-0.00022
-0.00022
-0.00061
-3e-05
-3e-05
-3e-05
-0.00042
-0.00042
-0.00042
0.00036
-0.00022
-3e-05
-3e-05
-0.00061
-0.00042
-0.00042
-0.00022
-3e-05
-3e-05
-3e-05
-3e-05
-3e-05
0.00036
-0.00022
-0.00022
-3e-05
-0.00022
-0.00042
-0.00042
-0.00042
-0.00061
-0.00042
-3e-05
-0.00042
-3e-05
-0.00022
-3e-05
-0.00022
-3e-05
-3e-05
0.00017
-0.00042
-0.00042
-3e-05
-3e-05
-3e-05
-3e-05
-0.00042
-0.00061
-0.00042
-0.00081
-0.00081
-0.00061
-0.00081
-0.00042
-0.00081
-0.00042
-0.00022
-0.00061
-0.00081
-0.00081
-0.001
-0.001
-0.00081
-0.00042
-0.001
-0.00061
-0.00061
-0.00081
-0.00081
-0.00061
-0.00061
-0.0012
-0.001
-0.00159
-0.001
-0.00139
-0.001
-0.00159
-0.00139
-0.00139
-0.00179
-0.00198
-0.00198
-0.00159
-0.00198
-0.00218
-0.00179
-0.00159
-0.00159
-0.00198
-0.00159
-0.00179
-0.00139
-0.00179
-0.00198
-0.00237
-0.00237
-0.00198
-0.00159
-0.00179
-0.00218
-0.00198
-0.00257
-0.00179
-0.00218
-0.00237
-0.00218
-0.00237
-0.00198
-0.00179
-0.00179
-0.00198
-0.00198
-0.00218
-0.00198
-0.00159
-0.00159
-0.00139
-0.00159
-0.00139
-0.00159
-0.00159
-0.001
-0.0012
-0.00159
-0.00179
-0.0012
-0.00179
-0.00179
-0.00139
-0.00139
-0.00139
-0.00139
-0.00139
-0.00139
-0.00179
-0.00159
-0.00159
-0.00159
-0.00179
-0.00198
-0.00159
-0.00179
-0.00159
-0.00179
-0.00159
-0.00218
-0.00218
-0.00218
-0.00257
-0.00218
-0.00218
-0.00159
-0.00198
-0.00198
-0.00237
-0.00198
-0.00218
-0.00257
-0.00237
-0.00237
-0.00198
-0.00218
-0.00198
-0.00198
-0.00237
-0.00198
-0.00198
-0.00198
-0.00237
-0.00218
-0.00198
-0.00218
-0.00237
-0.00237
-0.00198
-0.00237
-0.00218
-0.00257
-0.00257
-0.00257
-0.00257
-0.00315
-0.00237
-0.00218
-0.00218
-0.00218
-0.00237
-0.00237
-0.00276
-0.00257
-0.00296
-0.00257
-0.00257
-0.00237
-0.00237
-0.00237
-0.00198
-0.00237
-0.00237
-0.00276
-0.00296
-0.00237
-0.00257
-0.00237
-0.00276
-0.00237
-0.00237
-0.00237
-0.00257
-0.00257
-0.00257
-0.00237
-0.00257
-0.00296
-0.00237
-0.00198
-0.00218
-0.00198
-0.00179
-0.00237
-0.00218
-0.00237
-0.00276
-0.00237
-0.00218
-0.00218
-0.00257
-0.00257
-0.00257
-0.00315
-0.00276
-0.00257
-0.00257
-0.00257
-0.00257
-0.00276
-0.00237
-0.00257
-0.00218
-0.00218
-0.00218
-0.00218
-0.00276
-0.00237
-0.00257
-0.00257
-0.00218
-0.00237
-0.00257
-0.00237
-0.00276
-0.00218
-0.00257
-0.00276
-0.00237
-0.00237
-0.00276
-0.00296
-0.00276
-0.00296
-0.00296
-0.00296
-0.00276
-0.00276
-0.00257
-0.00218
-0.00237
-0.00237
-0.00218
-0.00179
-0.00218
-0.00198
-0.00139
-0.00198
-0.00198
-0.00198
-0.00179
-0.00218
-0.00218
-0.00159
-0.00179
-0.00198
-0.00159
-0.00159
-0.00198
-0.00179
-0.00198
-0.00179
-0.00218
-0.00198
-0.00198
-0.00218
-0.00237
-0.00218
-0.00159
-0.00198
-0.00198
-0.00179
-0.00218
-0.00218
-0.00198
-0.00218
-0.00179
-0.00218
-0.00198
-0.00237
-0.00218
-0.00276
-0.00198
-0.00198
-0.00237
-0.00237
-0.00257
-0.00276
-0.00257
-0.00237
-0.00276
-0.00257
-0.00237
-0.00218
-0.00237
-0.00198
-0.00257
-0.00218
-0.00257
-0.00237
-0.00237
-0.00218
-0.00218
-0.00257
-0.00237
-0.00237
-0.00237
-0.00218
-0.00237
-0.00257
-0.00257
-0.00257
-0.00257
-0.00276
-0.00257
-0.00354
-0.00296
-0.00296
-0.00296
-0.00296
-0.00315
-0.00296
-0.00296
-0.00315
-0.00257
-0.00257
-0.00237
-0.00296
-0.00276
-0.00237
-0.00237
-0.00276
-0.00296
-0.00257
-0.00296
-0.00237
-0.00257
-0.00276
-0.00257
-0.00257
-0.00276
-0.00276
-0.00257
-0.00257
-0.00276
-0.00276
-0.00257
-0.00276
-0.00218
-0.00218
-0.00257
-0.00257
-0.00237
-0.00257
-0.00218
-0.00257
-0.00276
-0.00257
-0.00237
-0.00237
-0.00296
-0.00276
-0.00276
-0.00257
-0.00237
-0.00335
-0.00296
-0.00276
-0.00335
-0.00315
-0.00296
-0.00296
-0.00315
-0.00296
-0.00276
-0.00335
-0.00296
-0.00335
-0.00315
-0.00276
-0.00315
-0.00276
-0.00335
-0.00393
-0.00354
-0.00296
-0.00296
-0.00296
-0.00315
-0.00315
-0.00296
-0.00296
-0.00315
-0.00257
-0.00257
-0.00257
-0.00257
-0.00257
-0.00257
-0.00257
-0.00276
-0.00218
-0.00218
-0.00237
-0.00237
-0.00237
-0.00218
-0.00218
-0.00237
-0.00218
-0.00218
-0.00257
-0.00237
-0.00198
-0.00257
-0.00237
-0.00237
-0.00257
-0.00218
-0.00237
-0.00237
-0.00257
-0.00237
-0.00218
-0.00218
-0.00198
-0.00276
-0.00237
-0.00276
-0.00257
-0.00237
-0.00257
-0.00257
-0.00257
-0.00296
-0.00257
-0.00296
-0.00276
-0.00257
-0.00276
-0.00237
-0.00315
-0.00257
-0.00315
-0.00276
-0.00257
-0.00257
-0.00237
-0.00257
-0.00315
-0.00315
-0.00276
-0.00276
-0.00237
-0.00257
-0.00276
-0.00296
-0.00315
-0.00296
-0.00257
-0.00276
-0.00237
-0.00257
-0.00257
-0.00237
-0.00257
-0.00218
-0.00237
-0.00276
-0.00257
-0.00218
-0.00237
-0.00237
-0.00257
-0.00198
-0.00237
-0.00218
-0.00198
-0.00198
-0.00159
-0.00218
-0.00198
-0.00198
-0.00257
-0.00296
-0.00276
-0.00218
-0.00237
-0.00296
-0.00296
-0.00276
-0.00257
-0.00296
-0.00257
-0.00296
-0.00315
-0.00315
-0.00315
-0.00276
-0.00296
-0.00276
-0.00296
-0.00296
-0.00296
-0.00354
-0.00296
-0.00315
-0.00276
-0.00276
-0.00296
-0.00296
-0.00276
-0.00276
-0.00237
-0.00237
-0.00257
-0.00276
-0.00296
-0.00296
-0.00276
-0.00296
-0.00296
-0.00296
-0.00276
-0.00315
-0.00296
-0.00335
-0.00315
-0.00335
-0.00315
-0.00315
-0.00276
-0.00335
-0.00315
-0.00315
-0.00315
-0.00276
-0.00315
-0.00315
-0.00354
-0.00335
-0.00315
-0.00315
-0.00354
-0.00296
-0.00335
-0.00335
-0.00335
-0.00374
-0.00296
-0.00315
-0.00315
-0.00315
-0.00296
-0.00335
-0.00257
-0.00276
-0.00237
-0.00257
-0.00237
-0.00237
-0.00218
-0.00218
-0.00257
-0.00257
-0.00257
-0.00237
-0.00257
-0.00218
-0.00257
-0.00276
-0.00237
-0.00257
-0.00218
-0.00276
-0.00276
-0.00296
-0.00257
-0.00276
-0.00335
-0.00315
-0.00315
-0.00276
-0.00257
-0.00276
-0.00315
-0.00335
-0.00276
-0.00296
-0.00237
-0.00296
-0.00257
-0.00276
-0.00276
-0.00276
-0.00257
-0.00276
-0.00276
-0.00296
-0.00296
-0.00296
-0.00296
-0.00276
-0.00257
-0.00296
-0.00296
-0.00315
-0.00276
-0.00296
-0.00296
-0.00315
-0.00237
-0.00315
-0.00276
-0.00257
-0.00237
-0.00257
-0.00257
-0.00257
-0.00179
-0.00218
-0.00218
-0.00218
-0.00237
-0.00218
-0.00237
-0.00198
-0.00237
-0.00237
-0.00257
-0.00257
-0.00237
-0.00276
-0.00257
-0.00198
