-1.346000377600E+00

-0.00218
-0.00179
-0.00198
-0.00179
-0.00198
-0.00159
-0.00179
-0.00198
-0.00218
-0.00159
-0.00198
-0.00179
-0.00218
-0.00198
-0.00218
-0.00179
-0.00179
-0.00218
-0.00179
-0.00276
-0.00237
-0.00296
-0.00276
-0.00296
-0.00257
-0.00315
-0.00296
-0.00296
-0.00257
-0.00276
-0.00276
-0.00335
-0.00296
-0.00276
-0.00257
-0.00335
-0.00335
-0.00315
-0.00315
-0.00335
-0.00315
-0.00276
-0.00296
-0.00257
-0.00237
-0.00276
-0.00218
-0.00198
-0.00218
-0.00237
-0.00257
-0.00198
-0.00218
-0.00179
-0.00218
-0.00198
-0.00179
-0.00159
-0.00179
-0.00159
-0.00139
-0.00198
-0.00139
-0.00198
-0.00237
-0.00237
-0.00237
-0.00198
-0.00179
-0.00296
-0.00237
-0.00198
-0.00257
-0.00218
-0.00257
-0.00257
-0.00237
-0.00276
-0.00276
-0.00354
-0.00257
-0.00315
-0.00276
-0.00335
-0.00315
-0.00335
-0.00315
-0.00315
-0.00296
-0.00315
-0.00335
-0.00315
-0.00296
-0.00276
-0.00237
-0.00257
-0.00257
-0.00276
-0.00237
-0.00276
-0.00237
-0.00237
-0.00198
-0.00198
-0.00218
-0.00179
-0.00218
-0.00198
-0.00198
-0.00159
-0.00179
-0.00179
-0.00159
-0.00159
-0.00139
-0.0012
-0.00159
-0.00198
-0.00218
-0.00237
-0.00218
-0.00237
-0.00237
-0.00198
-0.00257
-0.00237
-0.00237
-0.00315
-0.00296
-0.00315
-0.00296
-0.00296
-0.00315
-0.00315
-0.00276
-0.00296
-0.00335
-0.00335
-0.00315
-0.00296
-0.00296
-0.00335
-0.00315
-0.00315
-0.00315
-0.00315
-0.00296
-0.00296
-0.00315
-0.00296
-0.00257
-0.00257
-0.00237
-0.00198
-0.00237
-0.00179
-0.00198
-0.00218
-0.00139
-0.00159
-0.00159
-0.00179
-0.00198
-0.00139
-0.00179
-0.00159
-0.00139
-0.00159
-0.00218
-0.00198
-0.00198
-0.00218
-0.00198
-0.00218
-0.00179
-0.00237
-0.00237
-0.00257
-0.00296
-0.00276
-0.00315
-0.00315
-0.00315
-0.00276
-0.00335
-0.00335
-0.00374
-0.00413
-0.00354
-0.00374
-0.00374
-0.00413
-0.00374
-0.00374
-0.00354
-0.00335
-0.00354
-0.00393
-0.00315
-0.00257
-0.00296
-0.001
0.00134
0.00427
0.007
0.01052
0.01384
0.01736
0.02068
0.0238
0.02693
0.02966
0.03239
0.03435
0.03669
0.03845
0.0406
0.04196
0.04353
0.04489
0.04626
0.04724
0.04841
0.04939
0.05017
0.05095
0.05173
0.05193
0.05193
0.05193
0.05212
0.05232
0.05212
0.05251
0.05193
0.05193
0.05193
0.05212
0.05154
0.05075
0.05095
0.05036
0.05036
0.04958
0.0488
0.04821
0.04841
0.04763
0.04704
0.04665
0.04646
0.04568
0.04568
0.04509
0.0447
0.04431
0.04333
0.04275
0.04255
0.04177
0.04157
0.04157
0.04118
0.0406
0.04001
0.03943
0.03904
0.03845
0.03806
0.03767
0.03747
0.03747
0.03669
0.03591
0.03571
0.03513
0.03493
0.03474
0.03357
0.03318
0.03318
0.03239
0.03279
0.03142
0.03103
0.03025
0.03025
0.03005
0.02946
0.02927
0.02849
0.0279
0.0279
0.02751
0.02693
0.02673
0.02654
0.02575
0.02556
0.02536
0.02497
0.02517
0.024
0.02419
0.02321
0.02321
0.02282
0.02243
0.02224
0.02204
0.02185
0.02165
0.02146
0.02087
0.02087
0.02068
0.02068
0.02048
0.01989
0.02029
0.01892
0.01931
0.01911
0.01892
0.01833
0.01833
0.01755
0.01794
0.01736
0.01775
0.01736
0.01696
0.01657
0.01618
0.01618
0.01579
0.01579
0.0156
0.01501
0.01501
0.01501
0.01443
0.01462
0.01423
0.01404
0.01404
0.01364
0.01364
0.01345
0.01345
0.01306
0.01306
0.01247
0.01247
0.01208
0.01228
0.01189
0.01208
0.0113
0.0115
0.0113
0.01071
0.01091
0.01052
0.01032
0.01013
0.01052
0.00935
0.00974
0.00935
0.00915
0.00954
0.00954
0.00896
0.00896
0.00954
0.00915
0.00954
0.00935
0.00896
0.00876
0.00896
0.00896
0.00837
0.00837
0.00798
0.00779
0.00779
0.00818
0.00759
0.00779
0.00759
0.00798
0.00759
0.00681
0.00681
0.00681
0.00661
0.00661
0.00583
0.00564
0.00603
0.00583
0.00564
0.00564
0.00544
0.00583
0.00564
0.00564
0.00544
0.00564
0.00525
0.00525
0.00486
0.00486
0.00486
0.00466
0.00446
0.00486
0.00505
0.00486
0.00446
0.00446
0.00486
0.00446
0.00446
0.00486
0.00525
0.00446
0.00407
0.00407
0.00388
0.00407
0.00388
0.00368
0.00368
0.00427
0.00368
0.00368
0.00388
0.00368
0.00368
0.00349
0.0031
0.0031
0.0031
0.0031
0.0029
0.00251
0.0029
0.00251
0.00251
0.00232
0.00193
0.00232
0.00212
0.00154
0.00154
0.00193
0.00212
0.00134
0.00154
0.00154
0.00154
0.00114
0.00095
0.00134
0.00154
0.00154
0.00095
0.00114
0.00075
0.00134
0.00154
0.00114
0.00095
0.00134
0.00095
0.00134
0.00095
0.00114
0.00095
0.00114
0.00095
0.00036
0.00075
0.00095
0.00075
0.00075
0.00036
0.00056
0.00036
0.00036
-3e-05
0.00036
-3e-05
0.00017
0.00017
0.00056
-0.00061
-0.00022
-3e-05
-0.00042
-0.00022
-0.00022
-0.00042
-0.00061
-0.00042
-0.00081
-0.00042
-0.00022
-0.00061
-0.00081
-0.00022
-0.00042
-0.00042
-0.00022
-0.00061
-0.00061
-0.001
-0.00061
-0.00081
-0.00061
-0.00042
-0.00022
-0.00081
-0.00042
-0.00081
-0.001
-0.00081
-0.00081
-0.00061
-0.00042
-0.00061
-0.00022
-0.00022
-0.00061
-3e-05
-3e-05
-3e-05
-0.00022
-3e-05
-0.00022
-0.001
-0.00042
-0.00042
-0.00061
-0.00061
-0.00081
-0.001
-0.00081
-0.001
-0.00081
-0.0012
-0.0012
-0.001
-0.001
-0.00081
-0.001
-0.0012
-0.00139
-0.00139
-0.00179
-0.00179
-0.00218
-0.00159
-0.00179
-0.0012
-0.00139
-0.00159
-0.00139
-0.00139
-0.00139
-0.00139
-0.00159
-0.00198
-0.00218
-0.00257
-0.00218
-0.00179
-0.00179
-0.00179
-0.00179
-0.00179
-0.00159
-0.0012
-0.0012
-0.00139
-0.00159
-0.0012
-0.00081
-0.00081
-0.00061
-0.00081
-0.001
-0.00042
-0.00081
-0.00081
-0.00081
-0.00081
-0.00061
-0.001
-0.001
-0.00061
-0.00081
-0.001
-0.0012
-0.0012
-0.001
-0.001
-0.00159
-0.0012
-0.00159
-0.00179
-0.00159
-0.0012
-0.0012
-0.00159
-0.00159
-0.00179
-0.00198
-0.00218
-0.00159
-0.00218
-0.00179
-0.00218
-0.00198
-0.00218
-0.00237
-0.00218
-0.00237
-0.00237
-0.00218
-0.00257
-0.00237
-0.00237
-0.00198
-0.00237
-0.00218
-0.00237
-0.00237
-0.00198
-0.00198
-0.00159
-0.00159
-0.00179
-0.00179
-0.00198
-0.00198
-0.00198
-0.00218
-0.00218
-0.00179
-0.00159
-0.00198
-0.00159
-0.00159
-0.00179
-0.00179
-0.00179
-0.00179
-0.00179
-0.00198
-0.00198
-0.00237
-0.00218
-0.00179
-0.00139
-0.00159
-0.00159
-0.00218
-0.00179
-0.00198
-0.00198
-0.00218
-0.00218
-0.00218
-0.00218
-0.00257
-0.00257
-0.00257
-0.00237
-0.00237
-0.00218
-0.00257
-0.00218
-0.00218
-0.00198
-0.00218
-0.00198
-0.00198
-0.00179
-0.00237
-0.00218
-0.00218
-0.00198
-0.00198
-0.00159
-0.00139
-0.00179
-0.00198
-0.00179
-0.00198
-0.00159
-0.00139
-0.00198
-0.00179
-0.00179
-0.00159
-0.00198
-0.00198
-0.00179
-0.00179
-0.00198
-0.00179
-0.00198
-0.00179
-0.00218
-0.00179
-0.00198
-0.00179
-0.00218
-0.00198
-0.00276
-0.00218
-0.00257
-0.00218
-0.00218
-0.00257
-0.00257
-0.00257
-0.00257
-0.00237
-0.00257
-0.00218
-0.00257
-0.00179
-0.00237
-0.00198
-0.00198
-0.00198
-0.00198
-0.00179
-0.00198
-0.00198
-0.00198
-0.00179
-0.00139
-0.00139
-0.00159
-0.0012
-0.00139
-0.0012
-0.001
-0.0012
-0.001
-0.001
-0.00139
-0.00159
-0.0012
-0.00159
-0.00139
-0.00179
-0.00198
-0.00179
-0.00237
-0.00198
-0.00237
-0.00237
-0.00237
-0.00218
-0.00218
-0.00237
-0.00237
-0.00218
-0.00257
-0.00257
-0.00257
-0.00257
-0.00276
-0.00257
-0.00237
-0.00218
-0.00257
-0.00257
-0.00237
-0.00218
-0.00198
-0.00237
-0.00218
-0.00218
-0.00198
-0.00179
-0.00159
-0.00198
-0.00179
-0.00237
-0.00218
-0.00179
-0.00179
-0.00159
-0.00198
-0.00179
-0.00198
-0.00237
-0.00198
-0.00179
-0.00159
-0.00179
-0.00198
-0.00218
-0.00237
-0.00218
-0.00198
-0.00159
-0.00218
-0.00218
-0.00257
-0.00218
-0.00257
-0.00237
-0.00237
-0.00198
-0.00218
-0.00276
-0.00257
-0.00276
-0.00237
-0.00257
-0.00296
-0.00257
-0.00257
-0.00257
-0.00237
-0.00276
-0.00237
-0.00257
-0.00276
-0.00296
-0.00257
-0.00218
-0.00218
-0.00257
-0.00218
-0.00237
-0.00218
-0.00198
-0.00218
-0.00159
-0.00218
-0.00179
-0.00218
-0.00198
-0.00198
-0.00179
-0.00179
-0.00179
-0.00198
-0.00198
-0.00179
-0.00198
-0.00179
-0.0012
-0.00218
-0.00237
-0.00237
-0.00218
-0.00257
-0.00218
-0.00218
-0.00198
-0.00218
-0.00237
-0.00237
-0.00296
-0.00296
-0.00237
-0.00296
-0.00276
-0.00296
-0.00315
-0.00296
-0.00296
-0.00296
-0.00296
-0.00296
-0.00296
-0.00296
-0.00315
-0.00296
-0.00296
-0.00276
-0.00315
-0.00315
-0.00257
-0.00276
-0.00276
-0.00276
-0.00237
-0.00257
-0.00218
-0.00257
-0.00237
-0.00257
-0.00237
-0.00198
-0.00198
-0.00179
-0.00179
-0.00179
-0.0012
-0.0012
-0.00159
-0.00179
-0.00179
-0.00159
-0.00159
-0.00218
-0.00198
-0.00218
-0.00198
-0.00179
-0.00218
-0.00198
-0.00237
-0.00218
-0.00237
-0.00237
-0.00237
-0.00218
-0.00257
-0.00257
-0.00257
-0.00276
-0.00257
-0.00237
-0.00296
-0.00296
-0.00257
-0.00296
-0.00315
-0.00335
-0.00296
-0.00296
-0.00315
-0.00315
-0.00296
-0.00296
-0.00276
-0.00237
-0.00296
-0.00296
-0.00315
-0.00276
-0.00237
-0.00218
-0.00218
-0.00257
-0.00218
-0.00257
-0.00218
-0.00237
-0.00179
-0.00179
-0.00139
-0.00139
-0.00139
-0.00139
-0.00159
-0.00198
-0.00179
-0.00159
-0.00139
-0.00159
-0.001
-0.001
-0.001
-0.00081
-0.0012
-0.00139
-0.00159
-0.00139
-0.00139
-0.00139
-0.00139
-0.00159
-0.00198
-0.00218
-0.00159
-0.00159
-0.00198
-0.00179
-0.00218
-0.00179
-0.00237
-0.00218
-0.00218
-0.00257
-0.00237
-0.00276
-0.00257
-0.00237
-0.00276
-0.00257
-0.00237
-0.00276
-0.00257
-0.00218
-0.00257
-0.00276
-0.00276
-0.00315
-0.00296
-0.00335
-0.00335
-0.00315
-0.00335
-0.00374
-0.00374
-0.00335
-0.00335
-0.00374
-0.00374
-0.00393
-0.00393
-0.00413
-0.00393
-0.00393
-0.00432
-0.00452
-0.00413
-0.00393
-0.00413
-0.00413
-0.00432
-0.00471
-0.00374
-0.00413
-0.00413
-0.00432
-0.00432
-0.00432
-0.00452
-0.00452
-0.00413
-0.00452
-0.00432
-0.00432
-0.00374
-0.00374
-0.00335
-0.00354
-0.00354
-0.00335
-0.00374
-0.00335
-0.00296
-0.00315
-0.00296
-0.00276
-0.00257
-0.00257
-0.00237
-0.00218
-0.00218
-0.00237
-0.00198
-0.00218
-0.00179
-0.00218
-0.00198
-0.00218
-0.00218
-0.00198
-0.00179
-0.00159
-0.00179
-0.00179
-0.00198
-0.00218
-0.00198
-0.00218
-0.00218
-0.00179
-0.00179
-0.00179
-0.00179
-0.00179
-0.00198
-0.00237
-0.00257
-0.00237
-0.00257
-0.00237
-0.00198
-0.00237
-0.00237
-0.00257
-0.00218
-0.00257
-0.00237
-0.00276
-0.00218
-0.00257
-0.00257
-0.00276
-0.00276
-0.00276
-0.00257
-0.00237
-0.00218
-0.00218
-0.00218
-0.00218
-0.00159
-0.00159
-0.00139
-0.00159
-0.00179
-0.00159
-0.00159
-0.00139
-0.00139
-0.00179
-0.00139
-0.00139
-0.00061
-0.00081
-0.0012
-0.00139
-0.001
-0.0012
-0.0012
-0.00159
-0.0012
-0.0012
-0.001
-0.00159
-0.00218
-0.00198
-0.00237
-0.00198
-0.00198
-0.00198
-0.00237
-0.00276
-0.00276
-0.00296
-0.00315
-0.00276
-0.00315
-0.00315
-0.00296
-0.00374
-0.00354
-0.00335
-0.00374
-0.00393
-0.00335
-0.00335
-0.00335
-0.00374
-0.00335
-0.00354
-0.00374
-0.00432
-0.00413
-0.00393
-0.00413
-0.00393
-0.00393
-0.00374
-0.00393
-0.00374
-0.00374
-0.00354
-0.00413
-0.00393
-0.00374
-0.00413
-0.00393
-0.00413
-0.00374
-0.00315
-0.00354
-0.00354
-0.00315
-0.00276
-0.00354
-0.00335
-0.00315
-0.00296
-0.00296
-0.00296
-0.00315
-0.00296
-0.00354
-0.00354
-0.00335
-0.00315
