-1.262000355200E+00

-0.00257
-0.00296
-0.00276
-0.00296
-0.00296
-0.00315
-0.00296
-0.00276
-0.00257
-0.00237
-0.00237
-0.00237
-0.00276
-0.00276
-0.00257
-0.00276
-0.00218
-0.00296
-0.00237
-0.00276
-0.00257
-0.00237
-0.00257
-0.00257
-0.00257
-0.00218
-0.00218
-0.00237
-0.00237
-0.00257
-0.00198
-0.00198
-0.00237
-0.00237
-0.00198
-0.00198
-0.00237
-0.00257
-0.00218
-0.00218
-0.00218
-0.00276
-0.00218
-0.00218
-0.00237
-0.00296
-0.00276
-0.00296
-0.00198
-0.00257
-0.00237
-0.00257
-0.00237
-0.00276
-0.00257
-0.00276
-0.00257
-0.00296
-0.00276
-0.00276
-0.00257
-0.00315
-0.00354
-0.00335
-0.00335
-0.00296
-0.00296
-0.00296
-0.00296
-0.00257
-0.00296
-0.00257
-0.00315
-0.00296
-0.00276
-0.00257
-0.00257
-0.00276
-0.00315
-0.00296
-0.00296
-0.00315
-0.00315
-0.00354
-0.00276
-0.00315
-0.00296
-0.00315
-0.00296
-0.00296
-0.00335
-0.00276
-0.00257
-0.00296
-0.00276
-0.00296
-0.00276
-0.00276
-0.00198
-0.00257
-0.00237
-0.00315
-0.00296
-0.00276
-0.00237
-0.00237
-0.00218
-0.00198
-0.00179
-0.00218
-0.00237
-0.00257
-0.00237
-0.00237
-0.00218
-0.00218
-0.00218
-0.00237
-0.00237
-0.00257
-0.00237
-0.00276
-0.00218
-0.00218
-0.00257
-0.00198
-0.00218
-0.00179
-0.00237
-0.00237
-0.00198
-0.00218
-0.00218
-0.00218
-0.00237
-0.00257
-0.00257
-0.00276
-0.00218
-0.00218
-0.00218
-0.00237
-0.00218
-0.00179
-0.00179
-0.00218
-0.00179
-0.00218
-0.00198
-0.00159
-0.00218
-0.00218
-0.00179
-0.00218
-0.00179
-0.00159
-0.00159
-0.00198
-0.00179
-0.00237
-0.00237
-0.00218
-0.00198
-0.00257
-0.00218
-0.00218
-0.00179
-0.00179
-0.00159
-0.00179
-0.00179
-0.00159
-0.00159
-0.00198
-0.00159
-0.00198
-0.00139
-0.00198
-0.00179
-0.00159
-0.00159
-0.00179
-0.00237
-0.00198
-0.00218
-0.00198
-0.00257
-0.00237
-0.00218
-0.00237
-0.00218
-0.00237
-0.00237
-0.00218
-0.00198
-0.00218
-0.00218
-0.00237
-0.00218
-0.00198
-0.00237
-0.00237
-0.00218
-0.00198
-0.00218
-0.00218
-0.00061
0.00036
0.00193
0.00388
0.00681
0.00837
0.01111
0.01306
0.01521
0.01775
0.02029
0.02243
0.02458
0.0279
0.03025
0.03259
0.03513
0.03767
0.03904
0.04157
0.04431
0.04665
0.04939
0.05154
0.05407
0.05583
0.05779
0.05915
0.06052
0.06228
0.06306
0.06423
0.0654
0.06618
0.06696
0.06736
0.06775
0.06814
0.06872
0.06872
0.06931
0.06931
0.0697
0.06892
0.06872
0.06872
0.06794
0.06794
0.06775
0.06755
0.06736
0.06677
0.06618
0.06579
0.06521
0.06443
0.06404
0.06364
0.06325
0.06228
0.06169
0.06111
0.06013
0.05974
0.05876
0.05818
0.05759
0.057
0.05681
0.05544
0.05466
0.05349
0.05349
0.05251
0.05251
0.05095
0.05095
0.04997
0.04919
0.0488
0.04841
0.04763
0.04704
0.04685
0.04626
0.04548
0.0447
0.04431
0.04353
0.04333
0.04294
0.04138
0.04099
0.04099
0.0406
0.04001
0.03904
0.03845
0.03806
0.03747
0.03767
0.03708
0.0365
0.03611
0.03532
0.03474
0.03435
0.03376
0.03435
0.03357
0.03318
0.03279
0.03259
0.03181
0.03161
0.03122
0.03103
0.03025
0.03025
0.02927
0.02868
0.02849
0.0281
0.02771
0.02751
0.02712
0.02693
0.02654
0.02595
0.02614
0.02556
0.02536
0.02536
0.02517
0.02497
0.024
0.0238
0.02321
0.02341
0.02282
0.02263
0.02263
0.02263
0.02204
0.02146
0.02126
0.02107
0.02068
0.02048
0.0197
0.02009
0.01931
0.01931
0.01892
0.01853
0.01853
0.01814
0.01814
0.01853
0.01736
0.01755
0.01716
0.01696
0.01657
0.01657
0.01579
0.01618
0.01579
0.0156
0.01501
0.01482
0.01482
0.01462
0.01443
0.01404
0.01384
0.01306
0.01306
0.01247
0.01306
0.01286
0.01267
0.01247
0.01267
0.01247
0.01228
0.01189
0.01189
0.01228
0.01189
0.01189
0.01111
0.0115
0.0113
0.0115
0.01071
0.01071
0.01013
0.01052
0.01013
0.01013
0.01013
0.00993
0.00954
0.00915
0.00935
0.00915
0.00896
0.00935
0.00915
0.00876
0.00857
0.00837
0.00837
0.00876
0.00876
0.00857
0.00837
0.00837
0.00837
0.00818
0.00798
0.00759
0.00779
0.00779
0.00759
0.00739
0.00739
0.00739
0.00661
0.00642
0.00661
0.007
0.00681
0.00681
0.00622
0.00622
0.00603
0.00642
0.00603
0.00603
0.00583
0.00544
0.00544
0.00544
0.00525
0.00544
0.00486
0.00505
0.00486
0.00525
0.00466
0.00486
0.00446
0.00427
0.00427
0.00427
0.00388
0.00388
0.00388
0.00427
0.00368
0.00388
0.00368
0.00368
0.00427
0.00368
0.00368
0.00349
0.00388
0.00349
0.00329
0.00368
0.0031
0.00349
0.00368
0.00329
0.00271
0.00271
0.00271
0.00271
0.0029
0.00271
0.00232
0.00271
0.00232
0.00251
0.00271
0.00232
0.00251
0.00251
0.00232
0.00251
0.00251
0.00232
0.00212
0.00212
0.00173
0.00173
0.00134
0.00154
0.00134
0.00154
0.00154
0.00154
0.00154
0.00154
0.00134
0.00193
0.00193
0.00173
0.00134
0.00173
0.00134
0.00134
0.00134
0.00154
0.00173
0.00154
0.00154
0.00173
0.00173
0.00154
0.00154
0.00173
0.00154
0.00154
0.00134
0.00134
0.00114
0.00095
0.00075
0.00134
0.00095
0.00114
0.00114
0.00056
0.00036
0.00056
0.00017
0.00036
0.00017
0.00036
-3e-05
-3e-05
-0.00042
-0.00022
-3e-05
-0.00042
-3e-05
-0.00022
-0.00081
-0.00061
-0.00042
-0.00042
-0.00061
-0.00022
-0.00042
-0.00042
-3e-05
-3e-05
0.00017
0.00017
-3e-05
-0.00022
-3e-05
-0.00022
-0.00061
-0.00042
-0.00042
-0.00061
-0.00081
-0.00042
-0.0012
-0.00081
-0.00081
-0.00061
0.00017
0.00017
-3e-05
-0.00042
-0.001
-0.001
-0.0012
-0.00042
-0.00022
-0.00061
-0.001
-0.00042
-0.00081
-0.00081
-0.00139
-0.00081
-0.00081
-0.0012
-0.001
-0.00139
-0.00139
-0.00179
-0.00159
-0.0012
-0.00139
-0.00179
-0.00198
-0.0012
-0.00218
-0.00198
-0.00179
-0.00179
-0.00159
-0.00198
-0.00198
-0.00198
-0.00179
-0.00218
-0.00237
-0.00257
-0.00237
-0.00218
-0.00198
-0.00179
-0.00179
-0.00218
-0.00179
-0.00237
-0.00218
-0.00159
-0.00179
-0.00179
-0.00198
-0.00179
-0.00179
-0.00159
-0.00159
-0.0012
-0.00139
-0.00081
-0.00159
-0.001
-0.00139
-0.0012
-0.00139
-0.00139
-0.00139
-0.001
-0.001
-0.00139
-0.0012
-0.001
-0.00061
-0.001
-0.00159
-0.00159
-0.00159
-0.001
-0.00159
-0.001
-0.0012
-0.0012
-0.00159
-0.00179
-0.0012
-0.00139
-0.00179
-0.001
-0.0012
-0.00159
-0.00218
-0.00159
-0.00198
-0.00198
-0.00237
-0.00218
-0.00198
-0.00218
-0.00198
-0.00237
-0.00198
-0.00237
-0.00198
-0.00218
-0.00218
-0.00257
-0.00257
-0.00218
-0.00257
-0.00237
-0.00237
-0.00276
-0.00257
-0.00257
-0.00257
-0.00257
-0.00276
-0.00237
-0.00276
-0.00218
-0.00257
-0.00198
-0.00237
-0.00218
-0.00276
-0.00198
-0.00218
-0.00179
-0.00198
-0.00179
-0.00179
-0.00179
-0.00198
-0.00179
-0.00159
-0.00159
-0.00159
-0.00139
-0.00198
-0.00159
-0.00159
-0.00159
-0.00179
-0.00159
-0.00159
-0.0012
-0.00179
-0.00139
-0.00179
-0.00139
-0.00198
-0.00139
-0.00179
-0.00198
-0.00179
-0.00139
-0.00179
-0.00198
-0.00179
-0.00218
-0.00237
-0.00237
-0.00237
-0.00218
-0.00218
-0.00179
-0.00276
-0.00257
-0.00257
-0.00198
-0.00296
-0.00257
-0.00276
-0.00237
-0.00237
-0.00218
-0.00276
-0.00296
-0.00315
-0.00315
-0.00257
-0.00179
-0.00276
-0.00257
-0.00218
-0.00237
-0.00179
-0.00159
-0.00198
-0.00218
-0.00198
-0.00179
-0.00198
-0.00159
-0.00159
-0.00139
-0.00159
-0.00179
-0.00179
-0.00198
-0.00198
-0.00218
-0.00218
-0.00179
-0.00198
-0.00179
-0.00198
-0.00198
-0.00198
-0.00179
-0.00237
-0.00218
-0.00218
-0.00237
-0.00237
-0.00218
-0.00257
-0.00198
-0.00257
-0.00198
-0.00237
-0.00198
-0.00198
-0.00276
-0.00276
-0.00257
-0.00296
-0.00315
-0.00276
-0.00237
-0.00257
-0.00296
-0.00276
-0.00237
-0.00237
-0.00218
-0.00218
-0.00198
-0.00237
-0.00218
-0.00237
-0.00218
-0.00218
-0.00198
-0.00198
-0.00237
-0.00237
-0.00198
-0.00237
-0.00237
-0.00198
-0.00159
-0.00218
-0.00257
-0.00237
-0.00218
-0.00218
-0.00218
-0.00218
-0.00198
-0.00218
-0.00179
-0.00276
-0.00198
-0.00218
-0.00218
-0.00237
-0.00218
-0.00257
-0.00198
-0.00257
-0.00218
-0.00218
-0.00257
-0.00237
-0.00237
-0.00237
-0.00257
-0.00276
-0.00237
-0.00198
-0.00315
-0.00296
-0.00276
-0.00315
-0.00237
-0.00315
-0.00276
-0.00257
-0.00257
-0.00237
-0.00276
-0.00198
-0.00218
-0.00218
-0.00257
-0.00218
-0.00198
-0.00237
-0.00218
-0.00218
-0.00179
-0.00198
-0.00159
-0.00179
-0.00179
-0.00218
-0.00218
-0.00198
-0.00179
-0.00237
-0.00218
-0.00218
-0.00179
-0.00276
-0.00198
-0.00218
-0.00198
-0.00237
-0.00257
-0.00257
-0.00257
-0.00296
-0.00257
-0.00296
-0.00257
-0.00296
-0.00315
-0.00296
-0.00257
-0.00276
-0.00257
-0.00296
-0.00276
-0.00315
-0.00296
-0.00257
-0.00276
-0.00335
-0.00276
-0.00276
-0.00218
-0.00257
-0.00237
-0.00237
-0.00198
-0.00237
-0.00218
-0.00257
-0.00198
-0.00237
-0.00198
-0.00257
-0.00257
-0.00276
-0.00218
-0.00198
-0.00237
-0.00237
-0.00198
-0.00296
-0.00237
-0.00296
-0.00218
-0.00257
-0.00198
-0.00237
-0.00276
-0.00257
-0.00237
-0.00237
-0.00218
-0.00257
-0.00179
-0.00179
-0.00179
-0.00218
-0.00237
-0.00257
-0.00218
-0.00218
-0.00198
-0.00257
-0.00257
-0.00257
-0.00237
-0.00237
-0.00257
-0.00257
-0.00257
-0.00276
-0.00237
-0.00237
-0.00198
-0.00237
-0.00218
-0.00257
-0.00198
-0.00198
-0.00218
-0.00198
-0.00218
-0.00276
-0.00218
-0.00218
-0.00198
-0.00237
-0.00198
-0.00218
-0.00198
-0.00198
-0.00218
-0.00257
-0.00179
-0.00257
-0.00179
-0.00218
-0.00237
-0.00198
-0.00198
-0.00218
-0.00276
-0.00296
-0.00237
-0.00237
-0.00237
-0.00237
-0.00237
-0.00315
-0.00257
-0.00296
-0.00296
-0.00296
-0.00296
-0.00335
-0.00354
-0.00354
-0.00354
-0.00354
-0.00315
-0.00296
-0.00296
-0.00315
-0.00237
-0.00296
-0.00276
-0.00296
-0.00296
-0.00276
-0.00257
-0.00257
-0.00257
-0.00257
-0.00237
-0.00218
-0.00257
-0.00257
-0.00237
-0.00218
-0.00218
-0.00198
-0.00218
-0.00237
-0.00257
-0.00237
-0.00218
-0.00237
-0.00218
-0.00237
-0.00237
-0.00257
-0.00237
-0.00218
-0.00198
-0.00237
-0.00257
-0.00276
-0.00257
-0.00237
-0.00257
-0.00218
-0.00257
-0.00276
-0.00237
-0.00315
-0.00296
-0.00296
-0.00218
-0.00257
-0.00296
-0.00335
-0.00257
-0.00257
-0.00257
-0.00218
-0.00257
-0.00237
-0.00257
-0.00257
-0.00218
-0.00218
-0.00237
-0.00237
-0.00257
-0.00237
-0.00237
-0.00237
-0.00218
-0.00296
-0.00257
-0.00276
-0.00237
-0.00276
-0.00296
-0.00276
-0.00237
-0.00257
-0.00257
-0.00257
-0.00296
-0.00237
-0.00237
-0.00276
-0.00257
-0.00296
-0.00237
-0.00296
-0.00315
-0.00276
-0.00276
-0.00276
-0.00218
-0.00257
-0.00257
-0.00276
-0.00257
-0.00237
-0.00237
-0.00237
-0.00257
-0.00276
-0.00257
-0.00315
-0.00237
-0.00257
-0.00257
-0.00257
-0.00218
-0.00315
-0.00257
-0.00257
-0.00257
-0.00198
-0.00237
-0.00218
-0.00198
-0.00237
-0.00257
-0.00257
-0.00218
-0.00218
-0.00237
-0.00276
-0.00198
-0.00257
-0.00257
-0.00237
-0.00257
-0.00237
-0.00237
-0.00237
-0.00218
-0.00276
-0.00276
-0.00315
-0.00218
-0.00296
-0.00296
-0.00296
-0.00276
-0.00276
-0.00257
-0.00237
-0.00276
-0.00257
-0.00237
-0.00276
-0.00276
-0.00296
-0.00257
-0.00257
-0.00276
-0.00237
-0.00237
-0.00296
-0.00296
-0.00257
-0.00257
-0.00276
-0.00315
-0.00276
-0.00296
-0.00257
-0.00257
-0.00296
-0.00237
-0.00276
-0.00257
-0.00276
-0.00315
-0.00296
-0.00198
-0.00218
-0.00179
-0.00237
-0.00218
-0.00257
