-1.836000515200E+00

-0.00315
-0.00296
-0.00374
-0.00296
-0.00315
-0.00315
-0.00374
-0.00393
-0.00335
-0.00335
-0.00335
-0.00354
-0.00315
-0.00374
-0.00374
-0.00315
-0.00354
-0.00354
-0.00354
-0.00335
-0.00354
-0.00315
-0.00315
-0.00354
-0.00315
-0.00354
-0.00335
-0.00335
-0.00335
-0.00354
-0.00374
-0.00335
-0.00315
-0.00354
-0.00335
-0.00354
-0.00335
-0.00315
-0.00354
-0.00335
-0.00315
-0.00276
-0.00315
-0.00257
-0.00315
-0.00296
-0.00315
-0.00257
-0.00218
-0.00237
-0.00237
-0.00237
-0.00315
-0.00315
-0.00296
-0.00296
-0.00276
-0.00354
-0.00374
-0.00354
-0.00354
-0.00354
-0.00393
-0.00354
-0.00335
-0.00296
-0.00335
-0.00315
-0.00374
-0.00354
-0.00315
-0.00354
-0.00237
-0.00296
-0.00237
-0.00237
-0.00276
-0.00257
-0.00237
-0.00276
-0.00198
-0.00257
-0.00257
-0.00257
-0.00296
-0.00257
-0.00276
-0.00296
-0.00237
-0.00276
-0.00237
-0.00296
-0.00276
-0.00276
-0.00315
-0.00257
-0.00276
-0.00296
-0.00315
-0.00315
-0.00315
-0.00315
-0.00335
-0.00315
-0.00335
-0.00335
-0.00296
-0.00296
-0.00276
-0.00296
-0.00315
-0.00315
-0.00296
-0.00296
-0.00296
-0.00257
-0.00257
-0.00296
-0.00296
-0.00276
-0.00276
-0.00276
-0.00276
-0.00296
-0.00315
-0.00237
-0.00237
-0.00237
-0.00237
-0.00237
-0.00257
-0.00237
-0.00257
-0.00296
-0.00237
-0.00237
-0.00198
-0.00237
-0.00237
-0.00257
-0.00257
-0.00257
-0.00257
-0.00257
-0.00296
-0.00296
-0.00296
-0.00218
-0.00296
-0.00237
-0.00276
-0.00296
-0.00257
-0.00296
-0.00296
-0.00315
-0.00296
-0.00296
-0.00276
-0.00296
-0.00315
-0.00276
-0.00276
-0.00276
-0.00276
-0.00296
-0.00315
-0.00335
-0.00296
-0.00315
-0.00335
-0.00374
-0.00374
-0.00315
-0.00296
-0.00315
-0.00296
-0.00315
-0.00276
-0.00296
-0.00296
-0.00296
-0.00315
-0.00296
-0.00257
-0.00257
-0.00315
-0.00335
-0.00276
-0.00276
-0.00315
-0.00335
-0.00296
-0.00315
-0.00276
-0.00237
-0.00296
-0.00296
-0.00296
-0.00296
-0.00315
-0.00335
-0.00276
-0.00315
-0.00315
-0.00296
-0.00315
-0.00315
-0.00296
-0.00276
-0.00237
-0.00139
-0.001
0.00017
0.00095
0.00271
0.00368
0.00486
0.00603
0.007
0.00779
0.00876
0.00935
0.01032
0.01169
0.01325
0.01482
0.01736
0.02009
0.02282
0.02497
0.0279
0.03083
0.03318
0.03571
0.03825
0.04138
0.04314
0.04646
0.04821
0.05095
0.0529
0.05505
0.057
0.05876
0.05954
0.06071
0.06208
0.06286
0.06404
0.06443
0.0654
0.06599
0.06638
0.06677
0.06696
0.06775
0.06794
0.06794
0.06736
0.06716
0.06755
0.06677
0.06716
0.06657
0.06677
0.06579
0.0656
0.06482
0.06443
0.06404
0.06306
0.06286
0.06189
0.0613
0.06091
0.06013
0.05915
0.05876
0.05818
0.05779
0.0572
0.05642
0.05603
0.05564
0.05505
0.05407
0.0531
0.05232
0.05212
0.05173
0.05114
0.05056
0.04978
0.04861
0.04841
0.04782
0.04704
0.04626
0.04529
0.04489
0.04431
0.04431
0.04333
0.04314
0.04255
0.04196
0.04138
0.0404
0.04021
0.03904
0.03884
0.03825
0.03825
0.03728
0.03689
0.03591
0.03571
0.03513
0.03532
0.03454
0.03376
0.03357
0.03298
0.03239
0.03181
0.03122
0.03122
0.03044
0.03083
0.03025
0.03025
0.02946
0.02946
0.02849
0.02868
0.02868
0.02751
0.02771
0.02771
0.02693
0.02693
0.02634
0.02595
0.02575
0.02497
0.02458
0.02458
0.02439
0.024
0.02361
0.02302
0.02263
0.02224
0.02243
0.02282
0.02224
0.02165
0.02126
0.02107
0.02107
0.02048
0.02029
0.0197
0.01989
0.01989
0.0197
0.01892
0.01833
0.01833
0.01775
0.01755
0.01696
0.01696
0.01677
0.01638
0.01657
0.01599
0.0156
0.0154
0.0154
0.0156
0.01579
0.0156
0.01482
0.01423
0.01423
0.01443
0.01423
0.01384
0.01364
0.01364
0.01404
0.01384
0.01384
0.01325
0.01286
0.01286
0.01228
0.01208
0.01189
0.0113
0.01189
0.01169
0.01169
0.0113
0.01071
0.01052
0.01091
0.01032
0.01052
0.01013
0.01032
0.00993
0.00974
0.00935
0.00954
0.00935
0.00915
0.00935
0.00876
0.00896
0.00896
0.00857
0.00837
0.00818
0.00857
0.00818
0.00798
0.00818
0.00759
0.00739
0.0072
0.00798
0.0072
0.007
0.00759
0.00779
0.00739
0.00661
0.00661
0.00642
0.00642
0.00661
0.00681
0.00603
0.00642
0.00603
0.00603
0.00583
0.00564
0.00564
0.00525
0.00525
0.00505
0.00525
0.00505
0.00466
0.00427
0.00446
0.00446
0.00427
0.00388
0.00388
0.00368
0.00407
0.00329
0.00407
0.00349
0.00349
0.0031
0.00329
0.0029
0.0031
0.0029
0.00329
0.00271
0.00329
0.0031
0.0031
0.00271
0.00271
0.00271
0.00251
0.00232
0.00251
0.00232
0.00212
0.00271
0.00232
0.00232
0.00154
0.00154
0.00212
0.00193
0.00173
0.00173
0.00173
0.00173
0.00193
0.00154
0.00193
0.00193
0.00134
0.00154
0.00173
0.00154
0.00193
0.00154
0.00154
0.00114
0.00134
0.00114
0.00095
0.00056
0.00134
0.00114
0.00114
0.00114
0.00154
0.00095
0.00075
0.00075
0.00075
0.00075
0.00056
0.00114
0.00056
0.00075
0.00036
0.00075
0.00056
0.00036
0.00075
0.00095
0.00075
0.00056
0.00056
0.00017
0.00036
-3e-05
0.00036
0.00056
0.00056
0.00095
0.00036
-3e-05
0.00017
0.00056
0.00017
-0.00081
-0.00022
-0.00022
-0.00022
-0.00061
-0.00042
-0.00042
-0.00061
-0.00022
-0.00042
-0.00042
-0.00042
-0.00061
-0.00061
-0.0012
-0.001
-0.0012
-0.00159
-0.00159
-0.0012
-0.00139
-0.00139
-0.00159
-0.0012
-0.00159
-0.001
-0.00139
-0.0012
-0.00159
-0.0012
-0.00139
-0.001
-0.00179
-0.00139
-0.00139
-0.00139
-0.00159
-0.00159
-0.00159
-0.00159
-0.00159
-0.00139
-0.00139
-0.001
-0.00081
-0.001
-0.001
-0.00179
-0.00139
-0.0012
-0.00159
-0.00159
-0.0012
-0.00139
-0.00081
-0.00179
-0.00159
-0.0012
-0.0012
-0.001
-0.0012
-0.00139
-0.00179
-0.001
-0.0012
-0.00159
-0.00159
-0.00179
-0.00218
-0.00198
-0.00198
-0.00198
-0.00179
-0.00218
-0.00218
-0.00198
-0.00198
-0.00159
-0.00218
-0.00179
-0.00218
-0.00198
-0.00179
-0.00179
-0.00218
-0.00179
-0.00198
-0.00198
-0.00198
-0.00198
-0.00198
-0.00139
-0.00198
-0.00159
-0.00179
-0.00198
-0.00198
-0.00198
-0.00198
-0.00179
-0.00198
-0.00179
-0.00198
-0.00159
-0.00237
-0.00198
-0.00179
-0.00139
-0.00159
-0.00218
-0.00179
-0.00179
-0.00179
-0.00218
-0.00179
-0.00257
-0.00179
-0.00218
-0.00198
-0.00198
-0.00198
-0.00237
-0.00218
-0.00218
-0.00179
-0.00257
-0.00257
-0.00296
-0.00257
-0.00315
-0.00257
-0.00257
-0.00257
-0.00237
-0.00218
-0.00257
-0.00237
-0.00237
-0.00276
-0.00237
-0.00218
-0.00237
-0.00218
-0.00218
-0.00257
-0.00218
-0.00218
-0.00218
-0.00237
-0.00276
-0.00257
-0.00237
-0.00276
-0.00296
-0.00257
-0.00218
-0.00296
-0.00276
-0.00257
-0.00276
-0.00257
-0.00257
-0.00276
-0.00315
-0.00257
-0.00237
-0.00296
-0.00237
-0.00237
-0.00257
-0.00257
-0.00296
-0.00276
-0.00257
-0.00257
-0.00276
-0.00315
-0.00315
-0.00276
-0.00257
-0.00335
-0.00276
-0.00315
-0.00257
-0.00276
-0.00257
-0.00276
-0.00276
-0.00296
-0.00296
-0.00315
-0.00257
-0.00296
-0.00257
-0.00237
-0.00237
-0.00257
-0.00276
-0.00218
-0.00218
-0.00237
-0.00276
-0.00257
-0.00257
-0.00257
-0.00237
-0.00218
-0.00276
-0.00276
-0.00257
-0.00218
-0.00218
-0.00237
-0.00198
-0.00198
-0.00237
-0.00179
-0.00237
-0.00218
-0.00218
-0.00257
-0.00218
-0.00218
-0.00237
-0.00237
-0.00257
-0.00276
-0.00296
-0.00257
-0.00257
-0.00257
-0.00257
-0.00335
-0.00296
-0.00296
-0.00257
-0.00276
-0.00276
-0.00276
-0.00296
-0.00276
-0.00276
-0.00276
-0.00276
-0.00296
-0.00296
-0.00296
-0.00257
-0.00315
-0.00276
-0.00276
-0.00315
-0.00374
-0.00335
-0.00296
-0.00315
-0.00354
-0.00335
-0.00354
-0.00335
-0.00374
-0.00354
-0.00315
-0.00335
-0.00315
-0.00315
-0.00335
-0.00296
-0.00315
-0.00296
-0.00257
-0.00257
-0.00276
-0.00276
-0.00257
-0.00315
-0.00296
-0.00315
-0.00276
-0.00315
-0.00315
-0.00315
-0.00315
-0.00276
-0.00296
-0.00296
-0.00315
-0.00315
-0.00315
-0.00354
-0.00296
-0.00276
-0.00315
-0.00296
-0.00335
-0.00315
-0.00237
-0.00257
-0.00218
-0.00276
-0.00276
-0.00276
-0.00296
-0.00276
-0.00276
-0.00276
-0.00237
-0.00257
-0.00237
-0.00237
-0.00276
-0.00296
-0.00354
-0.00315
-0.00257
-0.00237
-0.00276
-0.00237
-0.00218
-0.00257
-0.00257
-0.00276
-0.00276
-0.00296
-0.00296
-0.00276
-0.00315
-0.00276
-0.00296
-0.00296
-0.00315
-0.00374
-0.00354
-0.00315
-0.00354
-0.00335
-0.00393
-0.00354
-0.00335
-0.00354
-0.00374
-0.00315
-0.00296
-0.00335
-0.00354
-0.00393
-0.00315
-0.00354
-0.00335
-0.00315
-0.00276
-0.00296
-0.00276
-0.00257
-0.00237
-0.00315
-0.00296
-0.00315
-0.00237
-0.00257
-0.00257
-0.00257
-0.00315
-0.00315
-0.00276
-0.00257
-0.00257
-0.00257
-0.00296
-0.00237
-0.00218
-0.00296
-0.00257
-0.00257
-0.00218
-0.00179
-0.00257
-0.00198
-0.00237
-0.00276
-0.00276
-0.00276
-0.00276
-0.00296
-0.00315
-0.00296
-0.00296
-0.00296
-0.00276
-0.00354
-0.00276
-0.00296
-0.00296
-0.00354
-0.00335
-0.00296
-0.00315
-0.00296
-0.00257
-0.00237
-0.00257
-0.00257
-0.00276
-0.00335
-0.00296
-0.00315
-0.00218
-0.00335
-0.00296
-0.00335
-0.00296
-0.00354
-0.00335
-0.00315
-0.00315
-0.00296
-0.00335
-0.00315
-0.00276
-0.00335
-0.00257
-0.00257
-0.00218
-0.00257
-0.00237
-0.00237
-0.00257
-0.00237
-0.00257
-0.00296
-0.00276
-0.00218
-0.00257
-0.00257
-0.00276
-0.00296
-0.00296
-0.00296
-0.00335
-0.00296
-0.00315
-0.00315
-0.00296
-0.00296
-0.00257
-0.00276
-0.00276
-0.00276
-0.00315
-0.00296
-0.00315
-0.00276
-0.00296
-0.00315
-0.00315
-0.00335
-0.00315
-0.00296
-0.00335
-0.00296
-0.00296
-0.00354
-0.00296
-0.00315
-0.00315
-0.00315
-0.00354
-0.00354
-0.00354
-0.00315
-0.00276
-0.00296
-0.00315
-0.00315
-0.00296
-0.00315
-0.00335
-0.00296
-0.00276
-0.00296
-0.00354
-0.00315
-0.00354
-0.00354
-0.00335
-0.00335
-0.00335
-0.00335
-0.00335
-0.00354
-0.00393
-0.00354
-0.00374
-0.00374
-0.00413
-0.00335
-0.00393
-0.00354
-0.00335
-0.00354
-0.00276
-0.00315
-0.00315
-0.00315
-0.00335
-0.00335
-0.00296
-0.00315
-0.00335
-0.00335
-0.00354
-0.00335
-0.00315
-0.00296
-0.00335
-0.00315
-0.00315
-0.00296
-0.00335
-0.00315
-0.00315
-0.00276
-0.00296
-0.00276
-0.00276
-0.00257
-0.00276
-0.00315
-0.00315
-0.00296
-0.00296
-0.00296
-0.00296
-0.00257
-0.00296
-0.00296
-0.00315
-0.00315
-0.00296
-0.00315
-0.00354
-0.00315
-0.00335
-0.00315
-0.00315
-0.00335
-0.00335
-0.00315
-0.00354
-0.00335
-0.00335
-0.00296
-0.00276
-0.00276
-0.00296
-0.00296
-0.00296
-0.00354
-0.00296
-0.00315
-0.00354
-0.00296
-0.00296
-0.00354
-0.00335
-0.00354
-0.00354
-0.00393
-0.00374
-0.00374
-0.00335
-0.00354
-0.00354
-0.00354
-0.00315
-0.00315
-0.00354
-0.00315
-0.00276
-0.00335
-0.00315
-0.00335
-0.00296
-0.00276
-0.00315
-0.00296
-0.00335
-0.00315
-0.00335
-0.00315
-0.00315
-0.00276
-0.00315
-0.00315
-0.00315
-0.00315
-0.00296
-0.00276
-0.00296
-0.00276
-0.00315
-0.00296
-0.00257
-0.00257
-0.00276
-0.00276
-0.00315
-0.00296
-0.00315
-0.00276
-0.00296
-0.00296
-0.00315
-0.00315
-0.00335
-0.00296
-0.00315
-0.00354
-0.00296
-0.00315
-0.00354
-0.00335
-0.00296
-0.00276
-0.00315
-0.00296
-0.00257
-0.00257
-0.00276
-0.00335
-0.00315
-0.00354
-0.00374
-0.00335
-0.00335
-0.00335
-0.00335
-0.00315
-0.00374
-0.00374
-0.00393
-0.00393
-0.00393
-0.00413
-0.00393
-0.00393
-0.00354
-0.00374
-0.00354
-0.00374
