-1.638000460800E+00

-0.001
-0.00159
-0.00179
-0.00179
-0.00198
-0.00159
-0.00257
-0.00159
-0.00179
-0.00179
-0.00179
-0.00159
-0.00159
-0.00198
-0.00139
-0.00218
-0.00159
-0.00159
-0.00237
-0.00179
-0.00218
-0.00237
-0.00237
-0.00237
-0.00276
-0.00218
-0.00218
-0.00159
-0.00276
-0.00257
-0.00276
-0.00257
-0.00257
-0.00257
-0.00198
-0.00198
-0.00257
-0.00198
-0.00237
-0.00218
-0.00179
-0.00218
-0.00179
-0.00159
-0.00159
-0.00179
-0.00179
-0.00159
-0.00159
-0.00139
-0.00159
-0.00159
-0.00159
-0.001
-0.00042
-0.0012
-0.00159
-0.00159
-0.00139
-0.0012
-0.00139
-0.00179
-0.00139
-0.00139
-0.00159
-0.00139
-0.00139
-0.00159
-0.00139
-0.00159
-0.00139
-0.00159
-0.00159
-0.00159
-0.00179
-0.00179
-0.00198
-0.00179
-0.00179
-0.00218
-0.00237
-0.00198
-0.00159
-0.00159
-0.00159
-0.00218
-0.00159
-0.00179
-0.00159
-0.00159
-0.00198
-0.00198
-0.00218
-0.00218
-0.00198
-0.00198
-0.00198
-0.00179
-0.00159
-0.00139
-0.00159
-0.00159
-0.00179
-0.00179
-0.00179
-0.00198
-0.00179
-0.00159
-0.00218
-0.00159
-0.00159
-0.00179
-0.00159
-0.00139
-0.00081
-0.0012
-0.0012
-0.0012
-0.0012
-0.0012
-0.00179
-0.00139
-0.00159
-0.00179
-0.00159
-0.00159
-0.00159
-0.00179
-0.00198
-0.00159
-0.00179
-0.00159
-0.00237
-0.00179
-0.00218
-0.00198
-0.00218
-0.00198
-0.00218
-0.00179
-0.00198
-0.00159
-0.00179
-0.00179
-0.00198
-0.00198
-0.00179
-0.00159
-0.00179
-0.00139
-0.00198
-0.00237
-0.00218
-0.00159
-0.00179
-0.00159
-0.00159
-0.0012
-0.00159
-0.0012
-0.00139
-0.00159
-0.0012
-0.00159
-0.00179
-0.00159
-0.00159
-0.00159
-0.00139
-0.00139
-0.00198
-0.00139
-0.00198
-0.00179
-0.00198
-0.00179
-0.00179
-0.00198
-0.0012
-0.00218
-0.00159
-0.00218
-0.00257
-0.00237
-0.00257
-0.00237
-0.00257
-0.00257
-0.00218
-0.00159
-0.00139
-0.00061
0.00056
0.00114
0.00251
0.00407
0.00525
0.00583
0.00739
0.00818
0.00915
0.01013
0.01052
0.01032
0.01208
0.01228
0.01247
0.01325
0.01384
0.01443
0.01501
0.01521
0.01657
0.01755
0.01931
0.02087
0.02341
0.02634
0.02907
0.03239
0.03552
0.03864
0.04255
0.04509
0.04802
0.05056
0.0529
0.05505
0.05681
0.05837
0.05954
0.06071
0.06169
0.06325
0.06404
0.0656
0.06579
0.06599
0.06696
0.06716
0.06775
0.06814
0.06833
0.06814
0.06853
0.06794
0.06794
0.06755
0.06736
0.06736
0.06696
0.06618
0.0654
0.06501
0.06482
0.06423
0.06423
0.06325
0.06267
0.06228
0.06189
0.06091
0.06052
0.06013
0.05974
0.05876
0.05818
0.05779
0.057
0.05603
0.05564
0.05525
0.05427
0.05368
0.0529
0.05232
0.05154
0.05134
0.05056
0.05036
0.05017
0.04919
0.04841
0.04763
0.04685
0.04665
0.04607
0.04548
0.0447
0.04411
0.04353
0.04294
0.04236
0.04157
0.04118
0.04021
0.03962
0.03904
0.03825
0.03825
0.03767
0.03728
0.03669
0.03611
0.03571
0.03513
0.03493
0.03474
0.03415
0.03376
0.03318
0.03259
0.03239
0.032
0.03122
0.03064
0.03025
0.03005
0.02966
0.02927
0.02849
0.02868
0.02849
0.02771
0.0279
0.02751
0.02712
0.02654
0.02654
0.02595
0.02595
0.02575
0.02497
0.02517
0.02419
0.02439
0.024
0.024
0.02321
0.02321
0.02302
0.02243
0.02204
0.02204
0.02126
0.02165
0.02126
0.02107
0.02068
0.02048
0.02029
0.02009
0.0197
0.0195
0.01931
0.01911
0.01892
0.01833
0.01814
0.01814
0.01794
0.01794
0.01696
0.01716
0.01677
0.01638
0.01599
0.01618
0.01579
0.01618
0.0154
0.01482
0.01501
0.0154
0.01501
0.01443
0.01501
0.01443
0.01462
0.01443
0.01443
0.01443
0.01384
0.01364
0.01345
0.01345
0.01345
0.01306
0.01286
0.01306
0.01267
0.01228
0.01189
0.01189
0.01169
0.01169
0.0115
0.01091
0.01071
0.01052
0.01071
0.01032
0.01013
0.00935
0.00954
0.00993
0.00974
0.00974
0.00954
0.00915
0.00876
0.00876
0.00857
0.00798
0.00779
0.00818
0.00818
0.00779
0.00779
0.00759
0.00779
0.00798
0.00798
0.00739
0.00739
0.00779
0.00739
0.00779
0.007
0.00739
0.00739
0.0072
0.00642
0.00681
0.007
0.007
0.00681
0.00661
0.00642
0.00642
0.00642
0.00681
0.00642
0.00661
0.00661
0.00603
0.00603
0.00583
0.00564
0.00544
0.00505
0.00525
0.00505
0.00525
0.00544
0.00525
0.00525
0.00505
0.00466
0.00427
0.00388
0.00427
0.00407
0.00349
0.00349
0.00349
0.00329
0.00349
0.00368
0.00388
0.00329
0.0031
0.0031
0.0029
0.0031
0.0031
0.00271
0.00271
0.0029
0.0029
0.00232
0.00232
0.0029
0.00251
0.00271
0.00251
0.00251
0.00251
0.00232
0.00271
0.00232
0.00251
0.00232
0.00251
0.00251
0.00232
0.00193
0.00212
0.00251
0.00251
0.00251
0.00251
0.00173
0.00232
0.00193
0.00232
0.00173
0.00212
0.00193
0.00212
0.00193
0.00232
0.00193
0.00173
0.00173
0.00154
0.00193
0.00173
0.00154
0.00173
0.00154
0.00154
0.00134
0.00114
0.00134
0.00075
0.00114
0.00154
0.00075
0.00056
0.00075
0.00114
0.00075
0.00075
0.00075
0.00075
0.00075
0.00134
0.00075
0.00114
0.00056
0.00095
0.00134
0.00154
0.00134
0.00134
0.00134
0.00095
0.00075
0.00114
0.00075
0.00095
0.00095
0.00095
0.00095
0.00095
0.00095
0.00056
0.00075
0.00095
0.00075
0.00075
0.00095
0.00017
0.00017
-3e-05
0.00017
0.00056
0.00017
-3e-05
-3e-05
-0.00022
-0.00022
-3e-05
0.00017
-0.00022
-0.00042
-0.00061
-0.00022
-0.00022
-3e-05
-3e-05
-0.00042
-0.00022
-0.00042
-3e-05
0.00017
-3e-05
-0.00022
0.00017
0.00056
0.00056
-0.00022
-3e-05
-0.00022
-3e-05
-0.00042
-0.00022
-0.00042
-0.00061
-0.00042
-0.00022
-0.00022
-0.00042
-0.00061
-0.001
-0.001
-0.00081
-0.00139
-0.0012
-0.00139
-0.001
-0.0012
-0.001
-0.00061
-0.001
-0.00139
-0.0012
-0.00159
-0.001
-0.00139
-0.00081
-0.001
-0.001
-0.00139
-0.0012
-0.0012
-0.001
-0.0012
-0.0012
-0.00139
-0.00139
-0.00081
-0.001
-0.00139
-0.0012
-0.00139
-0.001
-0.00081
-0.00139
-0.0012
-0.0012
-0.0012
-0.00139
-0.00179
-0.0012
-0.0012
-0.00159
-0.00218
-0.00139
-0.00179
-0.00159
-0.00179
-0.00179
-0.00159
-0.0012
-0.00218
-0.00179
-0.00159
-0.0012
-0.00198
-0.00179
-0.00198
-0.00159
-0.00218
-0.00139
-0.00179
-0.00159
-0.00159
-0.00179
-0.00139
-0.00139
-0.00179
-0.00179
-0.00139
-0.00159
-0.00159
-0.0012
-0.00159
-0.00139
-0.00139
-0.0012
-0.0012
-0.001
-0.00061
-0.00081
-0.00042
-0.00042
-0.0012
-0.0012
-0.0012
-0.001
-0.0012
-0.00061
-0.00042
-0.00081
-0.0012
-0.00042
-0.0012
-0.00061
-0.00081
-0.001
-0.00081
-0.00081
-0.00061
-0.00081
-0.00061
-0.00081
-0.001
-0.001
-0.0012
-0.00139
-0.00159
-0.00139
-0.00159
-0.00159
-0.00179
-0.00159
-0.00139
-0.0012
-0.00179
-0.00179
-0.00198
-0.00237
-0.00218
-0.00218
-0.00218
-0.00139
-0.00218
-0.0012
-0.00159
-0.0012
-0.00159
-0.00159
-0.00139
-0.00179
-0.00179
-0.00179
-0.0012
-0.00139
-0.00159
-0.0012
-0.00139
-0.00159
-0.00198
-0.0012
-0.00179
-0.0012
-0.00198
-0.00198
-0.00198
-0.00159
-0.00198
-0.00139
-0.00198
-0.0012
-0.00139
-0.00159
-0.00159
-0.00179
-0.00159
-0.00198
-0.00198
-0.00159
-0.00218
-0.00198
-0.00257
-0.00218
-0.00237
-0.00198
-0.00198
-0.00237
-0.00237
-0.00257
-0.00237
-0.00218
-0.00179
-0.00198
-0.00218
-0.00218
-0.00237
-0.00198
-0.00198
-0.00198
-0.00179
-0.00218
-0.00159
-0.00198
-0.00218
-0.00159
-0.00237
-0.00218
-0.00218
-0.00218
-0.00218
-0.00198
-0.00198
-0.00198
-0.00198
-0.00257
-0.00276
-0.00218
-0.00218
-0.00198
-0.00257
-0.00276
-0.00218
-0.00218
-0.00237
-0.00198
-0.00218
-0.00237
-0.00257
-0.00218
-0.00237
-0.00257
-0.00257
-0.00237
-0.00218
-0.00237
-0.00218
-0.00296
-0.00218
-0.00237
-0.00198
-0.00198
-0.00218
-0.00237
-0.00159
-0.00198
-0.00198
-0.00159
-0.00198
-0.00159
-0.00198
-0.00179
-0.00237
-0.00198
-0.00179
-0.00179
-0.00179
-0.00139
-0.00159
-0.00159
-0.00179
-0.00159
-0.00179
-0.00139
-0.00179
-0.00139
-0.00139
-0.00179
-0.00179
-0.00159
-0.00179
-0.00159
-0.00159
-0.0012
-0.00179
-0.00139
-0.00179
-0.00179
-0.00159
-0.00159
-0.00218
-0.00218
-0.00218
-0.00218
-0.00218
-0.00218
-0.00198
-0.00237
-0.00218
-0.00218
-0.00257
-0.00296
-0.00276
-0.00237
-0.00296
-0.00257
-0.00218
-0.00257
-0.00218
-0.00257
-0.00237
-0.00257
-0.00257
-0.00237
-0.00237
-0.00218
-0.00218
-0.00218
-0.00237
-0.00257
-0.00276
-0.00257
-0.00257
-0.00257
-0.00198
-0.00257
-0.00237
-0.00237
-0.00237
-0.00198
-0.00198
-0.00179
-0.00198
-0.00198
-0.00179
-0.00218
-0.00139
-0.00179
-0.00179
-0.00139
-0.00179
-0.00159
-0.00179
-0.00198
-0.00218
-0.00139
-0.00218
-0.00218
-0.00179
-0.00257
-0.00237
-0.00257
-0.00218
-0.00257
-0.00276
-0.00257
-0.00276
-0.00237
-0.00276
-0.00296
-0.00257
-0.00276
-0.00218
-0.00218
-0.00218
-0.00218
-0.00257
-0.00257
-0.00276
-0.00257
-0.00296
-0.00257
-0.00257
-0.00218
-0.00257
-0.00257
-0.00257
-0.00237
-0.00276
-0.00237
-0.00276
-0.00218
-0.00276
-0.00276
-0.00296
-0.00296
-0.00237
-0.00257
-0.00218
-0.00198
-0.00218
-0.00218
-0.00237
-0.00237
-0.00218
-0.00237
-0.00218
-0.00198
-0.00198
-0.00198
-0.00198
-0.00237
-0.00179
-0.00237
-0.00237
-0.00218
-0.00237
-0.00218
-0.00198
-0.00179
-0.00198
-0.00198
-0.00198
-0.00179
-0.00257
-0.00237
-0.00198
-0.00218
-0.00159
-0.00198
-0.00198
-0.00179
-0.00198
-0.00179
-0.00159
-0.00159
-0.00159
-0.00159
-0.0012
-0.00179
-0.00198
-0.00218
-0.00179
-0.00237
-0.00237
-0.00237
-0.00159
-0.00198
-0.00179
-0.00198
-0.00198
-0.00179
-0.00159
-0.00218
-0.00179
-0.00198
-0.00198
-0.00198
-0.00198
-0.00159
-0.00237
-0.00218
-0.00218
-0.00179
-0.00237
-0.00257
-0.00237
-0.00198
-0.00276
-0.00257
-0.00257
-0.00276
-0.00276
-0.00257
-0.00218
-0.00237
-0.00296
-0.00237
-0.00257
-0.00218
-0.00237
-0.00198
-0.00179
-0.00159
-0.00159
-0.00218
-0.00198
-0.00159
-0.00237
-0.00198
-0.00179
-0.00159
-0.00237
-0.00218
-0.00198
-0.00159
-0.00198
-0.00198
-0.00198
-0.00198
-0.00139
-0.0012
-0.00159
-0.00139
-0.00159
-0.00179
-0.00139
-0.00139
-0.00159
-0.00179
-0.00139
-0.00159
-0.00159
-0.00179
-0.00198
-0.00139
-0.00159
-0.00179
-0.00198
-0.00198
-0.00218
-0.00218
-0.00237
-0.00237
-0.00218
-0.00237
-0.00257
-0.00257
-0.00257
-0.00257
-0.00218
-0.00257
-0.00257
-0.00237
-0.00257
-0.00218
-0.00315
-0.00296
-0.00335
-0.00257
-0.00276
-0.00257
-0.00218
-0.00237
-0.00257
-0.00237
-0.00218
-0.00237
-0.00237
-0.00257
-0.00315
-0.00276
-0.00315
-0.00276
-0.00276
-0.00237
-0.00237
-0.00257
-0.00237
-0.00237
-0.00179
-0.00218
-0.00198
-0.00218
-0.00159
-0.00179
-0.00198
-0.00198
-0.00218
-0.00218
-0.00179
-0.00139
-0.00139
-0.00179
-0.00179
-0.00198
-0.00179
-0.00218
-0.00257
-0.00257
-0.00237
-0.00159
-0.00237
-0.00237
-0.00237
-0.00218
-0.00198
-0.00179
-0.00179
-0.00159
-0.00159
-0.00159
-0.00179
-0.00218
-0.00218
-0.00179
-0.00198
-0.00159
-0.00198
-0.00179
-0.00179
-0.00159
-0.00179
-0.00159
-0.00179
-0.00179
-0.00159
-0.00218
-0.00198
-0.00218
-0.00139
-0.00198
-0.00179
-0.00179
-0.00159
-0.0012
-0.00139
-0.00179
-0.00159
-0.00198
-0.00218
-0.00198
-0.00198
-0.00179
-0.00198
-0.00237
-0.00237
-0.00276
-0.00218
-0.00198
-0.00257
-0.00237
-0.00296
-0.00276
-0.00257
-0.00237
