-2.880000832000E-01

-0.00022
-0.00042
-0.00022
-0.00042
-0.00042
-0.00042
-0.00042
-0.00081
-0.00061
-0.00061
-0.00061
-0.00081
-0.001
-0.00159
-0.00159
-0.00179
-0.00218
-0.00257
-0.00315
-0.00315
-0.00335
-0.00374
-0.00432
-0.00393
-0.00413
-0.00452
-0.00471
-0.00491
-0.00471
-0.0055
-0.0055
-0.00569
-0.00569
-0.00569
-0.00569
-0.00569
-0.0055
-0.00569
-0.0055
-0.0055
-0.00589
-0.00569
-0.00569
-0.00569
-0.0055
-0.0055
-0.0055
-0.0053
-0.0055
-0.00589
-0.0055
-0.0055
-0.00511
-0.0053
-0.0053
-0.00511
-0.00491
-0.00491
-0.00393
-0.00413
-0.00374
-0.00413
-0.00413
-0.00413
-0.00374
-0.00393
-0.00374
-0.00432
-0.00393
-0.00315
-0.00374
-0.00335
-0.00296
-0.00296
-0.00296
-0.00296
-0.00296
-0.00315
-0.00296
-0.00296
-0.00296
-0.00296
-0.00257
-0.00218
-0.00296
-0.00296
-0.00257
-0.00218
-0.00198
-0.00179
-0.00159
-0.00218
-0.00179
-0.00179
-0.00198
-0.00159
-0.00139
-0.00139
-0.0012
-0.00139
-0.00159
-0.00179
-0.0012
-0.00139
-0.00179
-0.00218
-0.00198
-0.00198
-0.00179
-0.00237
-0.00179
-0.00218
-0.00218
-0.00179
-0.00198
-0.00179
-0.00179
-0.00198
-0.0012
-0.00159
-0.0012
-0.0012
-0.0012
-0.0012
-0.00081
-0.00159
-0.0012
-0.00159
-0.00139
-0.00139
-0.0012
-0.001
-0.00061
-0.001
-0.00061
-0.0012
-0.00061
-0.00081
-0.00081
-0.00061
-0.00042
-0.00042
-0.00022
-0.00042
-0.00081
-0.00061
-0.00061
-0.00042
-0.00022
-0.00061
-0.00042
-0.00022
-0.00061
-0.0012
-0.001
-0.00139
-0.00139
-0.00198
-0.00179
-0.00237
-0.00198
-0.00237
-0.00257
-0.00257
-0.00296
-0.00315
-0.00296
-0.00354
-0.00315
-0.00315
-0.00354
-0.00335
-0.00374
-0.00393
-0.00413
-0.00354
-0.00354
-0.00393
-0.00413
-0.00354
-0.00354
-0.00393
-0.00413
-0.00354
-0.00335
-0.00335
-0.00315
-0.00335
-0.00335
-0.00237
-0.00237
-0.00218
-0.00237
-0.00198
-0.00179
-0.00179
-0.00159
-0.00139
-0.00159
-0.0012
-0.0012
-0.00081
-0.00081
-0.00042
-0.00042
-0.00081
-0.00061
-3e-05
0.00154
0.00349
0.00505
0.007
0.00935
0.0115
0.01404
0.01638
0.01814
0.0197
0.02165
0.02321
0.02536
0.02751
0.02907
0.03142
0.03357
0.03571
0.03747
0.03943
0.04177
0.04372
0.04587
0.04821
0.05017
0.05232
0.05427
0.05622
0.05759
0.05896
0.06052
0.0615
0.06247
0.06325
0.06384
0.06443
0.0654
0.06638
0.06677
0.06716
0.06755
0.06736
0.06755
0.06736
0.06716
0.06696
0.06677
0.06638
0.06618
0.0656
0.0654
0.06462
0.06462
0.06404
0.06345
0.06286
0.06247
0.06208
0.06091
0.06111
0.05993
0.05935
0.05935
0.05837
0.05798
0.05739
0.05739
0.05642
0.05603
0.05583
0.05505
0.05486
0.05368
0.0531
0.0529
0.05154
0.05114
0.05036
0.04997
0.04958
0.0488
0.04821
0.04763
0.04704
0.04685
0.04607
0.04568
0.04489
0.04392
0.04333
0.04333
0.04177
0.04118
0.04079
0.0404
0.03982
0.03904
0.03806
0.03747
0.03728
0.03611
0.03591
0.03513
0.03454
0.03396
0.03396
0.03318
0.03337
0.0322
0.03161
0.03161
0.032
0.03142
0.03044
0.03064
0.03044
0.02986
0.02907
0.02868
0.02888
0.0281
0.0281
0.0279
0.0281
0.02712
0.02732
0.02712
0.02614
0.02634
0.02575
0.02536
0.02536
0.02536
0.02497
0.02517
0.02439
0.02419
0.0238
0.0238
0.02302
0.02282
0.02282
0.02302
0.02185
0.02204
0.02165
0.02107
0.02068
0.02068
0.02009
0.01989
0.0197
0.01911
0.01892
0.01853
0.01814
0.01775
0.01716
0.01716
0.01716
0.01696
0.01677
0.01657
0.01599
0.01579
0.01579
0.0154
0.0156
0.01501
0.01462
0.01462
0.01482
0.01423
0.01404
0.01364
0.01364
0.01364
0.01345
0.01306
0.01267
0.01267
0.01208
0.01208
0.01228
0.01228
0.01228
0.01286
0.01208
0.01189
0.01169
0.0115
0.01111
0.0113
0.01111
0.0113
0.0113
0.0113
0.01111
0.01091
0.01032
0.01052
0.01013
0.01013
0.00993
0.00993
0.00974
0.00954
0.00954
0.00935
0.00915
0.00935
0.00896
0.00876
0.00954
0.00876
0.00896
0.00857
0.00876
0.00818
0.00837
0.00837
0.00818
0.00798
0.00798
0.0072
0.00739
0.00739
0.00759
0.007
0.007
0.00622
0.00642
0.00622
0.00622
0.00583
0.00583
0.00564
0.00525
0.00583
0.00544
0.00505
0.00505
0.00505
0.00486
0.00505
0.00446
0.00427
0.00466
0.00505
0.00446
0.00466
0.00427
0.00407
0.00368
0.00368
0.00427
0.00427
0.00388
0.00407
0.00407
0.00388
0.00368
0.00368
0.00349
0.00368
0.00349
0.00368
0.00329
0.00368
0.00349
0.00368
0.00368
0.00368
0.00368
0.00407
0.00368
0.00427
0.00407
0.00349
0.00349
0.00349
0.00329
0.00388
0.00349
0.0029
0.00271
0.00329
0.00329
0.0031
0.0029
0.00271
0.0029
0.00271
0.00349
0.0031
0.0029
0.00271
0.00251
0.0029
0.00251
0.00271
0.00251
0.00212
0.00193
0.00193
0.00173
0.00173
0.00193
0.00134
0.00134
0.00114
0.00095
0.00075
0.00095
0.00075
0.00095
0.00095
0.00095
0.00017
0.00056
0.00075
0.00036
0.00075
0.00075
0.00095
0.00056
0.00036
0.00036
0.00056
0.00095
0.00056
0.00095
0.00056
0.00056
0.00017
0.00075
0.00114
0.00075
0.00075
0.00075
0.00095
0.00095
0.00134
0.00075
0.00095
0.00036
0.00114
0.00095
0.00095
0.00036
0.00056
0.00075
0.00095
0.00017
0.00056
0.00036
0.00036
-3e-05
-0.00022
-3e-05
0.00017
-3e-05
-0.00061
-0.00081
-0.00081
-0.00061
-0.001
-0.001
-0.00159
-0.00159
-0.00139
-0.00139
-0.00159
-0.00179
-0.00179
-0.00159
-0.00179
-0.00198
-0.00159
-0.00237
-0.00198
-0.00179
-0.00218
-0.00218
-0.00198
-0.00257
-0.00237
-0.00237
-0.00218
-0.00198
-0.00218
-0.00257
-0.00218
-0.00237
-0.00198
-0.00198
-0.00179
-0.00218
-0.00179
-0.00179
-0.0012
-0.00139
-0.00198
-0.00159
-0.0012
-0.001
-0.00139
-0.001
-0.001
-0.00159
-0.00081
-0.001
-0.001
-0.001
-0.00042
-0.001
-0.00022
-0.00061
-0.00022
-0.00081
-0.00061
-3e-05
-0.00042
-0.00022
-0.00042
-0.00022
-0.00061
-0.00061
-0.00022
-0.00022
-0.00061
-0.00042
-0.00081
-0.001
-0.00061
-0.00042
-0.00061
-0.00061
-0.00042
-0.00061
-0.00081
-0.00081
-0.00042
-0.001
-0.00061
-0.00081
-0.00061
-0.00061
-0.00042
-0.00081
-0.00042
-0.00061
-0.00081
-0.00061
-0.00081
-0.00061
-0.00081
-0.00081
-0.00081
-0.001
-0.0012
-0.00139
-0.0012
-0.00139
-0.00139
-0.00159
-0.00159
-0.00159
-0.00159
-0.00159
-0.00159
-0.00159
-0.0012
-0.00139
-0.00159
-0.00179
-0.00139
-0.00139
-0.001
-0.0012
-0.00139
-0.00159
-0.00179
-0.00139
-0.00159
-0.0012
-0.0012
-0.0012
-0.00139
-0.0012
-0.00139
-0.00159
-0.001
-0.00139
-0.00159
-0.0012
-0.00139
-0.00159
-0.00139
-0.0012
-0.00139
-0.00159
-0.0012
-0.00139
-0.00139
-0.00159
-0.0012
-0.001
-0.001
-0.00139
-0.00159
-0.00139
-0.00159
-0.00198
-0.00198
-0.00159
-0.00179
-0.00198
-0.00218
-0.00179
-0.00159
-0.00198
-0.00159
-0.00198
-0.00198
-0.00198
-0.00218
-0.00198
-0.00198
-0.00159
-0.00159
-0.00198
-0.00179
-0.00198
-0.00198
-0.00179
-0.00257
-0.00218
-0.00179
-0.00159
-0.00159
-0.00179
-0.00179
-0.00159
-0.00179
-0.00218
-0.00179
-0.00179
-0.00159
-0.00198
-0.00198
-0.00218
-0.00179
-0.00179
-0.00198
-0.00179
-0.00179
-0.00179
-0.00237
-0.00198
-0.00139
-0.00198
-0.00179
-0.00198
-0.00159
-0.00179
-0.00198
-0.00159
-0.00198
-0.00198
-0.00198
-0.00159
-0.001
-0.0012
-0.00159
-0.00139
-0.001
-0.00159
-0.00159
-0.0012
-0.00139
-0.0012
-0.001
-0.00139
-0.00159
-0.0012
-0.00159
-0.00218
-0.00218
-0.00237
-0.00218
-0.00257
-0.00179
-0.00218
-0.00257
-0.00218
-0.00276
-0.00237
-0.00257
-0.00237
-0.00237
-0.00257
-0.00237
-0.00296
-0.00335
-0.00335
-0.00354
-0.00296
-0.00335
-0.00335
-0.00315
-0.00374
-0.00354
-0.00393
-0.00374
-0.00413
-0.00374
-0.00432
-0.00393
-0.00432
-0.00393
-0.00393
-0.00393
-0.00354
-0.00315
-0.00374
-0.00335
-0.00315
-0.00296
-0.00296
-0.00276
-0.00335
-0.00315
-0.00315
-0.00276
-0.00276
-0.00218
-0.00257
-0.00257
-0.00257
-0.00237
-0.00237
-0.00257
-0.00276
-0.00257
-0.00257
-0.00237
-0.00276
-0.00237
-0.00237
-0.00198
-0.00159
-0.00159
-0.00198
-0.00159
-0.001
-0.0012
-0.001
-0.00139
-0.00139
-0.00139
-0.0012
-0.001
-0.0012
-0.0012
-0.00159
-0.0012
-0.0012
-0.0012
-0.00159
-0.00159
-0.001
-0.0012
-0.00139
-0.00139
-0.00081
-0.0012
-0.00081
-0.001
-0.00022
-0.00022
-0.00061
-0.00042
-0.00061
-0.001
-0.00081
-0.00061
-0.00081
-0.00042
-0.001
-0.00081
-0.00081
-0.00081
-0.0012
-0.00139
-0.0012
-0.00139
-0.00159
-0.00159
-0.00179
-0.001
-0.00159
-0.00159
-0.00139
-0.00139
-0.00218
-0.00218
-0.00218
-0.00218
-0.00237
-0.00257
-0.00237
-0.00237
-0.00276
-0.00276
-0.00218
-0.00179
-0.00179
-0.00179
-0.00198
-0.00257
-0.00257
-0.00237
-0.00237
-0.00218
-0.00257
-0.00257
-0.00218
-0.00198
-0.00218
-0.00198
-0.00218
-0.00198
-0.00179
-0.00218
-0.00218
-0.00218
-0.00179
-0.00198
-0.00276
-0.00237
-0.00276
-0.00335
-0.00257
-0.00296
-0.00296
-0.00354
-0.00315
-0.00374
-0.00374
-0.00374
-0.00335
-0.00354
-0.00335
-0.00374
-0.00413
-0.00315
-0.00413
-0.00393
-0.00374
-0.00335
-0.00335
-0.00354
-0.00374
-0.00335
-0.00335
-0.00354
-0.00354
-0.00413
-0.00335
-0.00393
-0.00315
-0.00335
-0.00296
-0.00315
-0.00315
-0.00276
-0.00296
-0.00257
-0.00257
-0.00257
-0.00257
-0.00257
-0.00218
-0.00198
-0.00237
-0.00276
-0.00218
-0.00257
-0.00257
-0.00237
-0.00237
-0.00257
-0.00257
-0.00237
-0.00257
-0.00257
-0.00257
-0.00296
-0.00276
-0.00179
-0.00198
-0.00179
-0.00139
-0.00179
-0.00159
-0.00159
-0.00179
-0.00159
-0.00198
-0.00159
-0.00179
-0.00159
-0.00198
-0.00179
-0.00179
-0.00179
-0.0012
-0.00159
-0.00139
-0.00198
-0.00159
-0.0012
-0.00179
-0.00179
-0.00159
-0.00139
-0.00179
-0.0012
-0.00179
-0.00179
-0.00139
-0.00159
-0.00198
-0.00159
-0.00179
-0.00198
-0.00218
-0.00198
-0.00179
-0.00198
-0.00257
-0.00237
-0.00237
-0.00198
-0.00237
-0.00218
-0.00179
-0.00198
-0.00237
-0.00198
-0.00237
-0.00257
-0.00315
-0.00276
-0.00276
-0.00257
-0.00276
-0.00198
-0.00198
-0.00198
-0.00237
-0.00276
-0.00257
-0.00257
-0.00237
-0.00276
-0.00276
-0.00257
-0.00296
-0.00257
-0.00257
-0.00257
-0.00276
-0.00237
-0.00257
-0.00296
-0.00276
-0.00257
-0.00257
-0.00198
-0.00237
-0.00218
-0.00257
-0.00237
-0.00237
-0.00257
-0.00257
-0.00257
-0.00296
-0.00276
-0.00335
-0.00296
-0.00296
-0.00276
-0.00218
-0.00276
-0.00276
-0.00335
-0.00315
-0.00296
-0.00354
-0.00315
-0.00296
-0.00276
-0.00296
-0.00237
-0.00276
-0.00257
-0.00315
-0.00296
-0.00296
-0.00257
-0.00315
-0.00257
-0.00257
-0.00218
-0.00198
-0.00198
-0.00218
-0.00198
-0.00218
-0.00237
-0.00257
-0.00237
-0.00237
-0.00179
-0.00237
-0.00198
-0.00237
-0.00237
-0.00257
-0.00237
-0.00218
-0.00218
-0.00198
-0.00237
-0.00237
-0.00218
-0.00198
-0.00179
-0.00198
-0.00257
-0.00198
-0.00257
-0.00179
-0.00218
-0.00198
-0.00198
-0.00179
-0.00237
-0.00237
-0.00237
-0.00218
-0.00237
-0.00218
-0.00218
-0.00237
-0.00198
-0.00179
-0.00257
-0.00179
-0.00237
-0.00179
-0.00198
-0.00198
-0.00159
-0.00179
-0.00218
-0.00218
-0.00218
-0.00296
-0.00237
-0.00179
-0.00159
-0.0012
-0.00159
-0.00218
-0.00257
-0.00198
-0.00198
-0.00237
-0.00198
-0.00179
-0.00237
-0.00218
-0.00218
-0.00218
-0.00198
-0.00218
-0.00218
-0.00198
