-2.430000704000E-01

-0.00276
-0.00276
-0.00296
-0.00296
-0.00257
-0.00237
-0.00276
-0.00198
-0.00218
-0.00237
-0.00218
-0.00218
-0.00237
-0.00257
-0.00237
-0.00218
-0.00276
-0.00218
-0.00237
-0.00237
-0.00257
-0.00237
-0.00237
-0.00257
-0.00257
-0.00237
-0.00237
-0.00218
-0.00237
-0.00237
-0.00237
-0.00218
-0.00218
-0.00237
-0.00237
-0.00237
-0.00276
-0.00257
-0.00218
-0.00276
-0.00257
-0.00257
-0.00276
-0.00257
-0.00296
-0.00315
-0.00315
-0.00276
-0.00315
-0.00257
-0.00296
-0.00257
-0.00257
-0.00257
-0.00296
-0.00296
-0.00296
-0.00257
-0.00276
-0.00257
-0.00296
-0.00237
-0.00296
-0.00296
-0.00276
-0.00257
-0.00296
-0.00276
-0.00296
-0.00296
-0.00315
-0.00315
-0.00296
-0.00276
-0.00296
-0.00276
-0.00276
-0.00296
-0.00257
-0.00315
-0.00296
-0.00315
-0.00296
-0.00257
-0.00257
-0.00296
-0.00276
-0.00276
-0.00218
-0.00218
-0.00276
-0.00257
-0.00296
-0.00296
-0.00276
-0.00296
-0.00257
-0.00276
-0.00296
-0.00257
-0.00237
-0.00237
-0.00257
-0.00257
-0.00257
-0.00237
-0.00296
-0.00237
-0.00218
-0.00237
-0.00237
-0.00218
-0.00257
-0.00257
-0.00276
-0.00257
-0.00276
-0.00218
-0.00257
-0.00276
-0.00257
-0.00276
-0.00257
-0.00257
-0.00257
-0.00218
-0.00276
-0.00218
-0.00198
-0.00276
-0.00296
-0.00257
-0.00237
-0.00218
-0.00198
-0.00237
-0.00218
-0.00218
-0.00218
-0.00198
-0.00218
-0.00237
-0.00257
-0.00257
-0.00237
-0.00237
-0.00237
-0.00198
-0.00237
-0.00237
-0.00257
-0.00257
-0.00257
-0.00198
-0.00237
-0.00198
-0.00257
-0.00198
-0.00257
-0.00257
-0.00218
-0.00257
-0.00218
-0.00237
-0.00296
-0.00257
-0.00257
-0.00257
-0.00296
-0.00276
-0.00296
-0.00354
-0.00335
-0.00315
-0.00315
-0.00296
-0.00335
-0.00315
-0.00335
-0.00296
-0.00296
-0.00257
-0.00296
-0.00276
-0.00257
-0.00257
-0.00276
-0.00218
-0.00218
-0.00237
-0.00237
-0.00257
-0.00237
-0.00198
-0.00257
-0.00218
-0.00198
-0.00159
-0.00081
0.00056
0.00134
0.00251
0.00329
0.00505
0.00603
0.00681
0.00759
0.00837
0.00935
0.01032
0.01052
0.0113
0.01169
0.01228
0.01286
0.01384
0.01462
0.0156
0.01696
0.01872
0.0197
0.02126
0.02204
0.02419
0.02517
0.02693
0.02868
0.03064
0.03279
0.03493
0.03825
0.0406
0.04333
0.04568
0.04861
0.05075
0.05251
0.05446
0.05661
0.05837
0.05954
0.06111
0.06189
0.06306
0.06423
0.06482
0.0656
0.06638
0.06716
0.06716
0.06755
0.06755
0.06775
0.06736
0.06696
0.06736
0.06696
0.06657
0.06618
0.06599
0.06599
0.06501
0.06443
0.06384
0.06404
0.06384
0.06325
0.06267
0.0613
0.0615
0.06071
0.05993
0.05935
0.05857
0.05779
0.05739
0.0572
0.05622
0.05583
0.05486
0.05388
0.05368
0.05349
0.05271
0.05173
0.05134
0.05056
0.04978
0.04919
0.04861
0.04782
0.04763
0.04685
0.04665
0.04548
0.04509
0.04411
0.04372
0.04333
0.04294
0.04255
0.04196
0.04157
0.04099
0.04021
0.04001
0.03943
0.03884
0.03825
0.03806
0.03708
0.03689
0.03611
0.0363
0.03513
0.03493
0.03474
0.03415
0.03337
0.03298
0.03239
0.0322
0.03122
0.03103
0.03044
0.03005
0.02946
0.02907
0.02868
0.02868
0.02829
0.02829
0.02751
0.02751
0.02732
0.02693
0.02673
0.02614
0.02556
0.02536
0.02575
0.02536
0.02497
0.02458
0.02439
0.02439
0.0238
0.0238
0.02361
0.02302
0.02282
0.02263
0.02224
0.02224
0.02165
0.02146
0.02126
0.02126
0.02087
0.02048
0.01989
0.0195
0.0197
0.01911
0.01794
0.01814
0.01775
0.01775
0.01736
0.01677
0.01657
0.01657
0.01618
0.01599
0.01579
0.0154
0.01501
0.01482
0.01462
0.01462
0.01443
0.01423
0.01384
0.01364
0.01364
0.01404
0.01345
0.01306
0.01325
0.01325
0.01325
0.01286
0.01228
0.01286
0.01267
0.01208
0.01208
0.01228
0.01228
0.01169
0.01169
0.01169
0.0115
0.0115
0.0115
0.01091
0.01111
0.01091
0.01013
0.01052
0.01052
0.01032
0.00935
0.00935
0.00954
0.00954
0.00896
0.00857
0.00896
0.00837
0.00837
0.00857
0.00818
0.00818
0.00798
0.00779
0.00759
0.00779
0.0072
0.007
0.0072
0.00681
0.007
0.00661
0.00622
0.00622
0.00642
0.00681
0.00622
0.00603
0.00583
0.00583
0.00564
0.00583
0.00544
0.00544
0.00505
0.00505
0.00525
0.00525
0.00505
0.00505
0.00486
0.00564
0.00544
0.00525
0.00525
0.00466
0.00466
0.00486
0.00466
0.00427
0.00446
0.00446
0.00446
0.00466
0.00466
0.00446
0.00388
0.00427
0.00427
0.00388
0.00388
0.00388
0.00407
0.00388
0.00368
0.00388
0.00388
0.00368
0.00388
0.00368
0.0031
0.00368
0.00329
0.00329
0.0029
0.00251
0.0029
0.0029
0.0029
0.00329
0.0029
0.00271
0.00251
0.00251
0.00251
0.00232
0.00212
0.00232
0.00271
0.00271
0.00212
0.00232
0.00193
0.00212
0.00232
0.00232
0.00212
0.00173
0.00173
0.00154
0.00193
0.00173
0.00095
0.00095
0.00114
0.00114
0.00075
0.00056
0.00036
0.00036
0.00017
0.00036
0.00017
0.00036
0.00036
0.00017
-3e-05
-3e-05
-0.00022
0.00017
0.00017
0.00017
-0.00022
-0.00022
-3e-05
0.00017
-3e-05
-3e-05
-0.00022
0.00056
-0.00022
-3e-05
-3e-05
0.00017
0.00036
0.00036
-3e-05
0.00036
-0.00022
-0.00042
-3e-05
0.00017
-0.00042
-3e-05
-0.00042
-0.00042
-0.00061
-0.00042
-0.00022
-0.00042
0.00017
-3e-05
0.00017
0.00017
-0.00042
-0.00022
-0.00042
-0.00061
-0.001
-0.00022
-3e-05
-0.001
-0.00081
-0.00061
-0.00081
-0.0012
-0.001
-0.0012
-0.001
-0.001
-0.0012
-0.00081
-0.001
-0.001
-0.001
-0.00081
-0.00179
-0.00081
-0.00081
-0.001
-0.00139
-0.00081
-0.00139
-0.001
-0.001
-0.00081
-0.00139
-0.0012
-0.001
-0.0012
-0.00139
-0.00139
-0.00179
-0.001
-0.0012
-0.0012
-0.0012
-0.001
-0.001
-0.00139
-0.0012
-0.00139
-0.001
-0.00179
-0.00139
-0.00081
-0.00081
-0.00081
-0.001
-0.001
-0.00179
-0.00139
-0.00139
-0.0012
-0.0012
-0.0012
-0.00139
-0.00159
-0.00159
-0.00179
-0.00081
-0.001
-0.001
-0.00042
-0.00081
-0.0012
-0.0012
-0.00081
-0.00139
-0.00139
-0.0012
-0.0012
-0.001
-0.00159
-0.0012
-0.00159
-0.0012
-0.00139
-0.00159
-0.0012
-0.00139
-0.001
-0.00179
-0.00179
-0.00198
-0.00179
-0.00179
-0.00159
-0.00198
-0.00139
-0.00218
-0.00159
-0.00179
-0.00159
-0.00218
-0.00198
-0.00218
-0.00198
-0.00237
-0.00218
-0.00237
-0.00218
-0.00198
-0.00179
-0.00198
-0.00237
-0.00198
-0.00218
-0.00237
-0.00218
-0.00276
-0.00237
-0.00315
-0.00296
-0.00296
-0.00237
-0.00257
-0.00237
-0.00237
-0.00257
-0.00296
-0.00237
-0.00257
-0.00198
-0.00218
-0.00198
-0.00218
-0.00237
-0.00257
-0.00179
-0.00237
-0.00218
-0.00218
-0.00218
-0.00257
-0.00198
-0.00218
-0.00218
-0.00198
-0.00198
-0.00179
-0.00159
-0.00218
-0.00198
-0.00218
-0.00218
-0.00218
-0.00198
-0.00218
-0.00159
-0.00198
-0.00179
-0.00179
-0.00179
-0.00159
-0.00159
-0.00179
-0.00198
-0.00218
-0.00198
-0.00179
-0.00159
-0.00179
-0.00198
-0.00198
-0.00179
-0.00198
-0.00218
-0.00198
-0.00179
-0.00198
-0.00179
-0.00198
-0.00198
-0.00198
-0.00218
-0.00218
-0.00218
-0.00237
-0.00218
-0.00237
-0.00257
-0.00315
-0.00237
-0.00257
-0.00257
-0.00237
-0.00276
-0.00257
-0.00237
-0.00218
-0.00179
-0.00198
-0.00237
-0.00237
-0.00237
-0.00257
-0.00237
-0.00237
-0.00198
-0.00237
-0.00237
-0.00237
-0.00257
-0.00237
-0.00198
-0.00198
-0.00237
-0.00257
-0.00257
-0.00237
-0.00218
-0.00257
-0.00237
-0.00315
-0.00257
-0.00237
-0.00257
-0.00296
-0.00257
-0.00276
-0.00257
-0.00257
-0.00218
-0.00276
-0.00257
-0.00296
-0.00257
-0.00218
-0.00237
-0.00296
-0.00315
-0.00257
-0.00237
-0.00237
-0.00237
-0.00237
-0.00218
-0.00218
-0.00218
-0.00218
-0.00237
-0.00198
-0.00237
-0.00218
-0.00198
-0.00218
-0.00218
-0.00198
-0.00179
-0.00198
-0.00218
-0.00159
-0.00218
-0.00198
-0.00198
-0.00237
-0.00198
-0.00237
-0.00198
-0.00237
-0.00237
-0.00257
-0.00257
-0.00218
-0.00296
-0.00296
-0.00276
-0.00296
-0.00237
-0.00276
-0.00237
-0.00276
-0.00296
-0.00315
-0.00335
-0.00257
-0.00257
-0.00237
-0.00237
-0.00218
-0.00237
-0.00257
-0.00276
-0.00237
-0.00257
-0.00257
-0.00276
-0.00257
-0.00257
-0.00257
-0.00296
-0.00218
-0.00257
-0.00237
-0.00237
-0.00257
-0.00237
-0.00237
-0.00237
-0.00218
-0.00257
-0.00237
-0.00257
-0.00257
-0.00276
-0.00257
-0.00276
-0.00296
-0.00237
-0.00315
-0.00296
-0.00276
-0.00296
-0.00354
-0.00354
-0.00315
-0.00354
-0.00335
-0.00315
-0.00315
-0.00354
-0.00374
-0.00354
-0.00335
-0.00354
-0.00413
-0.00393
-0.00354
-0.00354
-0.00413
-0.00354
-0.00374
-0.00393
-0.00335
-0.00393
-0.00335
-0.00354
-0.00413
-0.00374
-0.00354
-0.00393
-0.00374
-0.00393
-0.00354
-0.00354
-0.00374
-0.00354
-0.00374
-0.00374
-0.00354
-0.00374
-0.00354
-0.00354
-0.00354
-0.00315
-0.00276
-0.00315
-0.00315
-0.00315
-0.00296
-0.00276
-0.00296
-0.00257
-0.00237
-0.00257
-0.00257
-0.00257
-0.00257
-0.00296
-0.00257
-0.00257
-0.00276
-0.00276
-0.00257
-0.00257
-0.00218
-0.00218
-0.00237
-0.00218
-0.00198
-0.00218
-0.00218
-0.00179
-0.00237
-0.00218
-0.00159
-0.00179
-0.00139
-0.00139
-0.0012
-0.0012
-0.001
-0.001
-0.0012
-0.00081
-0.001
-0.00081
-0.001
-0.00061
-0.00081
-0.00139
-0.0012
-0.001
-0.00139
-0.00139
-0.001
-0.00139
-0.00159
-0.00139
-0.00198
-0.00198
-0.00276
-0.00237
-0.00237
-0.00257
-0.00315
-0.00315
-0.00354
-0.00354
-0.00335
-0.00354
-0.00413
-0.00432
-0.00432
-0.00452
-0.00471
-0.00471
-0.00452
-0.00432
-0.00432
-0.00413
-0.00432
-0.00452
-0.00413
-0.00432
-0.00393
-0.00413
-0.00393
-0.00393
-0.00374
-0.00354
-0.00296
-0.00296
-0.00296
-0.00257
-0.00276
-0.00198
-0.00218
-0.00218
-0.00198
-0.00218
-0.00198
-0.00159
-0.00179
-0.00159
-0.00139
-0.00139
-0.00159
-0.001
-0.00081
-0.00061
-0.00081
-0.00042
-0.00061
-0.00081
-0.00042
-0.00061
-0.00061
-0.00081
-0.00061
-0.00061
-0.00042
-0.00042
-0.00081
-0.00061
-0.00061
-0.00081
-0.00139
-0.00081
-0.0012
-0.0012
-0.00179
-0.0012
-0.00139
-0.00159
-0.00218
-0.00198
-0.00257
-0.00257
-0.00237
-0.00315
-0.00296
-0.00296
-0.00354
-0.00354
-0.00413
-0.00374
-0.00413
-0.00354
-0.00452
-0.00452
-0.00511
-0.00511
-0.00511
-0.00491
-0.0053
-0.0053
-0.0053
-0.0053
-0.00569
-0.00589
-0.00647
-0.00569
-0.00628
-0.00647
-0.00647
-0.00647
-0.00628
-0.00628
-0.00608
-0.00628
-0.00647
-0.00647
-0.00569
-0.00608
-0.00608
-0.00569
-0.0053
-0.00491
-0.0053
-0.00471
-0.00491
-0.00471
-0.00452
-0.00393
-0.00432
-0.00413
-0.00413
-0.00393
-0.00335
-0.00335
-0.00296
-0.00296
-0.00276
-0.00296
-0.00237
-0.00237
-0.00159
-0.00179
-0.00159
-0.0012
-0.001
-0.00159
-0.00159
-0.00139
-0.0012
-0.00061
-0.00081
-0.00022
-3e-05
-0.00042
-0.00042
-0.00022
-0.00061
-0.00081
-0.00061
-0.00042
-0.00042
-0.00061
-0.00042
-3e-05
-0.00042
-0.00061
-0.001
-0.00081
-0.00179
-0.0012
-0.00139
-0.0012
-0.00139
-0.00139
-0.00159
-0.00139
-0.00218
-0.00179
-0.00237
-0.00159
-0.00159
-0.00139
-0.00159
-0.0012
-0.00139
-0.00159
-0.00139
-0.00179
-0.00198
-0.00198
-0.00198
-0.00159
-0.00179
-0.00159
-0.00198
-0.00159
-0.00179
-0.00179
-0.00139
-0.00139
-0.00159
-0.00139
-0.00159
-0.00159
-0.00139
-0.00139
-0.0012
-0.00179
-0.00159
-0.00139
-0.00159
-0.0012
-0.00139
-0.001
-0.00139
-0.00139
-0.00179
-0.00198
-0.00198
-0.00237
