-1.662000467200E+00

-0.00237
-0.00179
-0.00179
-0.00198
-0.00218
-0.00179
-0.00218
-0.00218
-0.00218
-0.00198
-0.00218
-0.00198
-0.00198
-0.00198
-0.00218
-0.00218
-0.00218
-0.00218
-0.00237
-0.00237
-0.00237
-0.00198
-0.00198
-0.00179
-0.00198
-0.00237
-0.00218
-0.00237
-0.00237
-0.00257
-0.00237
-0.00257
-0.00257
-0.00257
-0.00237
-0.00237
-0.00198
-0.00276
-0.00257
-0.00257
-0.00257
-0.00237
-0.00296
-0.00296
-0.00315
-0.00335
-0.00257
-0.00257
-0.00276
-0.00257
-0.00257
-0.00257
-0.00237
-0.00276
-0.00276
-0.00237
-0.00257
-0.00276
-0.00296
-0.00257
-0.00257
-0.00296
-0.00276
-0.00237
-0.00257
-0.00315
-0.00315
-0.00276
-0.00335
-0.00315
-0.00296
-0.00237
-0.00257
-0.00237
-0.00257
-0.00296
-0.00296
-0.00257
-0.00276
-0.00257
-0.00315
-0.00296
-0.00296
-0.00257
-0.00296
-0.00315
-0.00296
-0.00296
-0.00315
-0.00374
-0.00315
-0.00315
-0.00276
-0.00315
-0.00276
-0.00315
-0.00257
-0.00296
-0.00257
-0.00276
-0.00257
-0.00257
-0.00276
-0.00218
-0.00237
-0.00257
-0.00237
-0.00257
-0.00257
-0.00296
-0.00257
-0.00276
-0.00257
-0.00237
-0.00257
-0.00296
-0.00276
-0.00296
-0.00315
-0.00257
-0.00276
-0.00276
-0.00257
-0.00257
-0.00276
-0.00296
-0.00257
-0.00237
-0.00257
-0.00276
-0.00237
-0.00276
-0.00257
-0.00296
-0.00237
-0.00276
-0.00296
-0.00276
-0.00276
-0.00315
-0.00335
-0.00354
-0.00374
-0.00335
-0.00354
-0.00296
-0.00315
-0.00296
-0.00296
-0.00296
-0.00335
-0.00276
-0.00257
-0.00257
-0.00237
-0.00218
-0.00237
-0.00237
-0.00218
-0.00218
-0.00276
-0.00237
-0.00237
-0.00218
-0.00198
-0.00237
-0.00257
-0.00237
-0.00237
-0.00237
-0.00218
-0.00257
-0.00257
-0.00237
-0.00257
-0.00218
-0.00237
-0.00237
-0.00218
-0.00257
-0.00237
-0.00218
-0.00218
-0.00237
-0.00218
-0.00218
-0.00237
-0.00276
-0.00257
-0.00276
-0.00276
-0.00296
-0.00296
-0.00335
-0.00276
-0.00296
-0.00296
-0.00218
-0.00218
-0.0012
-0.00022
0.00056
0.00154
0.00271
0.00368
0.00505
0.00622
0.007
0.00798
0.00857
0.00954
0.01013
0.01071
0.0115
0.01189
0.01247
0.01306
0.01345
0.01423
0.01423
0.0156
0.01657
0.01794
0.02009
0.02321
0.02673
0.03142
0.03552
0.04021
0.0445
0.04841
0.05251
0.05622
0.05935
0.06286
0.0654
0.06814
0.07048
0.07243
0.07419
0.07634
0.0779
0.07927
0.08064
0.08161
0.0822
0.08259
0.08318
0.08376
0.08415
0.08474
0.08513
0.08454
0.08474
0.08474
0.08474
0.08454
0.08474
0.08396
0.08396
0.08357
0.08279
0.0822
0.08122
0.08103
0.08025
0.07986
0.07888
0.0779
0.07712
0.07614
0.07575
0.07497
0.07361
0.07321
0.07224
0.07165
0.07087
0.06989
0.06872
0.06853
0.06716
0.06696
0.0656
0.06521
0.06443
0.06345
0.06286
0.06228
0.06091
0.06032
0.05954
0.05857
0.05798
0.0572
0.05642
0.05544
0.05486
0.05368
0.05329
0.05271
0.05212
0.05114
0.05095
0.05017
0.04978
0.04939
0.04861
0.04802
0.04724
0.04665
0.04646
0.04587
0.04548
0.04548
0.0445
0.04411
0.04353
0.04294
0.04255
0.04196
0.04157
0.04099
0.04079
0.03904
0.03962
0.03904
0.03864
0.03806
0.03747
0.03747
0.0365
0.0365
0.03571
0.03532
0.03552
0.03474
0.03415
0.03357
0.03239
0.03259
0.03239
0.0322
0.03103
0.03064
0.03064
0.03064
0.02986
0.02927
0.02907
0.02849
0.02829
0.02732
0.02673
0.02712
0.02634
0.02595
0.02595
0.02556
0.02517
0.02497
0.02478
0.02439
0.024
0.02341
0.02302
0.02282
0.02243
0.02204
0.02126
0.02146
0.02126
0.02087
0.02087
0.02029
0.02029
0.02009
0.01911
0.01931
0.01911
0.01892
0.01892
0.01833
0.01775
0.01794
0.01755
0.01755
0.01775
0.01716
0.01716
0.01696
0.01677
0.01696
0.01657
0.01618
0.01599
0.0154
0.0154
0.01521
0.01521
0.01462
0.01482
0.01482
0.01462
0.01462
0.01384
0.01345
0.01345
0.01325
0.01306
0.01345
0.01306
0.01247
0.01286
0.01247
0.01247
0.01208
0.01189
0.01169
0.0113
0.01111
0.01111
0.01032
0.01071
0.01052
0.00954
0.00974
0.00935
0.00915
0.00915
0.00896
0.00915
0.00857
0.00876
0.00876
0.00818
0.00798
0.00818
0.00779
0.00798
0.00798
0.00759
0.00798
0.00779
0.00759
0.00739
0.00759
0.00739
0.0072
0.00759
0.00759
0.00739
0.0072
0.0072
0.00642
0.00681
0.00661
0.00642
0.00642
0.00622
0.00583
0.00583
0.00564
0.00544
0.00564
0.00544
0.00544
0.00564
0.00564
0.00583
0.00544
0.00525
0.00525
0.00505
0.00525
0.00446
0.00505
0.00446
0.00466
0.00446
0.00407
0.00446
0.00427
0.00446
0.00407
0.00388
0.00388
0.00388
0.00349
0.00349
0.00368
0.00368
0.00388
0.00329
0.0031
0.00329
0.0031
0.00329
0.00349
0.00329
0.00349
0.00329
0.00329
0.0029
0.0029
0.0031
0.00271
0.00251
0.0031
0.00232
0.00251
0.00232
0.00212
0.00212
0.00193
0.00212
0.00232
0.00251
0.00173
0.00154
0.00134
0.00193
0.00154
0.00154
0.00154
0.00134
0.00154
0.00134
0.00134
0.00095
0.00114
0.00095
0.00075
0.00075
0.00134
0.00114
0.00056
0.00017
0.00056
0.00017
0.00036
0.00036
-0.00042
0.00036
0.00017
0.00056
0.00056
0.00075
0.00075
0.00075
0.00056
0.00056
0.00056
0.00056
0.00134
0.00075
0.00095
0.00095
0.00114
0.00095
0.00095
0.00075
-3e-05
0.00056
0.00056
0.00075
0.00017
-3e-05
0.00056
-3e-05
0.00056
-3e-05
0.00017
-0.00042
-3e-05
0.00036
0.00017
0.00017
0.00017
-3e-05
0.00017
0.00036
-0.00022
-0.00061
-0.00042
-0.00022
-0.00042
-0.00081
-0.00022
-0.00022
-0.00042
-0.00042
-0.001
-0.0012
-0.001
-0.001
-0.001
-0.00081
-0.00081
-0.00061
-0.001
-0.00081
-0.00081
-0.00042
-0.00042
-0.00061
-0.00081
-0.00081
-0.0012
-0.00081
-0.00081
-0.00081
-0.00061
-0.00081
-0.0012
-0.00061
-0.001
-0.00081
-0.00061
-0.001
-0.001
-0.00081
-0.0012
-0.001
-0.001
-0.00081
-0.00081
-0.00081
-0.001
-0.0012
-0.0012
-0.00139
-0.00139
-0.0012
-0.0012
-0.00139
-0.0012
-0.00159
-0.001
-0.00081
-0.001
-0.001
-0.00139
-0.00139
-0.0012
-0.00159
-0.001
-0.0012
-0.00139
-0.00159
-0.0012
-0.00139
-0.00139
-0.0012
-0.00139
-0.0012
-0.00139
-0.0012
-0.00159
-0.0012
-0.0012
-0.00179
-0.00179
-0.00179
-0.00159
-0.00159
-0.00198
-0.00198
-0.00237
-0.00237
-0.00198
-0.00237
-0.00218
-0.00198
-0.00218
-0.00198
-0.00198
-0.00237
-0.00218
-0.00218
-0.00237
-0.00237
-0.00218
-0.00218
-0.00179
-0.00237
-0.00218
-0.00237
-0.00218
-0.00257
-0.00237
-0.00218
-0.00257
-0.00257
-0.00257
-0.00276
-0.00218
-0.00218
-0.00237
-0.00276
-0.00257
-0.00276
-0.00276
-0.00276
-0.00276
-0.00257
-0.00218
-0.00237
-0.00198
-0.00198
-0.00237
-0.00218
-0.00179
-0.00237
-0.00218
-0.00218
-0.00198
-0.00198
-0.00198
-0.00139
-0.00159
-0.00159
-0.00179
-0.00198
-0.00179
-0.00198
-0.00198
-0.00179
-0.00179
-0.00179
-0.00198
-0.00218
-0.00179
-0.00218
-0.00198
-0.00198
-0.00159
-0.00218
-0.00198
-0.00218
-0.00257
-0.00198
-0.00218
-0.00218
-0.00237
-0.00237
-0.00276
-0.00257
-0.00296
-0.00335
-0.00296
-0.00315
-0.00276
-0.00335
-0.00276
-0.00296
-0.00296
-0.00296
-0.00276
-0.00315
-0.00276
-0.00276
-0.00257
-0.00296
-0.00296
-0.00296
-0.00296
-0.00296
-0.00296
-0.00296
-0.00257
-0.00237
-0.00257
-0.00296
-0.00257
-0.00257
-0.00237
-0.00257
-0.00257
-0.00198
-0.00218
-0.00276
-0.00237
-0.00237
-0.00179
-0.00218
-0.00198
-0.00257
-0.00237
-0.00276
-0.00218
-0.00257
-0.00237
-0.00257
-0.00218
-0.00257
-0.00237
-0.00198
-0.00276
-0.00276
-0.00257
-0.00237
-0.00257
-0.00315
-0.00276
-0.00296
-0.00257
-0.00237
-0.00237
-0.00276
-0.00257
-0.00257
-0.00237
-0.00276
-0.00237
-0.00257
-0.00237
-0.00257
-0.00257
-0.00257
-0.00218
-0.00237
-0.00296
-0.00296
-0.00257
-0.00276
-0.00257
-0.00315
-0.00296
-0.00315
-0.00315
-0.00276
-0.00296
-0.00335
-0.00315
-0.00354
-0.00335
-0.00354
-0.00354
-0.00315
-0.00354
-0.00335
-0.00335
-0.00315
-0.00393
-0.00354
-0.00354
-0.00315
-0.00315
-0.00335
-0.00354
-0.00315
-0.00335
-0.00354
-0.00335
-0.00335
-0.00296
-0.00335
-0.00276
-0.00315
-0.00296
-0.00257
-0.00296
-0.00257
-0.00276
-0.00218
-0.00276
-0.00257
-0.00237
-0.00296
-0.00257
-0.00257
-0.00257
-0.00257
-0.00218
-0.00257
-0.00257
-0.00237
-0.00276
-0.00257
-0.00218
-0.00276
-0.00296
-0.00257
-0.00257
-0.00257
-0.00296
-0.00276
-0.00296
-0.00374
-0.00315
-0.00374
-0.00374
-0.00374
-0.00354
-0.00354
-0.00354
-0.00315
-0.00354
-0.00335
-0.00335
-0.00374
-0.00335
-0.00296
-0.00296
-0.00296
-0.00276
-0.00315
-0.00335
-0.00315
-0.00315
-0.00296
-0.00315
-0.00257
-0.00315
-0.00237
-0.00276
-0.00276
-0.00315
-0.00276
-0.00257
-0.00296
-0.00296
-0.00257
-0.00276
-0.00237
-0.00257
-0.00276
-0.00257
-0.00257
-0.00257
-0.00257
-0.00237
-0.00218
-0.00237
-0.00276
-0.00257
-0.00276
-0.00237
-0.00257
-0.00237
-0.00296
-0.00237
-0.00276
-0.00237
-0.00257
-0.00276
-0.00257
-0.00257
-0.00257
-0.00218
-0.00218
-0.00257
-0.00276
-0.00237
-0.00257
-0.00257
-0.00237
-0.00257
-0.00218
-0.00276
-0.00237
-0.00257
-0.00198
-0.00237
-0.00237
-0.00257
-0.00296
-0.00296
-0.00296
-0.00237
-0.00276
-0.00257
-0.00237
-0.00257
-0.00237
-0.00257
-0.00315
-0.00315
-0.00296
-0.00257
-0.00257
-0.00315
-0.00257
-0.00257
-0.00296
-0.00276
-0.00296
-0.00276
-0.00276
-0.00276
-0.00315
-0.00315
-0.00315
-0.00335
-0.00296
-0.00335
-0.00315
-0.00296
-0.00296
-0.00296
-0.00354
-0.00315
-0.00315
-0.00296
-0.00296
-0.00315
-0.00315
-0.00296
-0.00315
-0.00296
-0.00257
-0.00276
-0.00237
-0.00315
-0.00296
-0.00296
-0.00276
-0.00198
-0.00237
-0.00257
-0.00276
-0.00218
-0.00237
-0.00257
-0.00257
-0.00276
-0.00237
-0.00237
-0.00237
-0.00257
-0.00198
-0.00257
-0.00218
-0.00218
-0.00179
-0.00198
-0.00218
-0.00257
-0.00218
-0.00257
-0.00257
-0.00237
-0.00218
-0.00237
-0.00218
-0.00257
-0.00276
-0.00237
-0.00237
-0.00218
-0.00257
-0.00237
-0.00276
-0.00237
-0.00257
-0.00296
-0.00257
-0.00276
-0.00257
-0.00237
-0.00296
-0.00276
-0.00296
-0.00276
-0.00237
-0.00276
-0.00257
-0.00276
-0.00276
-0.00296
-0.00276
-0.00296
-0.00276
-0.00257
-0.00257
-0.00257
-0.00237
-0.00257
-0.00276
-0.00257
-0.00237
-0.00296
-0.00335
-0.00257
-0.00315
-0.00296
-0.00237
-0.00257
-0.00257
-0.00296
-0.00296
-0.00296
-0.00296
-0.00335
-0.00296
-0.00276
-0.00276
-0.00296
-0.00315
-0.00257
-0.00296
-0.00296
-0.00315
-0.00354
-0.00296
-0.00276
-0.00276
-0.00257
-0.00296
-0.00276
-0.00335
-0.00257
-0.00315
-0.00276
-0.00315
-0.00276
-0.00276
-0.00296
-0.00315
-0.00276
-0.00296
-0.00296
-0.00276
-0.00276
-0.00276
-0.00315
-0.00257
-0.00237
-0.00237
-0.00218
-0.00257
-0.00237
-0.00237
-0.00218
-0.00237
-0.00218
-0.00237
-0.00237
-0.00237
-0.00198
-0.00237
-0.00257
-0.00276
-0.00237
-0.00237
-0.00237
-0.00315
-0.00315
-0.00315
-0.00296
-0.00276
-0.00354
-0.00335
-0.00315
-0.00257
-0.00354
-0.00315
-0.00315
-0.00296
-0.00218
-0.00296
-0.00296
-0.00257
-0.00296
-0.00296
-0.00296
-0.00237
-0.00296
-0.00276
-0.00276
-0.00257
-0.00296
-0.00296
-0.00276
-0.00276
-0.00257
-0.00276
-0.00237
-0.00257
-0.00276
-0.00276
-0.00218
-0.00237
-0.00237
-0.00257
-0.00237
-0.00237
-0.00218
-0.00218
-0.00198
-0.00218
-0.00218
-0.00237
-0.00218
-0.00257
-0.00237
-0.00296
-0.00276
-0.00276
