-1.355000380800E+00

-0.00335
-0.00296
-0.00276
-0.00354
-0.00276
-0.00315
-0.00237
-0.00296
-0.00276
-0.00276
-0.00276
-0.00257
-0.00257
-0.00296
-0.00237
-0.00315
-0.00296
-0.00276
-0.00257
-0.00315
-0.00276
-0.00276
-0.00257
-0.00296
-0.00218
-0.00218
-0.00237
-0.00257
-0.00257
-0.00218
-0.00198
-0.00237
-0.00237
-0.00179
-0.00198
-0.00198
-0.00237
-0.00257
-0.00218
-0.00276
-0.00257
-0.00257
-0.00257
-0.00257
-0.00296
-0.00315
-0.00296
-0.00276
-0.00276
-0.00296
-0.00315
-0.00335
-0.00315
-0.00354
-0.00315
-0.00354
-0.00296
-0.00296
-0.00276
-0.00257
-0.00315
-0.00276
-0.00296
-0.00237
-0.00296
-0.00296
-0.00237
-0.00315
-0.00296
-0.00354
-0.00315
-0.00276
-0.00257
-0.00276
-0.00257
-0.00276
-0.00237
-0.00237
-0.00257
-0.00276
-0.00257
-0.00257
-0.00257
-0.00276
-0.00218
-0.00276
-0.00218
-0.00296
-0.00218
-0.00237
-0.00159
-0.00198
-0.00237
-0.00218
-0.00237
-0.00257
-0.00257
-0.00237
-0.00179
-0.00257
-0.00179
-0.00276
-0.00237
-0.00276
-0.00218
-0.00237
-0.00237
-0.00257
-0.00237
-0.00218
-0.00198
-0.00257
-0.00237
-0.00237
-0.00218
-0.00237
-0.00218
-0.00257
-0.00237
-0.00218
-0.00257
-0.00218
-0.00218
-0.00218
-0.00237
-0.00276
-0.00237
-0.00276
-0.00237
-0.00237
-0.00198
-0.00257
-0.00237
-0.00237
-0.00179
-0.00179
-0.00198
-0.00237
-0.00218
-0.00198
-0.00257
-0.00237
-0.00237
-0.00257
-0.00237
-0.00257
-0.00237
-0.00237
-0.00218
-0.00335
-0.00315
-0.00315
-0.00335
-0.00276
-0.00237
-0.00257
-0.00257
-0.00257
-0.00296
-0.00335
-0.00374
-0.00315
-0.00296
-0.00335
-0.00276
-0.00335
-0.00296
-0.00354
-0.00296
-0.00335
-0.00296
-0.00296
-0.00296
-0.00315
-0.00315
-0.00335
-0.00257
-0.00276
-0.00257
-0.00257
-0.00218
-0.00296
-0.00237
-0.00237
-0.00218
-0.00218
-0.00198
-0.00179
-0.00218
-0.00179
-0.0012
-0.00159
-0.00081
-0.00022
0.00114
0.00212
0.00349
0.00446
0.00564
0.00642
0.00759
0.00837
0.00954
0.01071
0.01267
0.01443
0.01618
0.01775
0.0195
0.02068
0.02204
0.02361
0.02497
0.02614
0.02732
0.0281
0.02946
0.02986
0.03161
0.03259
0.03435
0.03493
0.03708
0.03904
0.04196
0.0445
0.04743
0.05056
0.05427
0.0572
0.06071
0.06345
0.06618
0.06833
0.06989
0.07243
0.07458
0.07673
0.07907
0.08142
0.08279
0.08552
0.08669
0.08884
0.0904
0.09196
0.09353
0.0947
0.09568
0.09626
0.09646
0.09685
0.09724
0.09743
0.09763
0.09802
0.09782
0.09763
0.09704
0.09704
0.09704
0.09626
0.09568
0.09489
0.09431
0.09353
0.09314
0.09196
0.09118
0.09021
0.08982
0.08864
0.08806
0.08728
0.0863
0.08591
0.08493
0.08396
0.08259
0.082
0.08103
0.08064
0.08005
0.07868
0.0781
0.07673
0.07614
0.07478
0.07439
0.07321
0.07263
0.07185
0.07087
0.07029
0.06989
0.0697
0.0695
0.06931
0.06892
0.06833
0.06872
0.06872
0.06853
0.06775
0.06755
0.06794
0.06716
0.06696
0.06657
0.06579
0.0656
0.06462
0.06443
0.06384
0.06364
0.06286
0.06228
0.06169
0.0613
0.06091
0.05993
0.05974
0.05876
0.05837
0.05759
0.05681
0.05661
0.05622
0.05544
0.05603
0.05564
0.05642
0.05603
0.05622
0.05661
0.05622
0.05642
0.05681
0.057
0.05681
0.0572
0.05681
0.05661
0.05642
0.05642
0.05642
0.05564
0.05583
0.05525
0.05486
0.05466
0.05446
0.05388
0.05407
0.05349
0.05251
0.05271
0.05212
0.05114
0.05114
0.05075
0.05056
0.05095
0.05114
0.05193
0.05251
0.0531
0.05368
0.05446
0.05466
0.05544
0.05564
0.05603
0.05583
0.05583
0.05544
0.05544
0.05544
0.05583
0.05642
0.05603
0.05564
0.05544
0.05525
0.05486
0.05466
0.05486
0.05427
0.05427
0.05329
0.05329
0.05193
0.05212
0.05173
0.05134
0.05075
0.05036
0.04997
0.04919
0.049
0.0488
0.04802
0.04763
0.04704
0.04665
0.04587
0.04529
0.0445
0.0445
0.04411
0.04372
0.04294
0.04216
0.04216
0.04157
0.04118
0.0406
0.03982
0.03982
0.03962
0.03923
0.03825
0.03786
0.03708
0.03689
0.03611
0.03571
0.03474
0.03532
0.03415
0.03415
0.03376
0.03357
0.03298
0.03239
0.0322
0.03161
0.03142
0.03044
0.03025
0.03025
0.02966
0.02927
0.02888
0.02868
0.0279
0.0279
0.02732
0.02712
0.02654
0.02654
0.02614
0.02614
0.02517
0.02517
0.02458
0.02439
0.024
0.02458
0.02302
0.02341
0.02302
0.02224
0.02243
0.02185
0.02185
0.02087
0.02107
0.02087
0.02068
0.0195
0.0195
0.01989
0.0195
0.01911
0.01833
0.01833
0.01833
0.01775
0.01775
0.01755
0.01755
0.01755
0.01677
0.01696
0.01677
0.01657
0.01599
0.01638
0.01618
0.01599
0.0156
0.0154
0.0156
0.0154
0.01521
0.01482
0.01501
0.01443
0.01482
0.01423
0.01423
0.01384
0.01306
0.01345
0.01384
0.01384
0.01306
0.01286
0.01267
0.01247
0.01228
0.01208
0.01189
0.01189
0.01169
0.01208
0.0113
0.01071
0.01052
0.01071
0.01071
0.01032
0.00993
0.01013
0.00974
0.00974
0.00954
0.00915
0.00915
0.00915
0.00896
0.00876
0.00876
0.00818
0.00779
0.00837
0.00798
0.00837
0.00798
0.00798
0.00779
0.00779
0.0072
0.00759
0.00739
0.00739
0.00739
0.0072
0.0072
0.007
0.00661
0.007
0.00681
0.00681
0.00642
0.00622
0.00642
0.00622
0.00622
0.00642
0.00603
0.00564
0.00564
0.00583
0.00564
0.00564
0.00505
0.00486
0.00505
0.00505
0.00446
0.00446
0.00446
0.00446
0.00466
0.00427
0.00446
0.00407
0.00446
0.00466
0.00407
0.00388
0.00388
0.00407
0.00368
0.00368
0.00368
0.00388
0.00388
0.00349
0.0029
0.00368
0.0031
0.00349
0.0031
0.0031
0.00329
0.0029
0.00251
0.0031
0.0031
0.00251
0.0029
0.00232
0.00251
0.00251
0.00271
0.00251
0.00251
0.00212
0.00232
0.00251
0.00173
0.00173
0.00173
0.00193
0.00193
0.00173
0.00134
0.00095
0.00134
0.00095
0.00095
0.00114
0.00134
0.00114
0.00095
0.00075
0.00056
0.00036
0.00056
0.00075
0.00056
0.00056
0.00075
0.00056
0.00095
0.00095
0.00075
0.00095
0.00095
0.00095
0.00095
0.00095
0.00075
0.00095
0.00114
0.00075
0.00036
0.00036
0.00075
0.00036
0.00017
0.00017
-0.00022
-3e-05
0.00036
0.00017
0.00017
0.00036
0.00017
-3e-05
-0.00022
-0.00022
-3e-05
0.00017
-3e-05
-3e-05
-0.00042
-0.00081
-0.001
-0.001
-0.00061
-0.00061
-0.00081
-0.0012
-0.001
-0.00081
-0.00081
-0.0012
-0.00139
-0.0012
-0.001
-0.0012
-0.0012
-0.00139
-0.0012
-0.0012
-0.001
-0.0012
-0.001
-0.0012
-0.0012
-0.001
-0.0012
-0.00081
-0.001
-0.00061
-0.001
-0.0012
-0.00081
-0.001
-0.001
-0.001
-0.001
-0.00081
-0.001
-0.0012
-0.001
-0.0012
-0.00139
-0.001
-0.001
-0.00081
-0.001
-0.00081
-0.0012
-0.0012
-0.00081
-0.0012
-0.001
-0.00061
-0.00061
-0.00022
-0.00061
-0.00022
-0.00022
-3e-05
-0.00022
0.00017
0.00017
0.00036
0.00036
0.00036
0.00056
0.00056
0.00075
0.00114
0.00056
0.00075
0.00056
0.00095
0.00095
0.00095
0.00075
0.00056
0.00036
0.00017
-0.00042
0.00017
-0.00042
-0.00061
-0.001
-0.00081
-0.00159
-0.00159
-0.00179
-0.00159
-0.00198
-0.00237
-0.00237
-0.00257
-0.00257
-0.00276
-0.00296
-0.00276
-0.00296
-0.00257
-0.00296
-0.00276
-0.00335
-0.00296
-0.00354
-0.00315
-0.00315
-0.00296
-0.00296
-0.00276
-0.00296
-0.00335
-0.00315
-0.00296
-0.00315
-0.00276
-0.00237
-0.00159
-0.00218
-0.00179
-0.00218
-0.00198
-0.00257
-0.00179
-0.00159
-0.00179
-0.00159
-0.00179
-0.00179
-0.0012
-0.00159
-0.00139
-0.00179
-0.0012
-0.0012
-0.0012
-0.0012
-0.00081
-0.0012
-0.00081
-0.00061
-0.00042
-0.00061
-3e-05
-0.00042
0.00017
-0.00022
0.00017
0.00036
0.00036
0.00017
0.00017
-3e-05
0.00017
-0.00042
-0.00061
-0.00061
-0.00042
-0.00061
-0.00081
-0.00139
-0.00159
-0.00159
-0.00179
-0.00139
-0.00179
-0.00159
-0.00198
-0.00218
-0.00218
-0.00315
-0.00296
-0.00335
-0.00354
-0.00393
-0.00432
-0.00413
-0.00452
-0.00491
-0.00471
-0.00511
-0.00471
-0.0053
-0.0053
-0.00589
-0.00589
-0.00628
-0.00647
-0.00628
-0.00628
-0.00647
-0.00647
-0.00628
-0.00647
-0.00647
-0.00589
-0.00608
-0.00589
-0.00589
-0.00511
-0.0055
-0.00511
-0.0055
-0.0053
-0.0053
-0.00511
-0.0053
-0.00471
-0.00471
-0.00432
-0.00452
-0.00374
-0.00354
-0.00335
-0.00296
-0.00276
-0.00237
-0.00198
-0.00257
-0.00179
-0.00198
-0.00198
-0.00198
-0.00159
-0.00159
-0.001
-0.0012
-0.00061
-0.001
-0.00061
-0.0012
-0.00022
-0.00042
-0.00042
-0.00042
0.00017
0.00036
-3e-05
-0.00022
-0.00022
-0.00022
-0.00022
-0.00042
-3e-05
-3e-05
0.00017
0.00036
0.00036
0.00017
-3e-05
-0.00022
-0.00022
-3e-05
0.00017
-0.00042
-0.00022
-0.00061
-0.00042
-0.0012
-0.00139
-0.0012
-0.00081
-0.0012
-0.00081
-0.00179
-0.00159
-0.00159
-0.00159
-0.00179
-0.00237
-0.00218
-0.00179
-0.00198
-0.00179
-0.00276
-0.00257
-0.00276
-0.00237
-0.00218
-0.00237
-0.00237
-0.00237
-0.00237
-0.00237
-0.00237
-0.00257
-0.00237
-0.00218
-0.00218
-0.00198
-0.00218
-0.00257
-0.00198
-0.00179
-0.00159
-0.00159
-0.00179
-0.00139
-0.00159
-0.001
-0.0012
-0.0012
-0.00139
-0.00179
-0.00179
-0.0012
-0.00218
-0.00198
-0.00257
-0.00257
-0.00257
-0.00315
-0.00315
-0.00296
-0.00354
-0.00315
-0.00354
-0.00393
-0.00374
-0.00393
-0.00374
-0.00413
-0.00413
-0.00374
-0.00432
-0.00432
-0.00452
-0.00432
-0.00491
-0.00452
-0.00511
-0.00491
-0.00491
-0.00491
-0.00491
-0.00491
-0.00491
-0.00491
-0.00511
-0.0055
-0.00511
-0.00471
-0.00511
-0.00452
-0.00471
-0.00471
-0.00471
-0.00491
-0.00491
-0.00471
-0.00452
-0.00432
-0.00413
-0.00471
-0.00452
-0.00413
-0.00413
-0.00452
-0.00452
-0.00393
-0.00452
-0.00393
-0.00413
-0.00374
-0.00335
-0.00354
-0.00335
-0.00335
-0.00335
-0.00354
-0.00315
-0.00276
-0.00296
-0.00276
-0.00315
-0.00276
-0.00276
-0.00237
-0.00315
-0.00218
-0.00237
-0.00237
-0.00218
-0.00218
-0.00198
-0.00159
-0.00198
-0.00218
-0.00237
-0.00198
-0.00218
-0.00179
-0.00179
-0.00198
-0.00237
-0.00218
-0.00179
-0.00159
-0.00218
-0.00198
-0.00198
-0.00159
-0.00237
-0.00218
-0.00237
-0.00198
-0.00237
-0.00198
-0.00218
-0.00237
-0.00296
-0.00276
-0.00257
-0.00276
-0.00315
-0.00315
-0.00335
-0.00335
-0.00354
-0.00393
-0.00374
-0.00374
-0.00413
-0.00374
-0.00354
-0.00354
-0.00374
-0.00335
-0.00315
-0.00335
-0.00315
-0.00335
-0.00315
-0.00296
-0.00315
-0.00354
-0.00335
-0.00335
-0.00296
-0.00296
-0.00296
-0.00315
-0.00276
-0.00276
-0.00276
-0.00257
-0.00257
-0.00218
-0.00257
-0.00257
-0.00296
-0.00257
-0.00257
-0.00257
-0.00237
-0.00218
-0.00237
-0.00218
-0.00237
-0.00218
-0.00257
-0.00237
-0.00218
-0.00179
-0.00218
-0.00198
-0.00218
-0.00179
-0.00198
-0.00218
-0.00257
-0.00257
-0.00276
-0.00257
-0.00276
-0.00257
-0.00296
-0.00276
-0.00296
-0.00257
-0.00276
-0.00276
-0.00296
-0.00315
-0.00354
-0.00296
-0.00354
-0.00354
-0.00335
-0.00374
-0.00354
-0.00315
-0.00296
-0.00354
-0.00315
-0.00354
-0.00374
-0.00374
-0.00393
-0.00393
-0.00374
-0.00354
-0.00354
-0.00354
-0.00374
-0.00354
-0.00354
-0.00315
-0.00335
-0.00296
-0.00354
-0.00315
-0.00315
-0.00315
-0.00296
-0.00296
-0.00296
-0.00296
-0.00276
-0.00257
-0.00257
-0.00237
-0.00276
-0.00276
-0.00257
-0.00237
-0.00237
-0.00198
-0.00257
-0.00257
-0.00276
