-8.980002528000E-01

-0.00179
-0.00179
-0.00159
-0.00296
-0.00237
-0.00237
-0.00218
-0.00218
-0.00218
-0.00237
-0.00237
-0.00218
-0.00237
-0.00218
-0.00276
-0.00237
-0.00218
-0.00237
-0.00179
-0.00179
-0.00198
-0.00179
-0.00218
-0.00257
-0.00237
-0.00218
-0.00257
-0.00276
-0.00296
-0.00237
-0.00257
-0.00257
-0.00276
-0.00296
-0.00257
-0.00237
-0.00257
-0.00296
-0.00257
-0.00257
-0.00276
-0.00257
-0.00257
-0.00296
-0.00276
-0.00257
-0.00315
-0.00257
-0.00218
-0.00237
-0.00257
-0.00257
-0.00237
-0.00198
-0.00218
-0.00198
-0.00218
-0.00237
-0.00237
-0.00198
-0.00218
-0.00237
-0.00218
-0.00198
-0.00218
-0.00179
-0.00198
-0.00179
-0.00159
-0.00159
-0.00198
-0.00179
-0.00198
-0.00179
-0.00218
-0.00198
-0.00159
-0.00179
-0.00218
-0.00159
-0.00198
-0.00198
-0.00198
-0.00218
-0.00257
-0.00237
-0.00257
-0.00276
-0.00276
-0.00257
-0.00276
-0.00198
-0.00276
-0.00257
-0.00257
-0.00276
-0.00257
-0.00296
-0.00276
-0.00276
-0.00296
-0.00315
-0.00276
-0.00296
-0.00237
-0.00218
-0.00237
-0.00257
-0.00237
-0.00257
-0.00257
-0.00257
-0.00257
-0.00198
-0.00198
-0.00179
-0.00218
-0.00179
-0.00218
-0.00198
-0.00179
-0.00198
-0.00179
-0.00218
-0.00218
-0.00218
-0.00237
-0.00237
-0.00218
-0.00237
-0.00257
-0.00257
-0.00198
-0.00237
-0.00218
-0.00237
-0.00237
-0.00237
-0.00237
-0.00198
-0.00198
-0.00179
-0.00198
-0.00237
-0.00198
-0.00237
-0.00237
-0.00257
-0.00237
-0.00237
-0.00257
-0.00257
-0.00257
-0.00218
-0.00257
-0.00257
-0.00276
-0.00276
-0.00257
-0.00198
-0.00179
-0.00159
-0.00159
-0.00198
-0.00237
-0.00257
-0.00218
-0.00218
-0.00237
-0.00198
-0.00198
-0.00218
-0.00257
-0.00257
-0.00237
-0.00198
-0.00198
-0.00218
-0.00179
-0.00179
-0.00218
-0.00237
-0.00237
-0.00237
-0.00276
-0.00237
-0.00296
-0.00257
-0.00237
-0.00296
-0.00315
-0.00276
-0.00296
-0.00296
-0.00237
-0.00276
-0.00237
-0.00257
-0.00276
-0.00276
-0.00218
-0.00257
-0.00237
-0.00218
-0.00257
-0.00315
-0.00296
-0.00237
-0.00218
-0.00237
-0.00198
-0.00218
-0.00139
-0.00159
0.00017
0.00075
0.00232
0.0031
0.00466
0.00564
0.00642
0.00739
0.00818
0.00896
0.01013
0.0115
0.01267
0.01462
0.01716
0.0197
0.02224
0.02517
0.0281
0.03083
0.03415
0.03708
0.0404
0.04353
0.04665
0.04958
0.05173
0.05407
0.05661
0.05818
0.05974
0.06111
0.06208
0.06345
0.06482
0.0656
0.06599
0.06677
0.06716
0.06794
0.06833
0.06833
0.06833
0.06911
0.06931
0.06892
0.06892
0.06853
0.06872
0.06833
0.06775
0.06755
0.06716
0.06716
0.06677
0.06599
0.0656
0.06443
0.06404
0.06345
0.06306
0.06208
0.06169
0.06052
0.06032
0.05915
0.05876
0.05818
0.05739
0.05661
0.05622
0.05564
0.05486
0.05407
0.05329
0.05329
0.05271
0.05193
0.05134
0.05075
0.04978
0.04939
0.04841
0.04782
0.04763
0.04685
0.04626
0.04587
0.04509
0.04431
0.04372
0.04294
0.04275
0.04216
0.04138
0.04099
0.04021
0.04001
0.03923
0.03943
0.03864
0.03845
0.03767
0.03747
0.03708
0.0365
0.03611
0.03571
0.03552
0.03513
0.03415
0.03357
0.03337
0.03318
0.03279
0.032
0.03161
0.03083
0.03083
0.03005
0.03005
0.02927
0.02907
0.02888
0.02868
0.0281
0.0279
0.02732
0.02693
0.02654
0.02614
0.02614
0.02517
0.02536
0.02458
0.02458
0.02439
0.024
0.02361
0.02321
0.02321
0.02282
0.02282
0.02224
0.02204
0.02185
0.02107
0.02087
0.02126
0.02087
0.02068
0.02048
0.02009
0.02009
0.02009
0.0197
0.01911
0.01872
0.01911
0.01833
0.01853
0.01794
0.01794
0.01755
0.01755
0.01677
0.01696
0.01638
0.01599
0.01579
0.0156
0.01521
0.0154
0.01462
0.01482
0.01443
0.01443
0.01404
0.01404
0.01384
0.01325
0.01364
0.01364
0.01345
0.01345
0.01306
0.01286
0.01267
0.01286
0.01228
0.01189
0.01208
0.01228
0.01208
0.01189
0.0113
0.01091
0.01091
0.01091
0.01052
0.01091
0.01032
0.01052
0.01032
0.01013
0.00993
0.00974
0.00993
0.00954
0.00954
0.00935
0.00935
0.00915
0.00857
0.00896
0.00896
0.00915
0.00876
0.00876
0.00837
0.00837
0.00798
0.00779
0.00818
0.00798
0.00798
0.00759
0.00739
0.0072
0.007
0.007
0.0072
0.007
0.00681
0.00661
0.00642
0.00622
0.00622
0.00603
0.00642
0.00583
0.00583
0.00544
0.00544
0.00564
0.00564
0.00564
0.00486
0.00564
0.00525
0.00525
0.00486
0.00505
0.00466
0.00486
0.00446
0.00446
0.00446
0.00466
0.00427
0.00466
0.00466
0.00486
0.00407
0.00446
0.00388
0.00407
0.00368
0.00407
0.00388
0.00466
0.00407
0.00368
0.00407
0.00407
0.00349
0.00368
0.0031
0.00349
0.00349
0.0031
0.0029
0.0029
0.00271
0.00251
0.0031
0.00251
0.0031
0.00251
0.00271
0.00212
0.00212
0.00173
0.00251
0.00212
0.00232
0.00193
0.00173
0.00193
0.00193
0.00193
0.00193
0.00173
0.00173
0.00154
0.00134
0.00114
0.00134
0.00154
0.00173
0.00173
0.00212
0.00193
0.00134
0.00173
0.00173
0.00173
0.00154
0.00173
0.00232
0.00193
0.00173
0.00154
0.00134
0.00154
0.00134
0.00154
0.00154
0.00134
0.00095
0.00056
0.00036
0.00075
0.00056
0.00075
0.00075
0.00075
0.00036
0.00056
0.00017
0.00056
0.00036
0.00056
0.00017
0.00017
0.00036
-3e-05
-0.00022
0.00017
-0.00022
-0.00022
-0.00061
-3e-05
-0.00061
-0.00042
-0.00042
-0.00061
-3e-05
-3e-05
-0.00042
-0.00061
-0.00042
-0.00061
-0.00042
0.00017
0.00017
0.00017
-0.00061
-0.00042
-3e-05
-0.00081
-0.00042
-0.00022
-0.00042
-0.00042
-0.00081
-0.00081
-0.00042
-0.00022
-0.00081
-0.00022
-0.00042
-0.00042
-0.00061
-0.00042
-0.00042
-0.00061
-0.00081
-0.00061
-0.00022
-0.00022
-0.00042
-0.00061
-0.00061
-0.00022
-0.00061
-0.00022
-0.00042
-0.00042
-0.00081
-0.00061
-0.00061
-0.00061
-0.001
-0.0012
-0.00081
-0.00081
-0.001
-0.00061
-0.00061
-0.001
-0.001
-0.00061
-0.001
-0.00061
-0.00081
-0.001
-0.001
-0.001
-0.00081
-0.001
-0.00081
-0.00061
-0.0012
-0.001
-0.0012
-0.0012
-0.00139
-0.0012
-0.00159
-0.00159
-0.00159
-0.00159
-0.0012
-0.0012
-0.0012
-0.00179
-0.00139
-0.00159
-0.00159
-0.00159
-0.00179
-0.00179
-0.00179
-0.00179
-0.00159
-0.00198
-0.00179
-0.00159
-0.001
-0.00159
-0.00179
-0.00139
-0.00159
-0.001
-0.00159
-0.00139
-0.00159
-0.00159
-0.00179
-0.00179
-0.00179
-0.00139
-0.00198
-0.00159
-0.00139
-0.00159
-0.0012
-0.00179
-0.00139
-0.00139
-0.00159
-0.00179
-0.0012
-0.00081
-0.001
-0.00159
-0.0012
-0.0012
-0.00159
-0.00159
-0.00139
-0.00179
-0.00159
-0.0012
-0.00139
-0.00159
-0.00081
-0.00081
-0.00061
-0.00081
-0.0012
-0.00139
-0.00159
-0.00159
-0.00179
-0.00139
-0.00159
-0.00139
-0.00179
-0.00179
-0.00179
-0.00218
-0.00257
-0.00218
-0.00218
-0.00237
-0.00237
-0.00159
-0.00198
-0.00159
-0.00276
-0.00257
-0.00218
-0.00198
-0.00179
-0.00257
-0.00198
-0.00237
-0.00237
-0.00218
-0.00198
-0.00257
-0.00218
-0.00218
-0.00198
-0.00159
-0.00139
-0.00179
-0.00159
-0.00218
-0.00159
-0.00179
-0.00159
-0.00159
-0.00198
-0.00179
-0.0012
-0.00139
-0.0012
-0.001
-0.00179
-0.00159
-0.00179
-0.00179
-0.00159
-0.00179
-0.00198
-0.00179
-0.00159
-0.00218
-0.00237
-0.00237
-0.00198
-0.00159
-0.00159
-0.00179
-0.00198
-0.00218
-0.00218
-0.00218
-0.00179
-0.00179
-0.0012
-0.00139
-0.00159
-0.00159
-0.00159
-0.00159
-0.0012
-0.00139
-0.00159
-0.00159
-0.00179
-0.00159
-0.00159
-0.00159
-0.00139
-0.00179
-0.00159
-0.00159
-0.001
-0.00139
-0.00139
-0.00139
-0.00139
-0.00139
-0.00159
-0.001
-0.00179
-0.00159
-0.00179
-0.00179
-0.00198
-0.00198
-0.00198
-0.00198
-0.00179
-0.00159
-0.00257
-0.00257
-0.00257
-0.00276
-0.00218
-0.00198
-0.00218
-0.00179
-0.00237
-0.00218
-0.00237
-0.00237
-0.00218
-0.00257
-0.00218
-0.00198
-0.00237
-0.00218
-0.00237
-0.00179
-0.00218
-0.00198
-0.00198
-0.00218
-0.00237
-0.00198
-0.00198
-0.00179
-0.00198
-0.00237
-0.00179
-0.00179
-0.00179
-0.00218
-0.00257
-0.00218
-0.00237
-0.00198
-0.00257
-0.00218
-0.00237
-0.00257
-0.00237
-0.00237
-0.00218
-0.00218
-0.00237
-0.00237
-0.00218
-0.00179
-0.00198
-0.00218
-0.00237
-0.00237
-0.00237
-0.00257
-0.00218
-0.00218
-0.00237
-0.00237
-0.00296
-0.00257
-0.00257
-0.00237
-0.00257
-0.00296
-0.00276
-0.00218
-0.00237
-0.00198
-0.00237
-0.00257
-0.00237
-0.00198
-0.00218
-0.00198
-0.00237
-0.00218
-0.00198
-0.00198
-0.00237
-0.00198
-0.00257
-0.00237
-0.00218
-0.00159
-0.00237
-0.00159
-0.00159
-0.00237
-0.00198
-0.00237
-0.00179
-0.00237
-0.00198
-0.00218
-0.00179
-0.00139
-0.00139
-0.00159
-0.00139
-0.00139
-0.00179
-0.00159
-0.00198
-0.00159
-0.00179
-0.00179
-0.00179
-0.00198
-0.00218
-0.00159
-0.00159
-0.00139
-0.00159
-0.001
-0.00159
-0.0012
-0.00159
-0.0012
-0.0012
-0.001
-0.001
-0.00081
-0.00139
-0.0012
-0.0012
-0.001
-0.00159
-0.00159
-0.00139
-0.00179
-0.00179
-0.0012
-0.00198
-0.00198
-0.00179
-0.00159
-0.0012
-0.00139
-0.00139
-0.00179
-0.00198
-0.0012
-0.00159
-0.00139
-0.00159
-0.00179
-0.00237
-0.00237
-0.00218
-0.00179
-0.00218
-0.00179
-0.00159
-0.00237
-0.00218
-0.00237
-0.00218
-0.00237
-0.00218
-0.00257
-0.00237
-0.00276
-0.00296
-0.00276
-0.00257
-0.00257
-0.00237
-0.00218
-0.00257
-0.00237
-0.00276
-0.00315
-0.00276
-0.00237
-0.00276
-0.00237
-0.00237
-0.00218
-0.00218
-0.00179
-0.00218
-0.00237
-0.00257
-0.00218
-0.00198
-0.00237
-0.00257
-0.00218
-0.00237
-0.00237
-0.00257
-0.00198
-0.00257
-0.00218
-0.00276
-0.00257
-0.00276
-0.00276
-0.00237
-0.00257
-0.00237
-0.00237
-0.00257
-0.00296
-0.00237
-0.00257
-0.00296
-0.00296
-0.00335
-0.00315
-0.00296
-0.00315
-0.00296
-0.00276
-0.00296
-0.00296
-0.00257
-0.00276
-0.00237
-0.00257
-0.00257
-0.00257
-0.00296
-0.00257
-0.00296
-0.00257
-0.00276
-0.00237
-0.00276
-0.00296
-0.00257
-0.00257
-0.00276
-0.00257
-0.00257
-0.00257
-0.00257
-0.00257
-0.00237
-0.00218
-0.00198
-0.00218
-0.00237
-0.00218
-0.00159
-0.00198
-0.00198
-0.00198
-0.00198
-0.00237
-0.00179
-0.00179
-0.00179
-0.00179
-0.00159
-0.00179
-0.00139
-0.00179
-0.00179
-0.00198
-0.00159
-0.00139
-0.00179
-0.00159
-0.00257
-0.00237
-0.00257
-0.00237
-0.00198
-0.00179
-0.00198
-0.00218
-0.00237
-0.00198
-0.00257
-0.00237
-0.00218
-0.00218
-0.00198
-0.00218
-0.00257
-0.00237
-0.00237
-0.00257
-0.00257
-0.00237
-0.00237
-0.00198
-0.00218
-0.00276
-0.00257
-0.00237
-0.00218
-0.00198
-0.00198
-0.00218
-0.00198
-0.00218
-0.00237
-0.00218
-0.00218
-0.00179
-0.00218
-0.00198
-0.00198
-0.00198
-0.00237
-0.00218
-0.00237
-0.00198
-0.00276
-0.00218
-0.00237
-0.00257
-0.00218
-0.00257
-0.00237
-0.00218
-0.00218
-0.00218
-0.00237
-0.00179
-0.00218
-0.00218
-0.00218
-0.00218
-0.00237
-0.00218
-0.00198
-0.00139
-0.00257
-0.00218
-0.00218
-0.00237
-0.00198
-0.00159
-0.00237
-0.00218
-0.00257
-0.00198
-0.00198
-0.00198
-0.00198
-0.00198
-0.00237
-0.00218
-0.00218
-0.00218
-0.00257
-0.00179
-0.00218
-0.00198
-0.00218
-0.00218
-0.00237
-0.00159
-0.00257
-0.00237
-0.00276
-0.00237
-0.00237
-0.00257
-0.00257
-0.00237
-0.00257
-0.00237
-0.00237
-0.00257
-0.00257
-0.00276
-0.00257
-0.00237
-0.00218
-0.00218
-0.00237
-0.00257
-0.00276
-0.00257
-0.00218
-0.00237
-0.00237
-0.00198
-0.00237
-0.00218
-0.00218
