-7.730002176000E-01

-0.00257
-0.00276
-0.00296
-0.00257
-0.00257
-0.00218
-0.00237
-0.00296
-0.00257
-0.00315
-0.00315
-0.00296
-0.00276
-0.00315
-0.00218
-0.00276
-0.00237
-0.00237
-0.00237
-0.00257
-0.00237
-0.00276
-0.00257
-0.00276
-0.00257
-0.00315
-0.00237
-0.00276
-0.00218
-0.00257
-0.00218
-0.00237
-0.00257
-0.00218
-0.00237
-0.00257
-0.00218
-0.00257
-0.00218
-0.00257
-0.00257
-0.00218
-0.00179
-0.00198
-0.00179
-0.00179
-0.00237
-0.00237
-0.00237
-0.00218
-0.00257
-0.00276
-0.00257
-0.00198
-0.00237
-0.00237
-0.00218
-0.00198
-0.00237
-0.00237
-0.00198
-0.00257
-0.00257
-0.00276
-0.00218
-0.00237
-0.00198
-0.00218
-0.00198
-0.00218
-0.00218
-0.00237
-0.00237
-0.00218
-0.00218
-0.00218
-0.00237
-0.00198
-0.00198
-0.00257
-0.00218
-0.00198
-0.00198
-0.00237
-0.00198
-0.00198
-0.00218
-0.00237
-0.00257
-0.00257
-0.00237
-0.00237
-0.00179
-0.00218
-0.00237
-0.00218
-0.00218
-0.00218
-0.00237
-0.00237
-0.00198
-0.00218
-0.00276
-0.00237
-0.00276
-0.00296
-0.00237
-0.00237
-0.00218
-0.00257
-0.00237
-0.00218
-0.00257
-0.00237
-0.00218
-0.00218
-0.00198
-0.00179
-0.00179
-0.00218
-0.00218
-0.00218
-0.00218
-0.00198
-0.00198
-0.00198
-0.00237
-0.00237
-0.00257
-0.00237
-0.00257
-0.00257
-0.00257
-0.00257
-0.00276
-0.00257
-0.00276
-0.00237
-0.00315
-0.00237
-0.00257
-0.00296
-0.00276
-0.00276
-0.00296
-0.00276
-0.00257
-0.00296
-0.00315
-0.00257
-0.00296
-0.00296
-0.00296
-0.00276
-0.00335
-0.00354
-0.00296
-0.00335
-0.00276
-0.00276
-0.00315
-0.00257
-0.00335
-0.00296
-0.00237
-0.00218
-0.00276
-0.00296
-0.00257
-0.00218
-0.00276
-0.00257
-0.00237
-0.00237
-0.00198
-0.00218
-0.00237
-0.00218
-0.00237
-0.00218
-0.00179
-0.00218
-0.00237
-0.00237
-0.00218
-0.00179
-0.00198
-0.00257
-0.00179
-0.00198
-0.00198
-0.00237
-0.00218
-0.00237
-0.00237
-0.00218
-0.00198
-0.00159
-0.00218
-0.00159
-0.00061
-3e-05
0.00154
0.00232
0.00388
0.00466
0.00564
0.00661
0.00779
0.00857
0.00915
0.00974
0.01032
0.01091
0.0115
0.01189
0.01267
0.01325
0.01423
0.01521
0.01755
0.02009
0.02263
0.02595
0.03005
0.03318
0.03708
0.04001
0.04314
0.04646
0.049
0.05154
0.05368
0.05564
0.05779
0.06052
0.06325
0.0654
0.06814
0.07009
0.07185
0.07419
0.07614
0.07771
0.07966
0.08064
0.08181
0.08298
0.08396
0.08474
0.08454
0.08532
0.08532
0.0863
0.0863
0.08611
0.08669
0.08611
0.08611
0.08591
0.08571
0.08513
0.08474
0.08415
0.08396
0.08337
0.08259
0.08181
0.08122
0.08083
0.08025
0.07907
0.07888
0.0781
0.07712
0.07595
0.07536
0.07439
0.0738
0.07282
0.07243
0.07107
0.07029
0.0697
0.06892
0.06775
0.06716
0.06657
0.06579
0.06501
0.06423
0.06345
0.06286
0.06208
0.0613
0.06032
0.05935
0.05857
0.05798
0.05759
0.05622
0.05525
0.05407
0.05407
0.0529
0.05232
0.05193
0.05114
0.04978
0.04978
0.04861
0.04802
0.04743
0.04704
0.04607
0.04529
0.04529
0.0445
0.04392
0.04353
0.04314
0.04255
0.04236
0.04157
0.04118
0.04099
0.04021
0.03982
0.03864
0.03884
0.03806
0.03786
0.03767
0.03708
0.03669
0.03571
0.03591
0.03532
0.03474
0.03454
0.03435
0.03415
0.03357
0.03318
0.03298
0.03181
0.0322
0.0322
0.03181
0.03103
0.03025
0.02986
0.02986
0.02907
0.02868
0.02829
0.02849
0.02829
0.02751
0.02693
0.02614
0.02575
0.02595
0.02575
0.02517
0.02497
0.02458
0.024
0.0238
0.02361
0.0238
0.02321
0.02341
0.02282
0.02243
0.02204
0.02185
0.02185
0.02146
0.02126
0.02087
0.02029
0.02029
0.01989
0.0197
0.01911
0.01872
0.01872
0.01814
0.01794
0.01755
0.01755
0.01716
0.01716
0.01736
0.01677
0.01677
0.01657
0.01638
0.01599
0.01579
0.01599
0.01579
0.0156
0.01501
0.01482
0.01482
0.01443
0.01384
0.01423
0.01404
0.01404
0.01384
0.01364
0.01286
0.01286
0.01306
0.01306
0.01325
0.01247
0.01267
0.01228
0.01228
0.01189
0.01228
0.01189
0.0113
0.0113
0.0115
0.01091
0.01052
0.01032
0.01071
0.01052
0.01052
0.01032
0.01013
0.01013
0.00954
0.00993
0.00993
0.00935
0.00935
0.00954
0.00935
0.00954
0.00915
0.00876
0.00896
0.00896
0.00857
0.00779
0.00798
0.00818
0.00798
0.00779
0.0072
0.007
0.0072
0.00739
0.007
0.00642
0.00622
0.00642
0.00583
0.00603
0.00525
0.00544
0.00583
0.00544
0.00564
0.00525
0.00525
0.00525
0.00505
0.00486
0.00525
0.00466
0.00466
0.00446
0.00505
0.00486
0.00525
0.00486
0.00486
0.00466
0.00486
0.00466
0.00486
0.00505
0.00466
0.00446
0.00446
0.00466
0.00466
0.00446
0.00486
0.00466
0.00486
0.00446
0.00486
0.00407
0.00388
0.00427
0.00368
0.00368
0.00368
0.00388
0.00349
0.00349
0.00329
0.00271
0.00271
0.0031
0.0029
0.00271
0.00232
0.00251
0.00271
0.00251
0.00271
0.00251
0.00251
0.00193
0.00232
0.00193
0.00212
0.00193
0.00154
0.00154
0.00154
0.00134
0.00075
0.00095
0.00134
0.00075
0.00056
0.00095
0.00095
0.00095
0.00056
0.00056
0.00095
0.00075
0.00075
0.00075
0.00075
0.00075
0.00075
0.00095
0.00095
0.00075
0.00056
0.00095
0.00095
0.00095
0.00075
0.00075
0.00056
0.00075
0.00056
0.00036
-3e-05
0.00036
0.00036
0.00075
0.00114
0.00075
0.00095
0.00114
0.00075
0.00056
0.00114
0.00056
0.00075
0.00095
0.00036
0.00056
0.00017
0.00017
0.00036
0.00075
0.00017
0.00017
-0.00042
0.00036
-3e-05
-3e-05
0.00017
-0.00022
-3e-05
-3e-05
0.00017
-3e-05
-0.00042
-0.00022
-0.00042
-0.00081
-0.001
-0.00042
-0.00061
-0.00042
-0.00061
-0.00042
-0.00022
-0.00061
-0.001
-0.0012
-0.0012
-0.00081
-0.00042
-0.00061
-0.00139
-0.00081
-0.001
-0.00081
-0.001
-0.00081
-0.001
-0.001
-0.001
-0.0012
-0.00061
-0.00061
-0.00081
-0.001
-0.001
-0.00081
-0.0012
-0.001
-0.001
-0.00139
-0.0012
-0.0012
-0.001
-0.0012
-0.0012
-0.00042
-0.00159
-0.001
-0.00139
-0.001
-0.0012
-0.00139
-0.001
-0.001
-0.0012
-0.00159
-0.0012
-0.00081
-0.00081
-0.001
-0.001
-0.001
-0.001
-0.001
-0.00061
-0.0012
-0.001
-0.001
-0.00061
-0.00081
-0.00081
-0.00139
-0.00139
-0.00081
-0.00139
-0.00159
-0.00081
-0.0012
-0.001
-0.001
-0.001
-0.0012
-0.0012
-0.00159
-0.0012
-0.001
-0.001
-0.0012
-0.00139
-0.0012
-0.0012
-0.00159
-0.00139
-0.00159
-0.00159
-0.00198
-0.00159
-0.00139
-0.0012
-0.001
-0.00081
-0.0012
-0.0012
-0.00159
-0.0012
-0.0012
-0.00139
-0.0012
-0.00159
-0.00159
-0.00159
-0.001
-0.00139
-0.00139
-0.00139
-0.00139
-0.00139
-0.0012
-0.001
-0.00159
-0.00198
-0.00198
-0.00179
-0.00218
-0.00198
-0.00198
-0.00179
-0.00198
-0.00159
-0.00198
-0.00218
-0.00159
-0.00159
-0.00198
-0.00159
-0.00218
-0.00218
-0.00198
-0.00218
-0.00218
-0.00198
-0.00218
-0.00159
-0.00198
-0.00198
-0.00179
-0.00139
-0.00218
-0.00179
-0.00198
-0.00159
-0.00237
-0.00257
-0.00237
-0.00218
-0.00198
-0.00198
-0.00237
-0.00218
-0.00218
-0.00218
-0.00218
-0.00218
-0.00179
-0.00237
-0.00179
-0.00198
-0.00179
-0.00198
-0.00159
-0.00257
-0.00218
-0.00198
-0.00218
-0.00237
-0.00218
-0.00276
-0.00257
-0.00276
-0.00257
-0.00257
-0.00257
-0.00276
-0.00257
-0.00276
-0.00257
-0.00237
-0.00237
-0.00218
-0.00218
-0.00198
-0.00237
-0.00237
-0.00237
-0.00237
-0.00257
-0.00179
-0.00159
-0.00179
-0.00159
-0.00179
-0.00198
-0.00237
-0.00237
-0.00257
-0.00218
-0.00218
-0.00179
-0.00159
-0.00198
-0.00159
-0.00139
-0.00179
-0.00179
-0.00198
-0.00218
-0.00139
-0.00198
-0.00139
-0.00218
-0.00179
-0.00218
-0.00179
-0.00198
-0.00159
-0.00179
-0.00179
-0.00179
-0.00179
-0.00198
-0.00179
-0.00159
-0.00198
-0.00218
-0.00198
-0.00218
-0.00179
-0.00179
-0.00159
-0.00198
-0.00218
-0.00198
-0.00237
-0.00198
-0.00179
-0.00218
-0.00218
-0.00218
-0.00218
-0.00257
-0.00218
-0.00237
-0.00198
-0.00218
-0.00179
-0.00218
-0.00218
-0.00218
-0.00218
-0.00198
-0.00218
-0.00218
-0.00257
-0.00257
-0.00276
-0.00237
-0.00257
-0.00218
-0.00237
-0.00218
-0.00218
-0.00237
-0.00257
-0.00218
-0.00237
-0.00257
-0.00257
-0.00276
-0.00198
-0.00276
-0.00276
-0.00257
-0.00315
-0.00276
-0.00296
-0.00276
-0.00296
-0.00276
-0.00276
-0.00198
-0.00276
-0.00218
-0.00237
-0.00198
-0.00179
-0.00237
-0.00276
-0.00237
-0.00237
-0.00257
-0.00179
-0.00218
-0.00218
-0.00218
-0.00218
-0.00198
-0.00218
-0.00218
-0.00179
-0.00198
-0.00218
-0.00218
-0.00218
-0.00218
-0.00179
-0.00237
-0.00257
-0.00257
-0.00237
-0.00237
-0.00218
-0.00198
-0.00218
-0.00257
-0.00257
-0.00198
-0.00257
-0.00276
-0.00276
-0.00276
-0.00237
-0.00237
-0.00198
-0.00257
-0.00237
-0.00237
-0.00237
-0.00276
-0.00276
-0.00276
-0.00296
-0.00237
-0.00257
-0.00257
-0.00296
-0.00296
-0.00296
-0.00276
-0.00257
-0.00257
-0.00276
-0.00276
-0.00315
-0.00296
-0.00296
-0.00296
-0.00296
-0.00257
-0.00237
-0.00257
-0.00257
-0.00198
-0.00237
-0.00218
-0.00257
-0.00237
-0.00237
-0.00237
-0.00218
-0.00198
-0.00179
-0.00159
-0.00179
-0.00198
-0.00198
-0.00198
-0.00257
-0.00218
-0.00237
-0.00198
-0.00198
-0.00237
-0.00237
-0.00257
-0.00218
-0.00198
-0.00179
-0.00237
-0.00198
-0.00218
-0.00257
-0.00257
-0.00218
-0.00237
-0.00296
-0.00237
-0.00237
-0.00276
-0.00257
-0.00257
-0.00218
-0.00257
-0.00257
-0.00257
-0.00276
-0.00218
-0.00276
-0.00276
-0.00257
-0.00257
-0.00296
-0.00276
-0.00218
-0.00237
-0.00237
-0.00237
-0.00276
-0.00296
-0.00315
-0.00296
-0.00257
-0.00335
-0.00257
-0.00296
-0.00276
-0.00257
-0.00237
-0.00218
-0.00218
-0.00237
-0.00159
-0.00159
-0.00179
-0.00179
-0.00218
-0.00198
-0.00198
-0.00198
-0.00159
-0.00179
-0.00198
-0.00179
-0.00179
-0.00198
-0.00218
-0.00179
-0.00237
-0.00159
-0.00179
-0.00237
-0.00218
-0.00237
-0.00237
-0.00198
-0.00218
-0.00237
-0.00237
-0.00218
-0.00257
-0.00276
-0.00257
-0.00257
-0.00237
-0.00237
-0.00218
-0.00218
-0.00237
-0.00237
-0.00296
-0.00315
-0.00218
-0.00257
-0.00296
-0.00257
-0.00237
-0.00257
-0.00237
-0.00276
-0.00276
-0.00276
-0.00276
-0.00276
-0.00257
-0.00296
-0.00218
-0.00237
-0.00237
-0.00237
-0.00257
-0.00276
-0.00257
-0.00257
-0.00237
-0.00257
-0.00257
-0.00237
-0.00198
-0.00276
-0.00315
-0.00315
-0.00257
-0.00257
-0.00237
-0.00218
-0.00257
-0.00276
-0.00237
-0.00276
-0.00218
-0.00218
-0.00237
-0.00257
-0.00218
-0.00198
-0.00257
-0.00237
-0.00218
-0.00198
-0.00159
-0.00237
-0.00198
-0.00218
-0.00159
-0.00218
-0.00179
-0.00237
-0.00198
-0.00198
-0.00179
-0.00218
-0.00179
-0.00159
-0.00179
-0.00218
-0.00198
-0.00159
-0.00218
-0.00159
-0.00159
-0.00159
-0.0012
-0.0012
-0.00159
-0.00179
-0.00218
-0.00198
-0.00218
-0.00237
-0.00237
-0.00237
-0.00237
-0.00218
-0.00198
-0.00198
-0.00198
-0.00179
-0.00237
-0.00218
-0.00237
-0.00237
-0.00218
-0.00237
-0.00237
-0.00276
-0.00237
-0.00237
-0.00237
-0.00257
-0.00237
-0.00237
-0.00237
-0.00276
-0.00257
-0.00276
-0.00257
-0.00237
-0.00237
-0.00237
-0.00257
-0.00237
-0.00198
-0.00218
-0.00257
-0.00237
-0.00257
-0.00237
-0.00296
-0.00257
-0.00296
-0.00257
-0.00276
-0.00257
-0.00257
-0.00237
-0.00276
-0.00257
-0.00257
-0.00276
-0.00276
-0.00276
-0.00276
-0.00257
-0.00296
-0.00257
-0.00276
-0.00276
-0.00257
-0.00237
