-7.080001984000E-01

-0.00218
-0.00257
-0.00257
-0.00237
-0.00218
-0.00276
-0.00257
-0.00257
-0.00237
-0.00257
-0.00218
-0.00218
-0.00237
-0.00237
-0.00218
-0.00296
-0.00257
-0.00237
-0.00218
-0.00218
-0.00257
-0.00276
-0.00257
-0.00237
-0.00257
-0.00257
-0.00257
-0.00237
-0.00296
-0.00257
-0.00198
-0.00218
-0.00276
-0.00237
-0.00237
-0.00237
-0.00237
-0.00257
-0.00218
-0.00257
-0.00237
-0.00218
-0.00218
-0.00257
-0.00218
-0.00276
-0.00218
-0.00257
-0.00237
-0.00237
-0.00218
-0.00218
-0.00237
-0.00218
-0.00198
-0.00257
-0.00218
-0.00218
-0.00198
-0.00179
-0.00218
-0.00237
-0.00237
-0.00218
-0.00257
-0.00218
-0.00237
-0.00198
-0.00237
-0.00315
-0.00257
-0.00296
-0.00257
-0.00296
-0.00315
-0.00315
-0.00296
-0.00315
-0.00296
-0.00315
-0.00315
-0.00335
-0.00354
-0.00315
-0.00335
-0.00335
-0.00257
-0.00218
-0.00237
-0.00296
-0.00296
-0.00276
-0.00335
-0.00315
-0.00257
-0.00296
-0.00315
-0.00296
-0.00315
-0.00315
-0.00276
-0.00315
-0.00315
-0.00315
-0.00315
-0.00296
-0.00257
-0.00257
-0.00276
-0.00257
-0.00218
-0.00237
-0.00237
-0.00198
-0.00198
-0.00257
-0.00237
-0.00218
-0.00237
-0.00198
-0.00237
-0.00218
-0.00276
-0.00276
-0.00237
-0.00257
-0.00198
-0.00218
-0.00276
-0.00276
-0.00237
-0.00276
-0.00315
-0.00237
-0.00237
-0.00237
-0.00237
-0.00257
-0.00218
-0.00257
-0.00237
-0.00218
-0.00159
-0.00218
-0.00257
-0.00237
-0.00198
-0.00218
-0.00218
-0.00159
-0.00179
-0.00198
-0.00237
-0.00257
-0.00218
-0.00257
-0.00218
-0.00237
-0.00179
-0.00179
-0.00159
-0.00198
-0.00198
-0.00198
-0.00139
-0.00198
-0.00198
-0.00218
-0.00218
-0.00237
-0.00198
-0.00257
-0.00257
-0.00276
-0.00257
-0.00296
-0.00257
-0.00315
-0.00276
-0.00276
-0.00335
-0.00335
-0.00296
-0.00335
-0.00354
-0.00315
-0.00354
-0.00315
-0.00296
-0.00315
-0.00296
-0.00296
-0.00237
-0.00237
-0.0012
-0.00022
0.00075
0.00134
0.00271
0.00349
0.00505
0.00603
0.00681
0.00759
0.00837
0.00915
0.01013
0.0113
0.01247
0.01404
0.01618
0.01755
0.0197
0.02087
0.02302
0.02478
0.02712
0.03005
0.0322
0.03493
0.03747
0.04138
0.04489
0.04821
0.05193
0.05564
0.05896
0.0615
0.06501
0.06736
0.0697
0.07204
0.07419
0.07654
0.07771
0.07907
0.08025
0.08142
0.0822
0.08357
0.08376
0.08396
0.08474
0.08513
0.08591
0.08571
0.08552
0.08571
0.08552
0.08513
0.08493
0.08415
0.08396
0.08376
0.08357
0.08279
0.082
0.08142
0.08083
0.08005
0.07986
0.07927
0.07868
0.0779
0.07712
0.07595
0.07556
0.07458
0.0738
0.07263
0.07224
0.07087
0.07048
0.06931
0.06853
0.06794
0.06736
0.06618
0.06599
0.06462
0.06404
0.06306
0.06247
0.06169
0.06091
0.06013
0.05915
0.05837
0.05779
0.05681
0.05583
0.05564
0.05486
0.05446
0.05368
0.0529
0.05212
0.05154
0.05075
0.04997
0.04939
0.04841
0.04821
0.04763
0.04685
0.04626
0.04626
0.04548
0.04489
0.04392
0.04353
0.04353
0.04275
0.04216
0.04196
0.04118
0.04079
0.0406
0.04001
0.03943
0.03845
0.03825
0.03786
0.03747
0.03747
0.0363
0.03571
0.03493
0.03474
0.03474
0.03415
0.03357
0.03318
0.03298
0.0322
0.032
0.03161
0.03083
0.03005
0.03044
0.03005
0.02888
0.02927
0.02868
0.02849
0.02829
0.02732
0.02712
0.02712
0.02693
0.02634
0.02575
0.02497
0.02497
0.02517
0.02458
0.02439
0.02419
0.024
0.02419
0.024
0.02321
0.02243
0.02224
0.02204
0.02185
0.02165
0.02126
0.02146
0.02087
0.02087
0.02029
0.02048
0.01989
0.0195
0.0195
0.01911
0.01892
0.01853
0.01814
0.01794
0.01775
0.01775
0.01716
0.01696
0.01657
0.01618
0.01638
0.01579
0.0156
0.01579
0.01501
0.01501
0.01501
0.01482
0.01482
0.01443
0.01423
0.01404
0.01384
0.01364
0.01345
0.01364
0.01325
0.01247
0.01247
0.01228
0.01247
0.01247
0.01189
0.01169
0.01169
0.01189
0.01169
0.01169
0.0115
0.01071
0.01091
0.01071
0.01111
0.01071
0.01032
0.01052
0.01071
0.01032
0.00993
0.00993
0.00993
0.00915
0.00915
0.00915
0.00896
0.00876
0.00935
0.00915
0.00896
0.00896
0.00818
0.00818
0.00818
0.00818
0.00818
0.00759
0.00779
0.00779
0.00739
0.00759
0.0072
0.00739
0.00681
0.00681
0.00681
0.007
0.00642
0.00661
0.00661
0.00583
0.00642
0.00603
0.00622
0.00603
0.00583
0.00603
0.00622
0.00583
0.00544
0.00505
0.00544
0.00525
0.00544
0.00544
0.00564
0.00486
0.00525
0.00466
0.00505
0.00466
0.00446
0.00466
0.00466
0.00446
0.00427
0.00427
0.00368
0.00388
0.00329
0.00329
0.00329
0.0031
0.0029
0.00271
0.00251
0.00271
0.00271
0.0031
0.00251
0.00251
0.00251
0.00251
0.00232
0.00251
0.00212
0.00232
0.00173
0.00212
0.00193
0.00173
0.00193
0.00232
0.00154
0.00212
0.00173
0.00212
0.00232
0.00193
0.00173
0.00193
0.00134
0.00154
0.00154
0.00193
0.00154
0.00154
0.00193
0.00173
0.00173
0.00173
0.00154
0.00134
0.00173
0.00154
0.00114
0.00134
0.00134
0.00193
0.00134
0.00134
0.00114
0.00095
0.00075
0.00114
0.00095
0.00095
0.00095
0.00095
0.00036
0.00075
0.00095
0.00075
0.00095
0.00056
0.00056
0.00095
0.00017
0.00056
-3e-05
-0.00022
-3e-05
0.00056
0.00056
0.00017
-0.00022
-0.00022
0.00017
-3e-05
-0.00022
-3e-05
-3e-05
0.00017
-3e-05
0.00036
0.00017
-3e-05
0.00017
-0.00022
-0.00022
0.00036
-3e-05
0.00017
-3e-05
-3e-05
-0.00042
-3e-05
0.00017
0.00017
-3e-05
0.00017
-3e-05
-0.00022
-0.00022
0.00017
-3e-05
0.00036
-3e-05
-3e-05
0.00036
-3e-05
-3e-05
-0.00061
-0.00081
-0.00042
-0.00022
-0.00042
-0.00022
-3e-05
-0.00081
-0.00061
-0.00081
-0.00042
-0.00081
-0.00042
-0.00042
0.00017
-0.00061
-0.00061
-0.0012
-0.00061
-0.00139
-0.00081
-0.001
-0.00061
-0.001
-0.00061
-0.001
-0.00061
-0.00042
-0.00061
-0.00022
-0.001
-0.00159
-0.0012
-0.00081
-0.001
-0.0012
-0.00081
-0.00081
-0.00081
-0.0012
-0.00081
-0.00139
-0.0012
-0.00179
-0.00139
-0.001
-0.001
-0.0012
-0.00081
-0.00081
-0.0012
-0.0012
-0.00139
-0.00139
-0.00139
-0.00198
-0.00159
-0.00179
-0.00139
-0.00179
-0.0012
-0.00139
-0.001
-0.00139
-0.0012
-0.00139
-0.0012
-0.0012
-0.00081
-0.0012
-0.0012
-0.001
-0.00081
-0.0012
-0.00081
-0.001
-0.00081
-0.001
-0.00139
-0.0012
-0.0012
-0.0012
-0.00139
-0.00218
-0.00198
-0.00179
-0.00139
-0.0012
-0.001
-0.0012
-0.00159
-0.00159
-0.00159
-0.00159
-0.00257
-0.00237
-0.00198
-0.00179
-0.00198
-0.00179
-0.00139
-0.00159
-0.00159
-0.00179
-0.00159
-0.00179
-0.00159
-0.00218
-0.00198
-0.00218
-0.00198
-0.00179
-0.00218
-0.00198
-0.00198
-0.00218
-0.00218
-0.00179
-0.00237
-0.00237
-0.00198
-0.00198
-0.00198
-0.00218
-0.00218
-0.00218
-0.00237
-0.00237
-0.00198
-0.00198
-0.00218
-0.00237
-0.00237
-0.00198
-0.00198
-0.00198
-0.00179
-0.00257
-0.00218
-0.00237
-0.00257
-0.00179
-0.00179
-0.00179
-0.00179
-0.00159
-0.00179
-0.00179
-0.00179
-0.00159
-0.00179
-0.00159
-0.00159
-0.00179
-0.00139
-0.00218
-0.00179
-0.00139
-0.00218
-0.00237
-0.00237
-0.00198
-0.00179
-0.00179
-0.00218
-0.00237
-0.00237
-0.00237
-0.00218
-0.00198
-0.00198
-0.00198
-0.00218
-0.00179
-0.00159
-0.00179
-0.00179
-0.00218
-0.00198
-0.00218
-0.00198
-0.00179
-0.00198
-0.00218
-0.00159
-0.00198
-0.00198
-0.00198
-0.00218
-0.00198
-0.00198
-0.00159
-0.00198
-0.00198
-0.00179
-0.00159
-0.00218
-0.00296
-0.00218
-0.00237
-0.00198
-0.00257
-0.00218
-0.00276
-0.00218
-0.00237
-0.00237
-0.00198
-0.00179
-0.00198
-0.00198
-0.00237
-0.00257
-0.00218
-0.00218
-0.00237
-0.00276
-0.00257
-0.00257
-0.00218
-0.00218
-0.00218
-0.00296
-0.00257
-0.00257
-0.00218
-0.00237
-0.00237
-0.00257
-0.00296
-0.00257
-0.00276
-0.00198
-0.00237
-0.00198
-0.00179
-0.00218
-0.00218
-0.00237
-0.00198
-0.00179
-0.00198
-0.00179
-0.00218
-0.00198
-0.00198
-0.00179
-0.00237
-0.00218
-0.00218
-0.00198
-0.00218
-0.00179
-0.00257
-0.00237
-0.00218
-0.00198
-0.00198
-0.00218
-0.00237
-0.00237
-0.00257
-0.00218
-0.00276
-0.00237
-0.00257
-0.00257
-0.00257
-0.00257
-0.00257
-0.00257
-0.00315
-0.00315
-0.00276
-0.00237
-0.00296
-0.00257
-0.00276
-0.00276
-0.00296
-0.00276
-0.00276
-0.00276
-0.00315
-0.00237
-0.00218
-0.00198
-0.00257
-0.00296
-0.00296
-0.00257
-0.00276
-0.00257
-0.00276
-0.00296
-0.00257
-0.00257
-0.00257
-0.00257
-0.00296
-0.00276
-0.00237
-0.00257
-0.00257
-0.00237
-0.00257
-0.00237
-0.00237
-0.00296
-0.00218
-0.00218
-0.00237
-0.00237
-0.00257
-0.00257
-0.00276
-0.00218
-0.00257
-0.00237
-0.00257
-0.00218
-0.00218
-0.00218
-0.00237
-0.00198
-0.00257
-0.00218
-0.00237
-0.00218
-0.00257
-0.00237
-0.00257
-0.00237
-0.00237
-0.00218
-0.00218
-0.00179
-0.00198
-0.00218
-0.00237
-0.00198
-0.00218
-0.00179
-0.00218
-0.00218
-0.00218
-0.00257
-0.00198
-0.00218
-0.00257
-0.00257
-0.00257
-0.00237
-0.00276
-0.00257
-0.00237
-0.00237
-0.00296
-0.00257
-0.00296
-0.00218
-0.00296
-0.00237
-0.00257
-0.00296
-0.00276
-0.00276
-0.00276
-0.00315
-0.00276
-0.00276
-0.00315
-0.00315
-0.00315
-0.00335
-0.00296
-0.00257
-0.00276
-0.00296
-0.00315
-0.00296
-0.00276
-0.00257
-0.00276
-0.00257
-0.00218
-0.00237
-0.00218
-0.00276
-0.00257
-0.00237
-0.00237
-0.00198
-0.00257
-0.00218
-0.00257
-0.00237
-0.00218
-0.00179
-0.00237
-0.00218
-0.00237
-0.00159
-0.00179
-0.00198
-0.00198
-0.00179
-0.00237
-0.00218
-0.00257
-0.00237
-0.00276
-0.00218
-0.00237
-0.00276
-0.00237
-0.00218
-0.00218
-0.00237
-0.00237
-0.00237
-0.00257
-0.00257
-0.00276
-0.00218
-0.00315
-0.00257
-0.00276
-0.00296
-0.00276
-0.00296
-0.00257
-0.00257
-0.00257
-0.00296
-0.00296
-0.00257
-0.00218
-0.00198
-0.00237
-0.00198
-0.00257
-0.00179
-0.00237
-0.00218
-0.00198
-0.00237
-0.00237
-0.00218
-0.00237
-0.00218
-0.00257
-0.00179
-0.00218
-0.00179
-0.00218
-0.00218
-0.00237
-0.00237
-0.00296
-0.00276
-0.00218
-0.00218
-0.00218
-0.00218
-0.00179
-0.00237
-0.00237
-0.00198
-0.00237
-0.00237
-0.00237
-0.00237
-0.00257
-0.00237
-0.00198
-0.00218
-0.00198
-0.00257
-0.00257
-0.00257
-0.00257
-0.00198
-0.00237
-0.00276
-0.00276
-0.00218
-0.00237
-0.00179
-0.00218
-0.00198
-0.00276
-0.00198
-0.00218
-0.00237
-0.00218
-0.00179
-0.00179
-0.00218
-0.00237
-0.00218
-0.00237
-0.00276
-0.00257
-0.00237
-0.00257
-0.00257
-0.00276
-0.00276
-0.00276
-0.00315
-0.00315
-0.00315
-0.00315
-0.00218
-0.00276
-0.00257
-0.00335
-0.00335
-0.00276
-0.00257
-0.00296
-0.00237
-0.00296
-0.00237
-0.00276
-0.00237
-0.00276
-0.00257
-0.00257
-0.00257
-0.00257
-0.00276
-0.00257
-0.00237
-0.00218
-0.00198
-0.00218
-0.00237
-0.00257
-0.00198
-0.00276
-0.00237
-0.00198
-0.00218
-0.00218
-0.00179
-0.00237
-0.00179
-0.00218
-0.00218
-0.00237
-0.00179
-0.00218
-0.00198
-0.00237
-0.00179
-0.00198
-0.00237
-0.00218
-0.00237
-0.00237
-0.00237
-0.00257
-0.00237
-0.00276
-0.00296
-0.00276
-0.00257
-0.00335
-0.00257
-0.00315
-0.00257
-0.00257
-0.00237
-0.00218
-0.00257
-0.00218
-0.00257
-0.00257
-0.00257
-0.00296
-0.00257
-0.00276
-0.00276
-0.00315
-0.00237
-0.00296
-0.00276
-0.00296
-0.00296
-0.00276
-0.00257
-0.00276
-0.00237
-0.00257
-0.00257
-0.00198
-0.00237
-0.00276
-0.00257
-0.00296
