-1.305000368000E+00

-0.00296
-0.00276
-0.00296
-0.00237
-0.00218
-0.00257
-0.00276
-0.00315
-0.00296
-0.00257
-0.00276
-0.00237
-0.00218
-0.00257
-0.00276
-0.00257
-0.00276
-0.00198
-0.00276
-0.00257
-0.00218
-0.00218
-0.00237
-0.00257
-0.00198
-0.00257
-0.00237
-0.00237
-0.00276
-0.00257
-0.00218
-0.00257
-0.00257
-0.00198
-0.00218
-0.00237
-0.00237
-0.00237
-0.00237
-0.00237
-0.00218
-0.00198
-0.00237
-0.00237
-0.00218
-0.00257
-0.00276
-0.00179
-0.00218
-0.00257
-0.00276
-0.00198
-0.00179
-0.00198
-0.00218
-0.00237
-0.00179
-0.00218
-0.00198
-0.00159
-0.00237
-0.00159
-0.00218
-0.00179
-0.00179
-0.00179
-0.00179
-0.00179
-0.00198
-0.00179
-0.00179
-0.00198
-0.00218
-0.00179
-0.00237
-0.00237
-0.00257
-0.00276
-0.00237
-0.00296
-0.00218
-0.00257
-0.00237
-0.00296
-0.00296
-0.00276
-0.00257
-0.00276
-0.00257
-0.00276
-0.00276
-0.00237
-0.00296
-0.00257
-0.00237
-0.00237
-0.00218
-0.00218
-0.00276
-0.00296
-0.00276
-0.00237
-0.00237
-0.00237
-0.00237
-0.00198
-0.00198
-0.00218
-0.00198
-0.00218
-0.00198
-0.00159
-0.00218
-0.00159
-0.00198
-0.00198
-0.00179
-0.00218
-0.00159
-0.00179
-0.00218
-0.00237
-0.00218
-0.00237
-0.00237
-0.00198
-0.00257
-0.00237
-0.00257
-0.00257
-0.00257
-0.00237
-0.00237
-0.00237
-0.00237
-0.00257
-0.00237
-0.00237
-0.00257
-0.00257
-0.00257
-0.00296
-0.00257
-0.00257
-0.00218
-0.00218
-0.00276
-0.00296
-0.00296
-0.00296
-0.00276
-0.00315
-0.00315
-0.00354
-0.00315
-0.00257
-0.00276
-0.00354
-0.00296
-0.00296
-0.00276
-0.00276
-0.00296
-0.00296
-0.00354
-0.00315
-0.00296
-0.00276
-0.00296
-0.00335
-0.00315
-0.00296
-0.00296
-0.00257
-0.00276
-0.00257
-0.00276
-0.00276
-0.00257
-0.00257
-0.00237
-0.00237
-0.00237
-0.00218
-0.00139
0.00056
0.00173
0.00407
0.00564
0.00818
0.01111
0.01364
0.01521
0.01775
0.0195
0.02107
0.02243
0.024
0.02517
0.02673
0.02751
0.02849
0.02986
0.03083
0.03259
0.03376
0.03532
0.03747
0.03962
0.04275
0.04509
0.04782
0.05017
0.05251
0.05564
0.05876
0.06111
0.06384
0.06638
0.06892
0.07146
0.07302
0.07556
0.07693
0.07966
0.08103
0.08376
0.08493
0.08728
0.08943
0.09118
0.09333
0.09568
0.09782
0.09919
0.10173
0.1031
0.10505
0.10661
0.10779
0.10876
0.10974
0.11052
0.11052
0.11071
0.1111
0.11189
0.11169
0.1115
0.11091
0.1113
0.11071
0.11032
0.10974
0.10974
0.10876
0.10837
0.10759
0.1074
0.10661
0.10564
0.10525
0.10427
0.10349
0.10251
0.10154
0.09978
0.09958
0.09861
0.09802
0.09704
0.09568
0.09489
0.09372
0.09255
0.09177
0.0904
0.08962
0.08845
0.08747
0.0865
0.08552
0.08474
0.08337
0.08239
0.08161
0.08064
0.07966
0.07829
0.07712
0.07654
0.07556
0.07419
0.0738
0.07224
0.07146
0.07087
0.07009
0.06911
0.06872
0.06794
0.06657
0.06579
0.06462
0.06404
0.06345
0.06247
0.06189
0.06071
0.06013
0.05993
0.05896
0.05779
0.0572
0.05661
0.05603
0.05544
0.05486
0.05407
0.05349
0.0529
0.05271
0.05173
0.05095
0.04997
0.04939
0.0488
0.04802
0.04782
0.04724
0.04704
0.04607
0.04607
0.04529
0.0447
0.04392
0.04353
0.04314
0.04275
0.04196
0.04079
0.04099
0.04021
0.03982
0.03884
0.03884
0.03845
0.03786
0.03728
0.03689
0.03669
0.03611
0.03611
0.03552
0.03474
0.03415
0.03357
0.03357
0.03298
0.03298
0.03239
0.032
0.0322
0.03142
0.03064
0.03044
0.02986
0.02927
0.02868
0.02849
0.0281
0.0279
0.02751
0.02732
0.02712
0.02693
0.02634
0.02634
0.02595
0.02556
0.02517
0.02517
0.02497
0.024
0.0238
0.024
0.02321
0.02341
0.02224
0.02224
0.02204
0.02165
0.02146
0.02087
0.02029
0.02029
0.02029
0.01989
0.01989
0.0195
0.01911
0.01872
0.01853
0.01853
0.01833
0.01814
0.01853
0.01794
0.01755
0.01736
0.01696
0.01716
0.01677
0.01696
0.01657
0.01638
0.01599
0.01618
0.0156
0.01521
0.01501
0.01482
0.01501
0.01482
0.01462
0.01443
0.01423
0.01384
0.01404
0.01384
0.01306
0.01345
0.01345
0.01364
0.01325
0.01325
0.01286
0.01286
0.01247
0.01247
0.01189
0.01208
0.01228
0.01189
0.0115
0.01091
0.01091
0.01052
0.01091
0.01071
0.00993
0.01052
0.01052
0.00954
0.00954
0.00915
0.00954
0.00896
0.00915
0.00837
0.00896
0.00837
0.00857
0.00818
0.00759
0.00779
0.00798
0.00779
0.00739
0.00739
0.00739
0.0072
0.0072
0.007
0.00642
0.00681
0.00681
0.00603
0.00661
0.00622
0.00603
0.00622
0.00642
0.00622
0.00642
0.00603
0.00622
0.00622
0.00564
0.00583
0.00564
0.00583
0.00544
0.00525
0.00525
0.00466
0.00486
0.00505
0.00427
0.00446
0.00466
0.00446
0.00407
0.00427
0.00427
0.00407
0.00427
0.00407
0.00368
0.00407
0.00407
0.00368
0.00407
0.00388
0.00388
0.00349
0.0031
0.0031
0.0029
0.00329
0.0029
0.0031
0.0029
0.0031
0.0031
0.0029
0.0029
0.00251
0.0029
0.00271
0.00212
0.00251
0.00251
0.00251
0.00251
0.00251
0.0029
0.00232
0.00251
0.00232
0.00232
0.00193
0.00232
0.00193
0.00212
0.00173
0.00173
0.00173
0.00154
0.00173
0.00154
0.00193
0.00114
0.00134
0.00075
0.00114
0.00114
0.00114
0.00134
0.00114
0.00114
0.00095
0.00095
0.00114
0.00075
0.00114
0.00095
0.00114
0.00114
0.00056
0.00075
0.00056
0.00056
0.00056
0.00095
0.00036
0.00036
-3e-05
0.00075
0.00095
0.00056
0.00036
0.00036
0.00075
0.00075
0.00056
0.00075
0.00056
0.00056
0.00036
0.00075
0.00056
0.00036
0.00075
0.00017
0.00017
-0.00042
-0.00022
0.00036
-3e-05
-3e-05
-0.00022
-0.00022
-0.00042
-0.00081
-0.00061
-0.00042
-0.00061
-0.001
-0.00081
-0.001
-0.00081
-0.00061
-0.00061
-0.00061
-0.00042
-0.00061
-0.00061
-0.00061
-0.00081
-0.00081
-0.00081
-0.00022
-0.001
-0.001
-0.00061
-0.00061
-0.001
-0.0012
-0.00061
-0.00061
-0.0012
-0.0012
-0.00081
-0.00081
-0.001
-0.00081
-0.001
-0.00061
-0.00042
-0.00081
-0.00022
-0.00081
-0.00022
-0.00081
-0.00042
-0.001
-0.00081
-0.001
-0.00081
-0.00081
-0.001
-0.001
-0.0012
-0.0012
-0.00139
-0.00139
-0.00061
-0.0012
-0.0012
-0.0012
-0.00061
-0.001
-0.00081
-0.00139
-0.00081
-0.00081
-0.00061
-0.00139
-0.001
-0.00139
-0.00061
-0.00139
-0.0012
-0.00139
-0.001
-0.00139
-0.00159
-0.00159
-0.00139
-0.0012
-0.00179
-0.00159
-0.00081
-0.0012
-0.0012
-0.0012
-0.00139
-0.0012
-0.00179
-0.00139
-0.00139
-0.001
-0.00179
-0.00159
-0.00139
-0.00139
-0.00159
-0.00139
-0.00159
-0.00198
-0.00179
-0.00218
-0.00237
-0.00198
-0.00198
-0.00218
-0.00198
-0.00218
-0.00218
-0.00218
-0.00159
-0.00218
-0.00198
-0.00179
-0.00237
-0.00237
-0.00218
-0.00218
-0.00237
-0.00218
-0.00257
-0.00198
-0.00218
-0.00218
-0.00237
-0.00218
-0.00237
-0.00237
-0.00237
-0.00179
-0.00237
-0.00237
-0.00218
-0.00218
-0.00198
-0.00139
-0.00159
-0.00159
-0.00179
-0.00159
-0.00179
-0.00159
-0.00159
-0.00139
-0.00179
-0.00159
-0.00159
-0.00139
-0.00139
-0.0012
-0.00139
-0.00139
-0.00061
-0.001
-0.00159
-0.00159
-0.0012
-0.00061
-0.0012
-0.00139
-0.00139
-0.00179
-0.00139
-0.00159
-0.0012
-0.00139
-0.00179
-0.00159
-0.00179
-0.00179
-0.00159
-0.00159
-0.00179
-0.00198
-0.00179
-0.00237
-0.00198
-0.00198
-0.00179
-0.00198
-0.00237
-0.00218
-0.00237
-0.00198
-0.00218
-0.00198
-0.00198
-0.00179
-0.00218
-0.00179
-0.00218
-0.00198
-0.00198
-0.00198
-0.00218
-0.00198
-0.00198
-0.00159
-0.00179
-0.00218
-0.00179
-0.00218
-0.00198
-0.00237
-0.00179
-0.00198
-0.00179
-0.00179
-0.00198
-0.00159
-0.00179
-0.00159
-0.00198
-0.00179
-0.00218
-0.00198
-0.00179
-0.00218
-0.00237
-0.00276
-0.00237
-0.00237
-0.00198
-0.00257
-0.00237
-0.00218
-0.00237
-0.00257
-0.00257
-0.00276
-0.00296
-0.00218
-0.00218
-0.00218
-0.00296
-0.00276
-0.00257
-0.00237
-0.00237
-0.00296
-0.00257
-0.00315
-0.00257
-0.00276
-0.00315
-0.00315
-0.00296
-0.00276
-0.00237
-0.00257
-0.00315
-0.00296
-0.00315
-0.00276
-0.00276
-0.00315
-0.00315
-0.00296
-0.00276
-0.00296
-0.00335
-0.00315
-0.00315
-0.00296
-0.00257
-0.00335
-0.00315
-0.00335
-0.00296
-0.00296
-0.00315
-0.00335
-0.00276
-0.00276
-0.00237
-0.00276
-0.00276
-0.00257
-0.00218
-0.00218
-0.00198
-0.00218
-0.00159
-0.00257
-0.00218
-0.00198
-0.00198
-0.00198
-0.00179
-0.00198
-0.00179
-0.00179
-0.00179
-0.00218
-0.00139
-0.00159
-0.00081
-0.00179
-0.00159
-0.00179
-0.00159
-0.00179
-0.00159
-0.00159
-0.00179
-0.00198
-0.00179
-0.00218
-0.00237
-0.00237
-0.00198
-0.00218
-0.00218
-0.00257
-0.00296
-0.00276
-0.00276
-0.00276
-0.00276
-0.00296
-0.00296
-0.00276
-0.00276
-0.00296
-0.00296
-0.00276
-0.00237
-0.00237
-0.00237
-0.00257
-0.00276
-0.00276
-0.00257
-0.00237
-0.00237
-0.00257
-0.00296
-0.00296
-0.00296
-0.00257
-0.00257
-0.00276
-0.00276
-0.00276
-0.00257
-0.00237
-0.00296
-0.00257
-0.00276
-0.00257
-0.00257
-0.00257
-0.00257
-0.00237
-0.00257
-0.00296
-0.00257
-0.00296
-0.00237
-0.00296
-0.00198
-0.00257
-0.00257
-0.00276
-0.00257
-0.00276
-0.00257
-0.00296
-0.00276
-0.00296
-0.00257
-0.00237
-0.00276
-0.00296
-0.00257
-0.00276
-0.00237
-0.00237
-0.00198
-0.00315
-0.00237
-0.00257
-0.00237
-0.00237
-0.00218
-0.00218
-0.00218
-0.00257
-0.00257
-0.00237
-0.00179
-0.00237
-0.00179
-0.00237
-0.00237
-0.00257
-0.00218
-0.00198
-0.00218
-0.00218
-0.00218
-0.00218
-0.00237
-0.00198
-0.00218
-0.00276
-0.00237
-0.00257
-0.00237
-0.00276
-0.00257
-0.00315
-0.00296
-0.00237
-0.00257
-0.00276
-0.00315
-0.00296
-0.00257
-0.00276
-0.00257
-0.00237
-0.00296
-0.00276
-0.00237
-0.00237
-0.00276
-0.00315
-0.00315
-0.00276
-0.00296
-0.00296
-0.00296
-0.00296
-0.00296
-0.00257
-0.00276
-0.00276
-0.00296
-0.00296
-0.00237
-0.00237
-0.00237
-0.00237
-0.00276
-0.00218
-0.00237
-0.00276
-0.00218
-0.00218
-0.00237
-0.00198
-0.00218
-0.00237
-0.00237
-0.00198
-0.00198
-0.00257
-0.00218
-0.00218
-0.00218
-0.00198
-0.00237
-0.00237
-0.00257
-0.00237
-0.00218
-0.00198
-0.00257
-0.00257
-0.00276
-0.00218
-0.00198
-0.00218
-0.00237
-0.00237
-0.00218
-0.00218
-0.00218
-0.00218
-0.00257
-0.00276
-0.00276
-0.00296
-0.00315
-0.00296
-0.00296
-0.00296
-0.00276
-0.00296
-0.00276
-0.00315
-0.00296
-0.00276
-0.00296
-0.00296
-0.00276
-0.00257
-0.00296
-0.00296
-0.00296
-0.00276
-0.00257
-0.00276
-0.00237
-0.00276
-0.00237
-0.00276
-0.00257
-0.00257
-0.00237
-0.00218
-0.00218
-0.00257
-0.00257
-0.00276
-0.00257
-0.00257
-0.00257
-0.00237
-0.00237
-0.00237
-0.00257
-0.00237
-0.00218
-0.00276
-0.00218
-0.00257
-0.00237
-0.00237
-0.00237
-0.00257
-0.00276
-0.00276
-0.00276
-0.00257
-0.00257
-0.00237
-0.00296
-0.00237
-0.00296
-0.00257
-0.00315
-0.00296
-0.00276
-0.00276
-0.00257
-0.00257
-0.00237
-0.00257
-0.00237
-0.00237
-0.00218
-0.00296
-0.00237
-0.00218
-0.00276
-0.00237
-0.00257
-0.00276
-0.00257
-0.00198
-0.00218
-0.00218
-0.00257
-0.00296
-0.00257
-0.00257
-0.00237
-0.00276
-0.00257
-0.00257
-0.00296
-0.00257
-0.00257
-0.00296
-0.00296
-0.00315
-0.00276
-0.00296
-0.00296
-0.00296
-0.00257
-0.00296
-0.00257
-0.00257
-0.00257
-0.00315
-0.00276
-0.00257
-0.00257
-0.00296
-0.00276
-0.00276
-0.00257
-0.00257
-0.00315
-0.00276
-0.00315
