-1.647000460800E+00

-0.00315
-0.00335
-0.00315
-0.00315
-0.00315
-0.00335
-0.00315
-0.00335
-0.00276
-0.00315
-0.00335
-0.00374
-0.00354
-0.00315
-0.00354
-0.00335
-0.00296
-0.00296
-0.00315
-0.00354
-0.00296
-0.00335
-0.00315
-0.00296
-0.00276
-0.00296
-0.00276
-0.00296
-0.00276
-0.00296
-0.00237
-0.00198
-0.00218
-0.00257
-0.00257
-0.00296
-0.00257
-0.00257
-0.00237
-0.00179
-0.00179
-0.00159
-0.00198
-0.00218
-0.00218
-0.00198
-0.00218
-0.00179
-0.00198
-0.00198
-0.00237
-0.00296
-0.00218
-0.00198
-0.00218
-0.00296
-0.00237
-0.00257
-0.00257
-0.00276
-0.00276
-0.00335
-0.00276
-0.00276
-0.00257
-0.00296
-0.00315
-0.00276
-0.00276
-0.00257
-0.00257
-0.00257
-0.00276
-0.00276
-0.00296
-0.00296
-0.00296
-0.00315
-0.00315
-0.00276
-0.00257
-0.00218
-0.00257
-0.00276
-0.00257
-0.00237
-0.00276
-0.00276
-0.00257
-0.00218
-0.00218
-0.00218
-0.00198
-0.00218
-0.00218
-0.00159
-0.00198
-0.00198
-0.00198
-0.00198
-0.00159
-0.00179
-0.00139
-0.00179
-0.00218
-0.00179
-0.00237
-0.00179
-0.00198
-0.00179
-0.00198
-0.00179
-0.00198
-0.00198
-0.00218
-0.00198
-0.00218
-0.00257
-0.00257
-0.00276
-0.00257
-0.00218
-0.00237
-0.00257
-0.00257
-0.00257
-0.00237
-0.00237
-0.00218
-0.00257
-0.00257
-0.00315
-0.00257
-0.00296
-0.00257
-0.00237
-0.00257
-0.00276
-0.00257
-0.00257
-0.00296
-0.00237
-0.00257
-0.00257
-0.00218
-0.00257
-0.00218
-0.00276
-0.00237
-0.00237
-0.00257
-0.00237
-0.00276
-0.00276
-0.00257
-0.00296
-0.00296
-0.00257
-0.00257
-0.00315
-0.00257
-0.00335
-0.00296
-0.00315
-0.00335
-0.00296
-0.00296
-0.00296
-0.00276
-0.00315
-0.00315
-0.00296
-0.00296
-0.00296
-0.00257
-0.00296
-0.00315
-0.00296
-0.00296
-0.00335
-0.00296
-0.00276
-0.00237
-0.00276
-0.00257
-0.00276
-0.00237
-0.00296
-0.00257
-0.00159
-0.00042
0.00017
0.00193
0.00271
0.00505
0.00622
0.00857
0.01052
0.01247
0.01423
0.01618
0.01814
0.0197
0.02204
0.02419
0.02673
0.02966
0.03298
0.0365
0.03943
0.04275
0.04509
0.04763
0.05056
0.05329
0.05505
0.057
0.05896
0.06091
0.06208
0.06306
0.06423
0.06482
0.06657
0.06755
0.06931
0.07068
0.07165
0.07302
0.07419
0.07575
0.07654
0.0779
0.07966
0.08103
0.08337
0.0863
0.08884
0.09196
0.09509
0.09861
0.10193
0.10447
0.1074
0.11013
0.11267
0.11364
0.11579
0.11755
0.11853
0.1197
0.12068
0.12146
0.12224
0.12263
0.12282
0.12322
0.12322
0.12263
0.12243
0.12263
0.12204
0.12204
0.12146
0.12107
0.12068
0.12009
0.1197
0.11892
0.11755
0.11677
0.1156
0.1154
0.11462
0.11325
0.11208
0.11091
0.10993
0.10798
0.1074
0.10661
0.10525
0.10427
0.10368
0.10193
0.10075
0.09997
0.09919
0.09743
0.09646
0.09529
0.09353
0.09294
0.09118
0.0904
0.08923
0.08786
0.08689
0.08552
0.08493
0.08396
0.08279
0.08181
0.08044
0.07966
0.07829
0.07712
0.07673
0.07497
0.07478
0.07361
0.07263
0.07185
0.07087
0.06989
0.0695
0.06853
0.06794
0.06716
0.06599
0.06579
0.06482
0.06364
0.06286
0.06208
0.0613
0.06071
0.06013
0.05954
0.05857
0.05798
0.05739
0.05661
0.05564
0.05525
0.05466
0.05446
0.0531
0.05232
0.05134
0.05095
0.05056
0.04997
0.049
0.0488
0.04821
0.04782
0.04704
0.04665
0.04607
0.04548
0.04489
0.0445
0.04353
0.04314
0.04236
0.04177
0.04099
0.04099
0.04021
0.03982
0.03943
0.03904
0.03884
0.03825
0.03767
0.03669
0.0365
0.0363
0.03611
0.03552
0.03571
0.03493
0.03454
0.03454
0.03376
0.03298
0.03279
0.03259
0.0322
0.03181
0.03142
0.03083
0.03083
0.03064
0.02986
0.02927
0.02907
0.02907
0.02888
0.0279
0.02751
0.02732
0.02712
0.02673
0.02673
0.02595
0.02575
0.02517
0.02497
0.02419
0.024
0.02361
0.02321
0.02361
0.02263
0.02282
0.02263
0.02185
0.02107
0.02087
0.02029
0.02009
0.01989
0.0197
0.01989
0.0197
0.0195
0.01911
0.01911
0.01892
0.01892
0.01833
0.01833
0.01794
0.01775
0.01794
0.01794
0.01775
0.01696
0.01696
0.01696
0.01716
0.01696
0.01599
0.01618
0.01599
0.01579
0.0154
0.01501
0.01521
0.0154
0.01482
0.01443
0.01404
0.01423
0.01384
0.01384
0.01404
0.01364
0.01364
0.01345
0.01306
0.01267
0.01286
0.01267
0.01228
0.01228
0.01189
0.0115
0.01091
0.01032
0.01052
0.01032
0.01013
0.00993
0.00974
0.00935
0.00876
0.00896
0.00896
0.00876
0.00857
0.00857
0.00876
0.00837
0.00876
0.00896
0.00876
0.00798
0.00837
0.00818
0.00818
0.00759
0.00779
0.00798
0.00759
0.00759
0.00739
0.00739
0.00779
0.0072
0.00739
0.00739
0.00759
0.00759
0.00759
0.00661
0.00681
0.0072
0.0072
0.00759
0.00681
0.00642
0.00603
0.00622
0.00583
0.00544
0.00583
0.00544
0.00564
0.00544
0.00505
0.00505
0.00446
0.00446
0.00388
0.00388
0.00427
0.00407
0.00388
0.00368
0.00329
0.00329
0.0031
0.0031
0.00271
0.00329
0.00349
0.0029
0.0029
0.00271
0.0031
0.00271
0.00271
0.00251
0.0029
0.00329
0.00232
0.00271
0.0029
0.00271
0.00271
0.0029
0.00329
0.0031
0.00271
0.00251
0.00251
0.00271
0.00271
0.00251
0.00251
0.00271
0.00232
0.00251
0.00212
0.00212
0.00173
0.00212
0.00193
0.00173
0.00173
0.00154
0.00154
0.00173
0.00114
0.00075
0.00154
0.00134
0.00114
0.00095
0.00056
0.00114
0.00075
0.00095
0.00154
0.00095
0.00095
0.00095
0.00095
0.00095
0.00075
0.00095
0.00095
0.00154
0.00134
0.00095
0.00134
0.00154
0.00154
0.00154
0.00193
0.00154
0.00134
0.00154
0.00154
0.00173
0.00154
0.00173
0.00154
0.00134
0.00134
0.00154
0.00095
0.00154
0.00134
0.00154
0.00154
0.00134
0.00114
0.00095
0.00075
0.00095
0.00095
0.00134
0.00075
0.00036
0.00056
0.00075
0.00036
0.00017
-3e-05
0.00017
-3e-05
-0.00042
-0.00022
-0.00022
-0.00042
-0.00042
-0.00081
-0.001
-0.00081
-0.00061
-0.001
-0.00081
-0.00081
-0.00061
-0.00061
-0.00081
-0.00042
-0.00081
-0.001
-0.00081
-0.00061
-0.00061
-0.0012
-0.0012
-0.00081
-0.00022
-0.00081
-0.00042
-0.00061
-0.00061
-0.00081
-0.00081
-0.00042
-0.00081
-0.00042
-0.00022
-0.00081
-0.00042
-0.00022
-0.00042
-0.00042
-0.00022
-0.00042
-0.00022
-0.00061
-0.001
-0.00081
-0.001
-0.00022
-0.001
-0.00081
-0.001
-0.00081
-0.001
-0.0012
-0.00139
-0.001
-0.00081
-0.00139
-0.0012
-0.0012
-0.0012
-0.00139
-0.00139
-0.001
-0.00139
-0.00159
-0.00159
-0.001
-0.00139
-0.0012
-0.00198
-0.00139
-0.00159
-0.0012
-0.00159
-0.00198
-0.00198
-0.00218
-0.00218
-0.00139
-0.00198
-0.00179
-0.00159
-0.00159
-0.0012
-0.00139
-0.00159
-0.0012
-0.00159
-0.00159
-0.00159
-0.0012
-0.0012
-0.00159
-0.00159
-0.0012
-0.001
-0.00159
-0.00159
-0.00179
-0.00179
-0.00139
-0.00179
-0.00179
-0.00179
-0.00179
-0.00218
-0.00198
-0.00159
-0.00179
-0.00179
-0.00139
-0.00198
-0.00237
-0.00237
-0.00198
-0.00198
-0.00198
-0.00257
-0.00237
-0.00218
-0.00257
-0.00237
-0.00257
-0.00237
-0.00218
-0.00237
-0.00257
-0.00218
-0.00237
-0.00237
-0.00218
-0.00198
-0.00218
-0.00237
-0.00237
-0.00179
-0.00179
-0.00237
-0.00198
-0.00179
-0.00139
-0.001
-0.001
-0.00159
-0.0012
-0.00179
-0.00179
-0.00139
-0.0012
-0.00139
-0.0012
-0.00139
-0.00159
-0.00159
-0.00179
-0.00237
-0.00139
-0.00198
-0.00139
-0.00218
-0.00218
-0.00179
-0.00179
-0.00159
-0.00179
-0.00198
-0.00218
-0.00218
-0.00218
-0.00218
-0.00218
-0.00198
-0.00218
-0.00237
-0.00257
-0.00257
-0.00257
-0.00257
-0.00257
-0.00218
-0.00296
-0.00276
-0.00257
-0.00237
-0.00237
-0.00257
-0.00296
-0.00257
-0.00237
-0.00257
-0.00198
-0.00218
-0.00198
-0.00237
-0.00257
-0.00257
-0.00237
-0.00218
-0.00257
-0.00257
-0.00237
-0.00218
-0.00257
-0.00237
-0.00237
-0.00218
-0.00237
-0.00276
-0.00296
-0.00296
-0.00276
-0.00276
-0.00276
-0.00296
-0.00276
-0.00315
-0.00296
-0.00296
-0.00296
-0.00315
-0.00335
-0.00335
-0.00315
-0.00374
-0.00354
-0.00354
-0.00315
-0.00335
-0.00354
-0.00315
-0.00354
-0.00354
-0.00335
-0.00335
-0.00354
-0.00296
-0.00335
-0.00296
-0.00315
-0.00296
-0.00257
-0.00296
-0.00296
-0.00276
-0.00296
-0.00276
-0.00315
-0.00315
-0.00296
-0.00296
-0.00315
-0.00296
-0.00296
-0.00276
-0.00257
-0.00218
-0.00218
-0.00218
-0.00218
-0.00198
-0.00198
-0.00198
-0.00179
-0.00179
-0.00218
-0.00237
-0.00276
-0.00257
-0.00218
-0.00237
-0.00218
-0.00218
-0.00237
-0.00296
-0.00257
-0.00257
-0.00257
-0.00296
-0.00218
-0.00257
-0.00237
-0.00257
-0.00257
-0.00276
-0.00218
-0.00276
-0.00276
-0.00257
-0.00198
-0.00237
-0.00237
-0.00237
-0.00257
-0.00276
-0.00257
-0.00237
-0.00257
-0.00296
-0.00296
-0.00257
-0.00257
-0.00218
-0.00257
-0.00315
-0.00276
-0.00276
-0.00237
-0.00276
-0.00257
-0.00276
-0.00257
-0.00257
-0.00257
-0.00257
-0.00276
-0.00296
-0.00276
-0.00237
-0.00257
-0.00276
-0.00296
-0.00335
-0.00315
-0.00257
-0.00335
-0.00335
-0.00354
-0.00335
-0.00276
-0.00315
-0.00354
-0.00335
-0.00374
-0.00335
-0.00354
-0.00354
-0.00315
-0.00276
-0.00354
-0.00335
-0.00335
-0.00296
-0.00296
-0.00296
-0.00257
-0.00257
-0.00257
-0.00276
-0.00276
-0.00296
-0.00296
-0.00276
-0.00296
-0.00257
-0.00296
-0.00276
-0.00296
-0.00237
-0.00257
-0.00257
-0.00237
-0.00237
-0.00198
-0.00237
-0.00296
-0.00276
-0.00237
-0.00276
-0.00276
-0.00257
-0.00296
-0.00276
-0.00237
-0.00276
-0.00296
-0.00296
-0.00276
-0.00296
-0.00296
-0.00237
-0.00257
-0.00276
-0.00315
-0.00315
-0.00296
-0.00257
-0.00276
-0.00257
-0.00257
-0.00218
-0.00315
-0.00257
-0.00257
-0.00276
-0.00257
-0.00257
-0.00296
-0.00296
-0.00257
-0.00296
-0.00276
-0.00315
-0.00276
-0.00276
-0.00276
-0.00296
-0.00276
-0.00315
-0.00276
-0.00315
-0.00296
-0.00296
-0.00237
-0.00237
-0.00237
-0.00296
-0.00237
-0.00237
-0.00257
-0.00276
-0.00257
-0.00296
-0.00257
-0.00198
-0.00257
-0.00237
-0.00237
-0.00198
-0.00237
-0.00257
-0.00237
-0.00257
-0.00276
-0.00315
-0.00276
-0.00257
-0.00257
-0.00257
-0.00237
-0.00237
-0.00257
-0.00237
-0.00276
-0.00218
-0.00218
-0.00237
-0.00198
-0.00218
-0.00257
-0.00315
-0.00237
-0.00218
-0.00218
-0.00296
-0.00237
-0.00218
-0.00257
-0.00257
-0.00237
-0.00218
-0.00257
-0.00276
-0.00237
-0.00276
-0.00315
-0.00296
-0.00296
-0.00276
-0.00276
-0.00276
-0.00257
-0.00296
-0.00296
-0.00335
-0.00315
-0.00335
-0.00354
-0.00354
-0.00315
-0.00335
-0.00315
-0.00374
-0.00374
-0.00374
-0.00335
-0.00354
-0.00315
-0.00315
-0.00296
-0.00296
-0.00296
-0.00296
-0.00315
-0.00296
-0.00276
-0.00315
-0.00276
-0.00296
-0.00276
-0.00276
-0.00237
-0.00237
-0.00257
-0.00218
-0.00257
-0.00257
-0.00257
-0.00218
-0.00276
-0.00276
-0.00237
-0.00237
-0.00237
-0.00218
-0.00237
-0.00179
-0.00257
-0.00276
-0.00257
-0.00237
-0.00276
-0.00237
-0.00257
-0.00237
-0.00257
-0.00276
-0.00257
-0.00296
-0.00296
-0.00315
-0.00276
-0.00276
-0.00257
-0.00296
-0.00296
-0.00276
-0.00315
-0.00354
-0.00315
-0.00296
-0.00237
-0.00296
-0.00315
-0.00354
-0.00315
-0.00315
-0.00276
-0.00276
-0.00257
-0.00257
-0.00296
-0.00296
-0.00315
-0.00276
-0.00276
-0.00276
-0.00315
-0.00296
-0.00257
-0.00315
-0.00315
-0.00315
-0.00296
-0.00354
-0.00257
-0.00296
-0.00335
-0.00296
-0.00257
-0.00276
-0.00276
-0.00296
-0.00296
-0.00335
