-1.408000396800E+00

-0.00257
-0.00315
-0.00315
-0.00315
-0.00296
-0.00315
-0.00276
-0.00296
-0.00315
-0.00296
-0.00296
-0.00276
-0.00237
-0.00296
-0.00257
-0.00257
-0.00257
-0.00276
-0.00276
-0.00257
-0.00257
-0.00237
-0.00218
-0.00276
-0.00257
-0.00218
-0.00218
-0.00257
-0.00315
-0.00237
-0.00237
-0.00237
-0.00218
-0.00237
-0.00179
-0.00218
-0.00237
-0.00237
-0.00218
-0.00237
-0.00218
-0.00218
-0.00218
-0.00198
-0.00257
-0.00296
-0.00237
-0.00276
-0.00237
-0.00218
-0.00218
-0.00198
-0.00257
-0.00198
-0.00257
-0.00179
-0.00257
-0.00237
-0.00276
-0.00237
-0.00257
-0.00257
-0.00218
-0.00198
-0.00218
-0.00237
-0.00257
-0.00257
-0.00237
-0.00179
-0.00179
-0.00218
-0.00276
-0.00257
-0.00218
-0.00257
-0.00257
-0.00257
-0.00198
-0.00257
-0.00257
-0.00237
-0.00257
-0.00237
-0.00257
-0.00218
-0.00237
-0.00179
-0.00237
-0.00179
-0.00179
-0.00218
-0.00218
-0.00218
-0.00159
-0.00159
-0.00198
-0.00218
-0.00198
-0.00237
-0.00237
-0.00218
-0.00296
-0.00257
-0.00218
-0.00179
-0.00218
-0.00257
-0.00218
-0.00218
-0.00198
-0.00198
-0.00179
-0.00218
-0.00218
-0.00237
-0.00198
-0.00218
-0.00218
-0.00198
-0.00218
-0.00198
-0.00218
-0.00218
-0.00257
-0.00198
-0.00198
-0.00198
-0.00218
-0.00237
-0.00198
-0.00179
-0.00237
-0.00237
-0.00237
-0.00257
-0.00237
-0.00198
-0.00218
-0.00198
-0.00237
-0.00218
-0.00218
-0.00237
-0.00257
-0.00237
-0.00218
-0.00257
-0.00237
-0.00237
-0.00237
-0.00257
-0.00276
-0.00257
-0.00315
-0.00315
-0.00296
-0.00296
-0.00276
-0.00335
-0.00296
-0.00276
-0.00237
-0.00276
-0.00257
-0.00237
-0.00257
-0.00237
-0.00179
-0.00198
-0.00218
-0.00198
-0.00218
-0.00218
-0.00179
-0.00179
-0.00218
-0.00198
-0.00198
-0.00179
-0.00237
-0.00257
-0.00257
-0.00218
-0.00218
-0.00179
-0.00179
-0.00198
-0.00198
-0.00218
-0.00198
-0.00237
-0.00198
-0.00179
-0.00179
-0.00159
-0.00139
-0.00198
-0.00198
-0.00179
-0.00159
-0.00218
-0.00237
-0.00237
-0.00179
-0.00081
0.00075
0.00193
0.00329
0.00446
0.00564
0.00759
0.00954
0.0115
0.01306
0.0154
0.01755
0.01892
0.02126
0.02263
0.02497
0.02693
0.02907
0.03161
0.03415
0.03708
0.04021
0.04372
0.04665
0.04978
0.05271
0.05564
0.05915
0.06169
0.06423
0.06755
0.07009
0.07302
0.07595
0.07888
0.08161
0.08415
0.0865
0.08884
0.09099
0.09294
0.09411
0.09529
0.09665
0.09763
0.09861
0.09958
0.09978
0.10017
0.10017
0.10114
0.10095
0.10114
0.10075
0.10017
0.09997
0.09939
0.09939
0.0988
0.09861
0.09802
0.09743
0.09685
0.09626
0.09509
0.0947
0.09372
0.09294
0.09216
0.09177
0.0904
0.08943
0.08864
0.08728
0.0863
0.08532
0.08435
0.08357
0.08298
0.082
0.08122
0.08005
0.07888
0.07751
0.07693
0.07634
0.07497
0.07419
0.07302
0.07224
0.07126
0.07068
0.0697
0.06872
0.06814
0.06696
0.06638
0.0656
0.06462
0.06364
0.06306
0.06189
0.0613
0.06032
0.05954
0.05876
0.05818
0.05739
0.057
0.05603
0.05525
0.05446
0.05349
0.05349
0.05232
0.05212
0.05154
0.05056
0.05017
0.04958
0.0488
0.04841
0.04782
0.04763
0.04685
0.04587
0.04607
0.04529
0.0447
0.04392
0.04333
0.04294
0.04275
0.04236
0.04157
0.04118
0.0406
0.04001
0.03962
0.03923
0.03884
0.03845
0.03786
0.03747
0.03708
0.0365
0.03611
0.03552
0.03493
0.03513
0.03415
0.03396
0.03337
0.03318
0.03239
0.03259
0.03122
0.03142
0.03025
0.03005
0.02966
0.02966
0.02986
0.02927
0.02829
0.02829
0.02751
0.02751
0.02751
0.02693
0.02654
0.02595
0.02634
0.02595
0.02517
0.02497
0.02439
0.02419
0.024
0.02361
0.02321
0.02321
0.02263
0.02263
0.02204
0.02165
0.02165
0.02146
0.02107
0.02087
0.02068
0.02068
0.02029
0.0197
0.02009
0.0197
0.0195
0.0195
0.0195
0.01911
0.01833
0.01853
0.01814
0.01833
0.01775
0.01716
0.01716
0.01696
0.01638
0.01599
0.01618
0.01618
0.01579
0.0156
0.0154
0.0154
0.01521
0.01482
0.01423
0.01423
0.01443
0.01423
0.01384
0.01345
0.01364
0.01325
0.01306
0.01306
0.01306
0.01306
0.01286
0.01267
0.01286
0.01228
0.01208
0.01169
0.0115
0.0115
0.01091
0.0113
0.01091
0.01071
0.01091
0.01032
0.01032
0.01013
0.00974
0.00954
0.00896
0.00915
0.00896
0.00896
0.00896
0.00876
0.00915
0.00837
0.00818
0.00759
0.00818
0.00798
0.00779
0.00779
0.00759
0.00759
0.0072
0.007
0.007
0.007
0.00681
0.00681
0.00642
0.00603
0.00642
0.00642
0.00622
0.00622
0.00622
0.007
0.00622
0.00603
0.00603
0.00622
0.00622
0.00622
0.00583
0.00603
0.00583
0.00622
0.00583
0.00603
0.00564
0.00544
0.00544
0.00544
0.00525
0.00466
0.00525
0.00486
0.00505
0.00486
0.00486
0.00486
0.00505
0.00466
0.00486
0.00486
0.00446
0.00446
0.00446
0.00407
0.00368
0.00368
0.00349
0.00407
0.00368
0.00349
0.0031
0.0031
0.00251
0.00271
0.0029
0.00271
0.0029
0.00271
0.0029
0.0029
0.00251
0.00251
0.0029
0.00271
0.00251
0.00251
0.00212
0.00251
0.00232
0.00251
0.00232
0.00271
0.00251
0.0029
0.00251
0.00212
0.00212
0.00193
0.00134
0.00173
0.00193
0.00212
0.00173
0.00173
0.00212
0.00173
0.00173
0.00173
0.00134
0.00154
0.00154
0.00173
0.00154
0.00173
0.00154
0.00154
0.00134
0.00173
0.00173
0.00095
0.00134
0.00114
0.00134
0.00173
0.00114
0.00173
0.00095
0.00056
0.00095
0.00075
0.00095
0.00095
0.00075
0.00056
0.00095
0.00017
0.00095
0.00017
0.00075
0.00075
0.00017
0.00056
0.00056
-3e-05
0.00056
0.00017
0.00017
0.00017
0.00017
0.00036
0.00036
0.00017
0.00036
0.00017
0.00036
0.00017
-3e-05
-0.00061
-0.00081
-0.00061
-0.00061
-0.00042
-3e-05
-0.00061
-0.001
-0.00022
-3e-05
-0.00061
-0.001
-0.0012
-0.00081
-0.00081
-0.00081
-0.001
-0.001
-0.0012
-0.00081
-0.0012
-0.00081
-0.00081
-0.00061
-0.00061
-0.00042
-0.0012
-0.0012
-0.00159
-0.0012
-0.00081
-0.0012
-0.0012
-0.0012
-0.00042
-0.00061
-0.00081
-0.00061
-0.00081
-0.00061
-0.00081
-0.00042
-0.001
-0.001
-0.00061
-0.00081
-0.00022
-0.00042
-0.00042
-0.00081
-0.00042
-0.00081
-0.00061
-0.00061
-0.00061
-0.00061
-0.00022
-0.00022
-0.00061
-0.00061
-0.001
-0.001
-0.001
-0.00081
-0.00081
-0.00139
-0.001
-0.00081
-0.00061
-0.00139
-0.00081
-0.00061
-0.00081
-0.00061
-0.00061
-0.00081
-0.001
-0.00081
-0.001
-0.0012
-0.00159
-0.0012
-0.00139
-0.001
-0.001
-0.0012
-0.0012
-0.0012
-0.00139
-0.00081
-0.00159
-0.0012
-0.0012
-0.0012
-0.001
-0.00139
-0.0012
-0.0012
-0.00139
-0.00139
-0.00198
-0.00198
-0.00159
-0.00139
-0.00139
-0.001
-0.00179
-0.0012
-0.00179
-0.0012
-0.00159
-0.00139
-0.00159
-0.00179
-0.00139
-0.00159
-0.00198
-0.00159
-0.00179
-0.00198
-0.00218
-0.00159
-0.00159
-0.00159
-0.00179
-0.00198
-0.00179
-0.00159
-0.00218
-0.00198
-0.00198
-0.00237
-0.00257
-0.00257
-0.00218
-0.00257
-0.00218
-0.00218
-0.00257
-0.00218
-0.00257
-0.00198
-0.00198
-0.00218
-0.00198
-0.00179
-0.00198
-0.00198
-0.00237
-0.00179
-0.00159
-0.00179
-0.00159
-0.00159
-0.00198
-0.00179
-0.00198
-0.00218
-0.00179
-0.00237
-0.00218
-0.00218
-0.00198
-0.00257
-0.00257
-0.00257
-0.00257
-0.00237
-0.00237
-0.00237
-0.00237
-0.00198
-0.00237
-0.00237
-0.00198
-0.00257
-0.00237
-0.00179
-0.00257
-0.00218
-0.00218
-0.00218
-0.00237
-0.00218
-0.00198
-0.00218
-0.00218
-0.00237
-0.00237
-0.00198
-0.00179
-0.00198
-0.00139
-0.00159
-0.00139
-0.00139
-0.00159
-0.001
-0.001
-0.00139
-0.0012
-0.0012
-0.001
-0.0012
-0.00139
-0.0012
-0.0012
-0.001
-0.0012
-0.00139
-0.00159
-0.00179
-0.00139
-0.00198
-0.00159
-0.00179
-0.00159
-0.00139
-0.0012
-0.00139
-0.0012
-0.00139
-0.00139
-0.00139
-0.00081
-0.00139
-0.001
-0.00139
-0.00139
-0.00139
-0.00159
-0.00159
-0.00159
-0.00218
-0.00237
-0.00198
-0.00218
-0.00198
-0.00159
-0.00237
-0.00179
-0.00179
-0.00198
-0.00218
-0.00179
-0.00198
-0.00198
-0.00218
-0.00159
-0.00218
-0.00257
-0.00198
-0.00237
-0.00198
-0.00179
-0.00159
-0.00237
-0.00257
-0.00257
-0.00257
-0.00276
-0.00218
-0.00198
-0.00198
-0.00218
-0.00198
-0.00237
-0.00218
-0.00218
-0.00218
-0.00257
-0.00257
-0.00218
-0.00198
-0.00198
-0.00218
-0.00218
-0.00179
-0.00198
-0.00218
-0.00218
-0.00198
-0.00237
-0.00276
-0.00198
-0.00257
-0.00218
-0.00218
-0.00218
-0.00218
-0.00218
-0.00237
-0.00237
-0.00218
-0.00257
-0.00237
-0.00179
-0.00218
-0.00218
-0.00237
-0.00276
-0.00257
-0.00198
-0.00257
-0.00218
-0.00218
-0.00257
-0.00218
-0.00237
-0.00257
-0.00257
-0.00276
-0.00276
-0.00276
-0.00257
-0.00257
-0.00296
-0.00276
-0.00296
-0.00296
-0.00257
-0.00276
-0.00276
-0.00257
-0.00354
-0.00315
-0.00335
-0.00315
-0.00315
-0.00257
-0.00315
-0.00296
-0.00315
-0.00315
-0.00315
-0.00276
-0.00296
-0.00276
-0.00257
-0.00276
-0.00257
-0.00257
-0.00296
-0.00276
-0.00315
-0.00276
-0.00257
-0.00257
-0.00296
-0.00237
-0.00218
-0.00237
-0.00276
-0.00237
-0.00237
-0.00237
-0.00218
-0.00198
-0.00198
-0.00218
-0.00218
-0.00179
-0.00198
-0.00198
-0.00218
-0.00198
-0.00198
-0.00218
-0.00198
-0.00198
-0.00179
-0.00179
-0.00237
-0.00198
-0.00237
-0.00179
-0.00218
-0.00218
-0.00237
-0.00257
-0.00276
-0.00218
-0.00218
-0.00257
-0.00237
-0.00276
-0.00257
-0.00257
-0.00257
-0.00257
-0.00237
-0.00218
-0.00237
-0.00237
-0.00296
-0.00257
-0.00276
-0.00296
-0.00276
-0.00296
-0.00257
-0.00296
-0.00237
-0.00257
-0.00237
-0.00276
-0.00257
-0.00296
-0.00315
-0.00276
-0.00257
-0.00257
-0.00276
-0.00276
-0.00237
-0.00257
-0.00257
-0.00237
-0.00237
-0.00237
-0.00237
-0.00179
-0.00198
-0.00179
-0.00198
-0.00179
-0.00218
-0.00237
-0.00198
-0.00179
-0.00198
-0.00198
-0.00218
-0.00179
-0.00179
-0.00198
-0.00218
-0.00179
-0.00179
-0.00179
-0.00218
-0.00198
-0.00179
-0.00198
-0.00237
-0.00218
-0.00218
-0.00237
-0.00257
-0.00257
-0.00237
-0.00237
-0.00276
-0.00296
-0.00296
-0.00276
-0.00257
-0.00257
-0.00237
-0.00218
-0.00276
-0.00257
-0.00257
-0.00237
-0.00276
-0.00237
-0.00198
-0.00218
-0.00257
-0.00296
-0.00237
-0.00257
-0.00257
-0.00257
-0.00237
-0.00296
-0.00276
-0.00237
-0.00237
-0.00237
-0.00237
-0.00257
-0.00218
-0.00237
-0.00257
-0.00237
-0.00218
-0.00179
-0.00218
-0.00237
-0.00276
-0.00237
-0.00257
-0.00257
-0.00237
-0.00237
-0.00218
-0.00198
-0.00237
-0.00237
-0.00237
-0.00218
-0.00218
-0.00218
-0.00257
-0.00257
-0.00257
-0.00218
-0.00218
-0.00179
-0.00257
-0.00257
-0.00198
-0.00198
-0.00198
-0.00218
-0.00237
-0.00179
-0.00218
-0.00179
-0.00218
-0.00257
-0.00237
-0.00218
-0.00237
-0.00257
-0.00198
-0.00218
-0.00257
-0.00198
-0.00218
-0.00257
-0.00257
-0.00276
-0.00276
-0.00257
-0.00218
-0.00257
-0.00257
-0.00257
-0.00218
-0.00296
-0.00276
-0.00237
-0.00257
-0.00257
-0.00257
-0.00237
-0.00257
-0.00218
-0.00296
-0.00257
-0.00276
-0.00276
-0.00296
-0.00296
-0.00276
-0.00296
-0.00237
-0.00257
-0.00237
-0.00276
-0.00276
-0.00257
-0.00257
-0.00257
-0.00257
-0.00257
-0.00257
-0.00218
-0.00257
-0.00257
-0.00276
-0.00276
-0.00276
-0.00276
-0.00296
-0.00237
-0.00218
-0.00237
-0.00237
-0.00257
-0.00237
-0.00237
-0.00237
-0.00237
-0.00179
-0.00198
-0.00198
-0.00198
-0.00218
-0.00276
