-1.470000412800E+00

-0.00296
-0.00257
-0.00237
-0.00276
-0.00218
-0.00257
-0.00296
-0.00315
-0.00315
-0.00276
-0.00296
-0.00296
-0.00315
-0.00315
-0.00257
-0.00296
-0.00315
-0.00335
-0.00354
-0.00335
-0.00276
-0.00276
-0.00276
-0.00354
-0.00354
-0.00296
-0.00335
-0.00315
-0.00276
-0.00276
-0.00276
-0.00335
-0.00296
-0.00315
-0.00296
-0.00315
-0.00315
-0.00276
-0.00296
-0.00296
-0.00276
-0.00276
-0.00276
-0.00335
-0.00335
-0.00354
-0.00335
-0.00354
-0.00354
-0.00354
-0.00354
-0.00296
-0.00296
-0.00335
-0.00296
-0.00354
-0.00354
-0.00335
-0.00257
-0.00335
-0.00335
-0.00315
-0.00276
-0.00315
-0.00335
-0.00335
-0.00354
-0.00393
-0.00374
-0.00354
-0.00354
-0.00374
-0.00374
-0.00374
-0.00354
-0.00413
-0.00413
-0.00374
-0.00354
-0.00335
-0.00335
-0.00315
-0.00257
-0.00335
-0.00296
-0.00315
-0.00315
-0.00335
-0.00315
-0.00296
-0.00276
-0.00315
-0.00296
-0.00335
-0.00315
-0.00335
-0.00354
-0.00393
-0.00315
-0.00354
-0.00315
-0.00335
-0.00315
-0.00335
-0.00335
-0.00296
-0.00315
-0.00374
-0.00315
-0.00374
-0.00335
-0.00354
-0.00335
-0.00296
-0.00335
-0.00354
-0.00276
-0.00315
-0.00335
-0.00354
-0.00354
-0.00276
-0.00354
-0.00393
-0.00335
-0.00335
-0.00335
-0.00315
-0.00296
-0.00276
-0.00276
-0.00315
-0.00276
-0.00315
-0.00315
-0.00315
-0.00296
-0.00257
-0.00257
-0.00276
-0.00276
-0.00315
-0.00296
-0.00257
-0.00276
-0.00257
-0.00296
-0.00296
-0.00296
-0.00296
-0.00296
-0.00276
-0.00296
-0.00237
-0.00276
-0.00257
-0.00257
-0.00257
-0.00296
-0.00276
-0.00296
-0.00218
-0.00257
-0.00276
-0.00276
-0.00296
-0.00276
-0.00315
-0.00296
-0.00296
-0.00315
-0.00335
-0.00335
-0.00335
-0.00296
-0.00335
-0.00354
-0.00335
-0.00354
-0.00276
-0.00276
-0.00276
-0.00315
-0.00257
-0.00276
-0.00276
-0.00296
-0.00296
-0.00315
-0.00257
-0.00315
-0.00296
-0.00335
-0.00296
-0.00276
-0.00296
-0.00335
-0.00315
-0.00296
-0.00315
-0.00335
-0.00315
-0.00335
-0.00335
-0.00315
-0.00315
-0.00354
-0.00276
-0.00276
-0.00218
-0.001
0.00056
0.00212
0.00427
0.0072
0.00974
0.01286
0.01657
0.02029
0.02439
0.02868
0.03279
0.0363
0.04001
0.04353
0.04704
0.05017
0.05388
0.0572
0.06013
0.06364
0.06696
0.07087
0.07419
0.07693
0.08044
0.08318
0.08571
0.08806
0.09021
0.09255
0.09431
0.09529
0.09724
0.0988
0.09958
0.09997
0.10075
0.10173
0.10154
0.10173
0.10173
0.10173
0.10212
0.10212
0.10134
0.10134
0.10056
0.09997
0.09919
0.0988
0.09821
0.09763
0.09665
0.09607
0.09548
0.0947
0.09353
0.09275
0.09216
0.09138
0.09079
0.08923
0.08884
0.08767
0.08611
0.08532
0.08435
0.08318
0.08239
0.08142
0.08005
0.07927
0.07849
0.07732
0.07693
0.07556
0.07478
0.0738
0.07341
0.07185
0.07126
0.07048
0.06911
0.06833
0.06775
0.06716
0.06618
0.06521
0.06443
0.06364
0.06286
0.06208
0.06091
0.06091
0.05974
0.05876
0.05837
0.05739
0.05661
0.05603
0.05544
0.05486
0.05427
0.05349
0.0529
0.05251
0.05173
0.05095
0.05075
0.04997
0.049
0.04841
0.04763
0.04743
0.04704
0.04607
0.04548
0.04548
0.0447
0.04431
0.04333
0.04294
0.04236
0.04177
0.04118
0.0406
0.04021
0.04001
0.03904
0.03904
0.03825
0.03786
0.03728
0.03728
0.03669
0.03611
0.03571
0.03513
0.03493
0.03415
0.03376
0.03318
0.03239
0.0322
0.032
0.03103
0.03103
0.03005
0.02986
0.02907
0.02888
0.02888
0.02888
0.02829
0.02771
0.02732
0.02693
0.02693
0.02654
0.02595
0.02595
0.02536
0.02517
0.02478
0.02439
0.02439
0.02361
0.02341
0.02321
0.02243
0.02263
0.02243
0.02204
0.02126
0.02146
0.02107
0.02087
0.02126
0.02068
0.02029
0.0197
0.02009
0.0195
0.02009
0.01853
0.01931
0.01892
0.01892
0.01833
0.01814
0.01794
0.01794
0.01716
0.01677
0.01638
0.01657
0.01599
0.0156
0.01579
0.0156
0.01482
0.01423
0.01443
0.01443
0.01384
0.01345
0.01404
0.01325
0.01345
0.01345
0.01306
0.01325
0.01306
0.01306
0.01247
0.01228
0.01189
0.0115
0.01169
0.0115
0.01111
0.01052
0.01091
0.01111
0.01071
0.01071
0.01032
0.01091
0.01032
0.00993
0.01013
0.01013
0.00993
0.00954
0.00974
0.00954
0.00896
0.00876
0.00935
0.00896
0.00876
0.00915
0.00876
0.00876
0.00837
0.00837
0.00818
0.00798
0.00779
0.00759
0.00759
0.00759
0.00739
0.00739
0.00739
0.007
0.00661
0.00661
0.00642
0.00681
0.00642
0.00622
0.00661
0.00622
0.00622
0.00583
0.00603
0.00603
0.00544
0.00583
0.00583
0.00525
0.00466
0.00544
0.00525
0.00505
0.00486
0.00505
0.00525
0.00505
0.00486
0.00486
0.00486
0.00466
0.00407
0.00407
0.00427
0.00388
0.00368
0.00427
0.00368
0.00407
0.00368
0.0031
0.00329
0.0031
0.0031
0.0031
0.00329
0.00349
0.00329
0.0031
0.0031
0.0029
0.00232
0.00232
0.00212
0.00193
0.00212
0.00193
0.00251
0.00232
0.00193
0.00193
0.00232
0.00193
0.00154
0.00173
0.00173
0.00134
0.00134
0.00134
0.00173
0.00154
0.00134
0.00114
0.00134
0.00154
0.00134
0.00154
0.00134
0.00134
0.00114
0.00154
0.00154
0.00134
0.00154
0.00173
0.00134
0.00134
0.00134
0.00134
0.00134
0.00114
0.00134
0.00134
0.00154
0.00134
0.00154
0.00134
0.00095
0.00095
0.00075
0.00114
0.00075
0.00056
0.00036
0.00056
0.00056
0.00075
0.00036
0.00017
0.00017
0.00017
0.00017
0.00056
0.00036
0.00017
-3e-05
-0.00022
-0.00042
-3e-05
-0.00042
-0.00042
-0.00042
-0.00081
-0.00061
-0.00042
-0.00061
-0.00061
-0.00061
-0.00042
-0.00022
-0.00042
-0.00081
-0.00061
-0.00081
-0.00061
-0.001
-0.00061
-0.00061
-0.00081
-0.001
-0.0012
-0.0012
-0.00042
-0.00081
-0.00061
-0.00042
-0.001
-0.00081
-0.00061
-0.00061
-0.00081
-0.0012
-0.00061
-0.00081
-0.001
-0.00061
-0.001
-0.001
-0.00081
-0.001
-0.00081
-0.001
-0.001
-0.00159
-0.0012
-0.00081
-0.001
-0.001
-0.0012
-0.001
-0.00139
-0.00139
-0.0012
-0.00179
-0.00179
-0.0012
-0.00139
-0.00139
-0.00159
-0.0012
-0.0012
-0.00179
-0.00139
-0.00159
-0.00159
-0.0012
-0.00139
-0.00159
-0.00159
-0.00139
-0.00159
-0.00159
-0.00159
-0.00159
-0.0012
-0.00179
-0.00159
-0.00179
-0.00198
-0.00159
-0.00179
-0.00198
-0.00218
-0.00257
-0.00257
-0.00237
-0.00218
-0.00218
-0.00218
-0.00218
-0.00237
-0.00276
-0.00237
-0.00237
-0.00276
-0.00218
-0.00218
-0.00237
-0.00257
-0.00296
-0.00257
-0.00276
-0.00296
-0.00296
-0.00257
-0.00276
-0.00296
-0.00315
-0.00257
-0.00276
-0.00257
-0.00257
-0.00276
-0.00276
-0.00315
-0.00257
-0.00257
-0.00257
-0.00218
-0.00218
-0.00257
-0.00198
-0.00218
-0.00237
-0.00276
-0.00276
-0.00179
-0.00237
-0.00237
-0.00218
-0.00257
-0.00198
-0.00237
-0.00198
-0.00237
-0.00296
-0.00296
-0.00237
-0.00218
-0.00218
-0.00218
-0.00218
-0.00179
-0.00237
-0.00179
-0.00159
-0.00159
-0.00237
-0.00237
-0.00237
-0.00257
-0.00237
-0.00237
-0.00257
-0.00237
-0.00218
-0.00276
-0.00296
-0.00315
-0.00257
-0.00257
-0.00257
-0.00276
-0.00296
-0.00276
-0.00276
-0.00257
-0.00315
-0.00315
-0.00276
-0.00257
-0.00257
-0.00257
-0.00276
-0.00296
-0.00296
-0.00237
-0.00257
-0.00257
-0.00276
-0.00315
-0.00257
-0.00237
-0.00296
-0.00276
-0.00276
-0.00276
-0.00276
-0.00257
-0.00276
-0.00237
-0.00296
-0.00237
-0.00198
-0.00237
-0.00218
-0.00198
-0.00218
-0.00257
-0.00257
-0.00257
-0.00257
-0.00237
-0.00257
-0.00296
-0.00237
-0.00257
-0.00257
-0.00335
-0.00296
-0.00315
-0.00296
-0.00315
-0.00276
-0.00276
-0.00276
-0.00276
-0.00276
-0.00257
-0.00296
-0.00315
-0.00296
-0.00276
-0.00276
-0.00315
-0.00315
-0.00296
-0.00315
-0.00315
-0.00257
-0.00335
-0.00276
-0.00257
-0.00276
-0.00237
-0.00237
-0.00276
-0.00315
-0.00296
-0.00296
-0.00296
-0.00276
-0.00315
-0.00296
-0.00296
-0.00296
-0.00296
-0.00315
-0.00315
-0.00296
-0.00296
-0.00335
-0.00335
-0.00315
-0.00315
-0.00315
-0.00354
-0.00315
-0.00315
-0.00296
-0.00335
-0.00315
-0.00335
-0.00354
-0.00354
-0.00335
-0.00335
-0.00315
-0.00296
-0.00315
-0.00296
-0.00276
-0.00257
-0.00296
-0.00315
-0.00296
-0.00257
-0.00276
-0.00218
-0.00257
-0.00257
-0.00257
-0.00315
-0.00276
-0.00296
-0.00296
-0.00237
-0.00276
-0.00276
-0.00237
-0.00257
-0.00296
-0.00257
-0.00315
-0.00296
-0.00315
-0.00315
-0.00296
-0.00296
-0.00276
-0.00257
-0.00296
-0.00296
-0.00335
-0.00354
-0.00296
-0.00296
-0.00335
-0.00315
-0.00315
-0.00315
-0.00354
-0.00335
-0.00335
-0.00315
-0.00296
-0.00315
-0.00335
-0.00354
-0.00335
-0.00335
-0.00296
-0.00315
-0.00315
-0.00315
-0.00315
-0.00296
-0.00315
-0.00374
-0.00315
-0.00276
-0.00315
-0.00315
-0.00315
-0.00354
-0.00354
-0.00354
-0.00335
-0.00335
-0.00335
-0.00315
-0.00354
-0.00374
-0.00374
-0.00354
-0.00374
-0.00354
-0.00393
-0.00315
-0.00354
-0.00335
-0.00354
-0.00374
-0.00374
-0.00315
-0.00335
-0.00296
-0.00315
-0.00296
-0.00354
-0.00315
-0.00296
-0.00315
-0.00315
-0.00296
-0.00315
-0.00257
-0.00257
-0.00237
-0.00198
-0.00257
-0.00237
-0.00276
-0.00257
-0.00257
-0.00218
-0.00218
-0.00257
-0.00218
-0.00237
-0.00237
-0.00237
-0.00218
-0.00257
-0.00257
-0.00257
-0.00296
-0.00276
-0.00257
-0.00276
-0.00276
-0.00257
-0.00276
-0.00315
-0.00296
-0.00296
-0.00276
-0.00276
-0.00315
-0.00315
-0.00296
-0.00335
-0.00335
-0.00296
-0.00315
-0.00335
-0.00374
-0.00393
-0.00315
-0.00315
-0.00315
-0.00335
-0.00276
-0.00335
-0.00315
-0.00354
-0.00296
-0.00276
-0.00315
-0.00296
-0.00276
-0.00335
-0.00335
-0.00374
-0.00374
-0.00354
-0.00335
-0.00315
-0.00237
-0.00296
-0.00257
-0.00296
-0.00257
-0.00276
-0.00315
-0.00296
-0.00296
-0.00276
-0.00257
-0.00296
-0.00296
-0.00237
-0.00237
-0.00257
-0.00257
-0.00218
-0.00237
-0.00257
-0.00296
-0.00257
-0.00237
-0.00237
-0.00237
-0.00257
-0.00257
-0.00237
-0.00198
-0.00218
-0.00237
-0.00237
-0.00237
-0.00296
-0.00276
-0.00315
-0.00296
-0.00335
-0.00315
-0.00296
-0.00296
-0.00315
-0.00257
-0.00296
-0.00276
-0.00257
-0.00296
-0.00296
-0.00276
-0.00315
-0.00315
-0.00296
-0.00335
-0.00335
-0.00335
-0.00315
-0.00354
-0.00354
-0.00335
-0.00374
-0.00374
-0.00335
-0.00374
-0.00335
-0.00335
-0.00315
-0.00315
-0.00335
-0.00315
-0.00374
-0.00315
-0.00315
-0.00315
-0.00315
-0.00315
-0.00296
-0.00315
-0.00315
-0.00296
-0.00276
-0.00315
-0.00335
-0.00315
-0.00335
-0.00296
-0.00335
-0.00315
-0.00315
-0.00335
-0.00315
-0.00315
-0.00315
-0.00296
-0.00296
-0.00315
-0.00374
-0.00335
-0.00296
-0.00335
-0.00315
-0.00335
-0.00354
-0.00354
-0.00296
-0.00296
-0.00335
-0.00315
-0.00335
-0.00354
-0.00335
-0.00354
-0.00335
-0.00315
-0.00315
-0.00354
-0.00315
-0.00354
-0.00335
-0.00335
-0.00335
-0.00335
-0.00354
-0.00335
-0.00354
-0.00335
-0.00335
-0.00374
-0.00335
-0.00296
-0.00354
-0.00315
-0.00354
-0.00393
-0.00393
-0.00354
-0.00374
-0.00335
-0.00393
-0.00354
-0.00413
-0.00393
-0.00413
-0.00413
-0.00393
-0.00354
-0.00315
-0.00393
-0.00354
-0.00315
-0.00374
-0.00393
-0.00393
-0.00315
-0.00335
-0.00315
-0.00335
-0.00354
-0.00335
-0.00296
-0.00296
-0.00257
-0.00315
-0.00276
-0.00315
-0.00257
-0.00276
-0.00257
-0.00276
-0.00276
-0.00257
-0.00257
-0.00257
-0.00237
-0.00257
-0.00257
-0.00237
-0.00296
-0.00296
-0.00296
-0.00315
-0.00374
-0.00315
-0.00354
-0.00354
-0.00335
-0.00315
-0.00354
-0.00354
