-1.887000528000E+00

-0.00296
-0.00296
-0.00354
-0.00354
-0.00335
-0.00354
-0.00354
-0.00354
-0.00354
-0.00335
-0.00315
-0.00315
-0.00335
-0.00393
-0.00374
-0.00335
-0.00354
-0.00335
-0.00354
-0.00296
-0.00354
-0.00374
-0.00354
-0.00354
-0.00296
-0.00315
-0.00276
-0.00315
-0.00315
-0.00315
-0.00335
-0.00335
-0.00315
-0.00315
-0.00315
-0.00296
-0.00335
-0.00296
-0.00257
-0.00276
-0.00276
-0.00315
-0.00276
-0.00257
-0.00296
-0.00296
-0.00354
-0.00257
-0.00296
-0.00296
-0.00335
-0.00276
-0.00296
-0.00354
-0.00276
-0.00354
-0.00354
-0.00335
-0.00296
-0.00276
-0.00335
-0.00315
-0.00335
-0.00354
-0.00335
-0.00315
-0.00335
-0.00335
-0.00296
-0.00374
-0.00315
-0.00374
-0.00374
-0.00374
-0.00354
-0.00315
-0.00315
-0.00335
-0.00296
-0.00335
-0.00315
-0.00315
-0.00296
-0.00315
-0.00354
-0.00393
-0.00276
-0.00315
-0.00335
-0.00354
-0.00296
-0.00315
-0.00296
-0.00374
-0.00335
-0.00315
-0.00315
-0.00374
-0.00296
-0.00335
-0.00354
-0.00335
-0.00276
-0.00354
-0.00315
-0.00374
-0.00315
-0.00315
-0.00315
-0.00296
-0.00296
-0.00276
-0.00296
-0.00354
-0.00315
-0.00315
-0.00296
-0.00276
-0.00296
-0.00335
-0.00315
-0.00354
-0.00296
-0.00335
-0.00315
-0.00296
-0.00296
-0.00276
-0.00296
-0.00335
-0.00296
-0.00315
-0.00335
-0.00315
-0.00257
-0.00315
-0.00315
-0.00354
-0.00335
-0.00296
-0.00296
-0.00315
-0.00296
-0.00296
-0.00296
-0.00296
-0.00257
-0.00257
-0.00276
-0.00296
-0.00276
-0.00296
-0.00315
-0.00315
-0.00296
-0.00315
-0.00315
-0.00335
-0.00354
-0.00354
-0.00335
-0.00315
-0.00354
-0.00315
-0.00296
-0.00296
-0.00257
-0.00296
-0.00315
-0.00335
-0.00354
-0.00393
-0.00393
-0.00335
-0.00335
-0.00354
-0.00354
-0.00335
-0.00315
-0.00335
-0.00354
-0.00374
-0.00335
-0.00413
-0.00393
-0.00374
-0.00354
-0.00335
-0.00374
-0.00374
-0.00393
-0.00315
-0.00335
-0.00315
-0.00354
-0.00335
-0.00354
-0.00374
-0.00315
-0.00315
-0.00315
-0.00315
-0.00296
-0.00315
-0.00315
-0.00296
-0.00296
-0.00315
-0.00296
-0.00335
-0.00335
-0.00237
-0.00237
-0.00198
-0.00022
0.00212
0.00407
0.00603
0.00818
0.01052
0.01267
0.01501
0.01696
0.01872
0.02048
0.02243
0.02439
0.02673
0.02946
0.03259
0.03669
0.04021
0.0445
0.04802
0.05212
0.05642
0.06052
0.06482
0.06872
0.07263
0.07654
0.07966
0.08337
0.08611
0.08845
0.09118
0.09353
0.09509
0.09665
0.09841
0.09958
0.10134
0.10173
0.10271
0.1031
0.10349
0.10427
0.10427
0.10447
0.10447
0.10427
0.10368
0.10388
0.10329
0.10271
0.10271
0.10232
0.10212
0.10095
0.10036
0.09939
0.099
0.09861
0.09782
0.09646
0.09607
0.09509
0.09392
0.09294
0.09216
0.09099
0.08962
0.08923
0.08806
0.08728
0.0865
0.08513
0.08435
0.08337
0.082
0.08161
0.08025
0.07927
0.07849
0.07712
0.07614
0.07556
0.07458
0.0738
0.07243
0.07146
0.07029
0.0697
0.06892
0.06833
0.06696
0.06618
0.0654
0.06482
0.06443
0.06325
0.06267
0.0615
0.06071
0.05993
0.05896
0.05876
0.05759
0.05739
0.05681
0.05603
0.05525
0.05446
0.05349
0.0531
0.05212
0.05114
0.05095
0.05017
0.04958
0.04919
0.04841
0.04782
0.04724
0.04685
0.04587
0.04489
0.0447
0.04411
0.04333
0.04314
0.04294
0.04255
0.04177
0.0406
0.0404
0.03982
0.03884
0.03904
0.03806
0.03806
0.03708
0.03747
0.03689
0.03591
0.03611
0.03532
0.03513
0.03474
0.03396
0.03318
0.03279
0.03279
0.032
0.03181
0.03064
0.03025
0.02966
0.03005
0.02966
0.02946
0.02927
0.0281
0.02829
0.02751
0.02732
0.02712
0.02693
0.02712
0.02654
0.02634
0.02614
0.02575
0.02536
0.02517
0.02439
0.02478
0.02419
0.0238
0.02302
0.0238
0.02321
0.02282
0.02204
0.02204
0.02126
0.02165
0.02107
0.02126
0.02107
0.02048
0.02068
0.02009
0.0197
0.01911
0.01911
0.01911
0.01872
0.01853
0.01755
0.01677
0.01657
0.01638
0.01638
0.01599
0.01599
0.01599
0.01579
0.0154
0.0154
0.01501
0.01482
0.01482
0.01501
0.01482
0.01443
0.01384
0.01384
0.01404
0.01443
0.01404
0.01423
0.01364
0.01306
0.01325
0.01325
0.01345
0.01345
0.01286
0.01228
0.01228
0.01286
0.01247
0.01228
0.01208
0.01189
0.01169
0.01111
0.0113
0.01071
0.01111
0.01071
0.01052
0.00993
0.01052
0.00954
0.00954
0.00954
0.00915
0.00876
0.00876
0.00876
0.00837
0.00837
0.00798
0.00759
0.00759
0.00739
0.00739
0.00739
0.0072
0.00661
0.00661
0.00661
0.00622
0.00622
0.00642
0.00603
0.00622
0.00603
0.00544
0.00544
0.00525
0.00564
0.00544
0.00525
0.00525
0.00544
0.00525
0.00525
0.00446
0.00466
0.00466
0.00446
0.00486
0.00466
0.00427
0.00427
0.00446
0.00466
0.00407
0.00407
0.00329
0.00407
0.00388
0.00388
0.00349
0.00368
0.00388
0.00349
0.0031
0.00329
0.00349
0.00388
0.0031
0.00349
0.00329
0.0031
0.0029
0.0029
0.0029
0.00271
0.00251
0.00251
0.00193
0.00232
0.00212
0.00271
0.00212
0.00212
0.00193
0.00212
0.00193
0.00212
0.00232
0.00212
0.00173
0.00232
0.00173
0.00154
0.00173
0.00232
0.00232
0.00212
0.00173
0.00173
0.00173
0.00193
0.00134
0.00154
0.00154
0.00134
0.00114
0.00095
0.00095
0.00114
0.00114
0.00134
0.00056
0.00114
0.00075
0.00075
0.00114
0.00075
0.00075
0.00056
0.00095
0.00036
0.00036
0.00095
0.00075
0.00075
0.00036
-3e-05
-3e-05
0.00036
-3e-05
-3e-05
0.00036
-0.00042
-0.00022
-0.00022
-3e-05
0.00017
-3e-05
-3e-05
-3e-05
0.00017
0.00036
-3e-05
0.00036
0.00075
0.00056
0.00036
0.00056
-0.00022
-0.00042
-3e-05
0.00056
0.00017
0.00017
0.00017
-0.00022
-3e-05
-0.00042
-0.00081
-0.00022
-0.00022
-0.00061
-0.00042
-0.00081
-0.00081
-0.00081
-0.00081
-0.00061
-0.0012
-0.001
-0.00081
-0.0012
-0.00139
-0.00139
-0.00139
-0.0012
-0.001
-0.001
-0.001
-0.001
-0.0012
-0.00159
-0.00159
-0.0012
-0.00159
-0.00159
-0.0012
-0.00139
-0.00159
-0.00198
-0.00159
-0.00218
-0.00198
-0.00179
-0.00179
-0.00179
-0.00179
-0.00179
-0.00139
-0.00198
-0.00179
-0.00198
-0.00198
-0.00198
-0.00159
-0.00179
-0.00179
-0.00198
-0.00159
-0.00159
-0.00159
-0.00179
-0.00218
-0.00179
-0.00198
-0.00218
-0.00218
-0.00218
-0.00179
-0.00198
-0.00237
-0.00179
-0.00159
-0.00179
-0.00179
-0.00179
-0.00237
-0.00218
-0.00257
-0.00237
-0.00257
-0.00237
-0.00257
-0.00257
-0.00257
-0.00296
-0.00296
-0.00237
-0.00296
-0.00237
-0.00276
-0.00257
-0.00237
-0.00218
-0.00257
-0.00218
-0.00257
-0.00218
-0.00218
-0.00237
-0.00237
-0.00237
-0.00198
-0.00237
-0.00218
-0.00179
-0.00198
-0.00218
-0.00218
-0.00257
-0.00237
-0.00237
-0.00257
-0.00276
-0.00296
-0.00276
-0.00257
-0.00296
-0.00296
-0.00296
-0.00296
-0.00315
-0.00276
-0.00296
-0.00315
-0.00276
-0.00276
-0.00276
-0.00315
-0.00276
-0.00257
-0.00257
-0.00315
-0.00257
-0.00276
-0.00296
-0.00276
-0.00276
-0.00276
-0.00296
-0.00315
-0.00296
-0.00276
-0.00257
-0.00257
-0.00218
-0.00276
-0.00276
-0.00237
-0.00218
-0.00257
-0.00237
-0.00198
-0.00237
-0.00179
-0.00179
-0.00198
-0.00218
-0.00257
-0.00257
-0.00257
-0.00218
-0.00257
-0.00237
-0.00237
-0.00237
-0.00179
-0.00198
-0.00179
-0.00198
-0.00179
-0.00237
-0.00237
-0.00218
-0.00237
-0.00257
-0.00276
-0.00237
-0.00276
-0.00237
-0.00237
-0.00257
-0.00276
-0.00257
-0.00276
-0.00296
-0.00296
-0.00237
-0.00237
-0.00257
-0.00276
-0.00218
-0.00276
-0.00237
-0.00257
-0.00237
-0.00257
-0.00257
-0.00315
-0.00296
-0.00296
-0.00296
-0.00276
-0.00276
-0.00276
-0.00296
-0.00257
-0.00237
-0.00276
-0.00257
-0.00315
-0.00276
-0.00315
-0.00257
-0.00276
-0.00276
-0.00276
-0.00257
-0.00276
-0.00296
-0.00296
-0.00296
-0.00276
-0.00296
-0.00315
-0.00296
-0.00315
-0.00296
-0.00296
-0.00354
-0.00315
-0.00315
-0.00315
-0.00257
-0.00296
-0.00296
-0.00315
-0.00315
-0.00315
-0.00296
-0.00335
-0.00296
-0.00315
-0.00257
-0.00315
-0.00237
-0.00296
-0.00257
-0.00296
-0.00276
-0.00257
-0.00237
-0.00276
-0.00257
-0.00257
-0.00257
-0.00237
-0.00237
-0.00257
-0.00276
-0.00315
-0.00276
-0.00276
-0.00237
-0.00296
-0.00296
-0.00276
-0.00237
-0.00315
-0.00257
-0.00335
-0.00296
-0.00315
-0.00237
-0.00335
-0.00354
-0.00374
-0.00374
-0.00315
-0.00296
-0.00335
-0.00374
-0.00335
-0.00374
-0.00393
-0.00374
-0.00354
-0.00354
-0.00335
-0.00315
-0.00354
-0.00354
-0.00354
-0.00354
-0.00335
-0.00374
-0.00315
-0.00315
-0.00354
-0.00335
-0.00296
-0.00296
-0.00296
-0.00276
-0.00296
-0.00296
-0.00296
-0.00296
-0.00296
-0.00315
-0.00276
-0.00237
-0.00276
-0.00218
-0.00276
-0.00257
-0.00276
-0.00296
-0.00257
-0.00257
-0.00276
-0.00237
-0.00257
-0.00237
-0.00276
-0.00257
-0.00315
-0.00237
-0.00315
-0.00296
-0.00296
-0.00257
-0.00276
-0.00296
-0.00315
-0.00315
-0.00335
-0.00335
-0.00276
-0.00315
-0.00335
-0.00354
-0.00296
-0.00315
-0.00335
-0.00335
-0.00315
-0.00315
-0.00296
-0.00296
-0.00315
-0.00296
-0.00276
-0.00257
-0.00296
-0.00296
-0.00335
-0.00354
-0.00276
-0.00315
-0.00296
-0.00354
-0.00315
-0.00315
-0.00276
-0.00354
-0.00335
-0.00354
-0.00335
-0.00315
-0.00315
-0.00315
-0.00315
-0.00335
-0.00296
-0.00335
-0.00354
-0.00354
-0.00354
-0.00296
-0.00374
-0.00315
-0.00315
-0.00335
-0.00296
-0.00276
-0.00296
-0.00257
-0.00296
-0.00296
-0.00296
-0.00296
-0.00315
-0.00276
-0.00315
-0.00296
-0.00354
-0.00354
-0.00354
-0.00315
-0.00335
-0.00335
-0.00354
-0.00296
-0.00296
-0.00276
-0.00257
-0.00315
-0.00296
-0.00276
-0.00276
-0.00296
-0.00315
-0.00315
-0.00315
-0.00276
-0.00276
-0.00296
-0.00335
-0.00315
-0.00315
-0.00296
-0.00276
-0.00257
-0.00296
-0.00296
-0.00276
-0.00315
-0.00276
-0.00296
-0.00257
-0.00276
-0.00296
-0.00296
-0.00296
-0.00315
-0.00335
-0.00296
-0.00296
-0.00315
-0.00335
-0.00315
-0.00315
-0.00354
-0.00354
-0.00354
-0.00315
-0.00374
-0.00354
-0.00335
-0.00335
-0.00315
-0.00315
-0.00315
-0.00335
-0.00335
-0.00335
-0.00315
-0.00276
-0.00335
-0.00335
-0.00315
-0.00276
-0.00296
-0.00335
-0.00354
-0.00315
-0.00335
-0.00315
-0.00315
-0.00276
-0.00257
-0.00257
-0.00257
-0.00218
-0.00296
-0.00315
-0.00354
-0.00335
-0.00354
-0.00335
-0.00315
-0.00354
-0.00315
-0.00335
-0.00354
-0.00374
-0.00315
-0.00354
-0.00335
-0.00374
-0.00354
-0.00374
-0.00354
-0.00354
-0.00393
-0.00393
-0.00354
-0.00393
-0.00374
-0.00393
-0.00413
-0.00393
-0.00374
-0.00393
-0.00374
-0.00374
-0.00354
-0.00413
-0.00491
-0.00393
-0.00393
-0.00393
-0.00335
-0.00374
-0.00393
-0.00374
-0.00374
-0.00354
-0.00315
-0.00335
-0.00354
-0.00315
-0.00296
-0.00315
-0.00296
-0.00276
-0.00296
-0.00296
-0.00315
-0.00354
-0.00354
-0.00335
-0.00354
-0.00296
-0.00315
-0.00374
-0.00315
-0.00354
-0.00276
-0.00315
-0.00296
-0.00335
-0.00296
-0.00276
-0.00237
-0.00257
-0.00276
-0.00335
-0.00276
-0.00296
-0.00315
-0.00315
-0.00335
-0.00335
-0.00315
-0.00315
-0.00335
-0.00335
-0.00315
-0.00315
-0.00296
-0.00296
-0.00296
-0.00374
-0.00296
-0.00296
-0.00296
-0.00296
-0.00296
-0.00257
-0.00276
-0.00257
-0.00257
-0.00296
-0.00296
-0.00296
-0.00237
-0.00257
-0.00276
-0.00276
-0.00315
-0.00374
-0.00335
-0.00315
-0.00315
-0.00354
-0.00374
-0.00335
-0.00432
-0.00374
-0.00413
-0.00374
-0.00393
-0.00393
-0.00413
-0.00393
-0.00413
-0.00393
-0.00374
-0.00413
-0.00432
-0.00374
