-1.150000320000E-01

-0.00218
-0.00276
-0.00257
-0.00335
-0.00296
-0.00276
-0.00257
-0.00276
-0.00257
-0.00335
-0.00296
-0.00315
-0.00335
-0.00296
-0.00315
-0.00335
-0.00315
-0.00296
-0.00276
-0.00276
-0.00257
-0.00257
-0.00296
-0.00276
-0.00296
-0.00315
-0.00257
-0.00315
-0.00296
-0.00296
-0.00315
-0.00276
-0.00276
-0.00315
-0.00257
-0.00276
-0.00257
-0.00257
-0.00257
-0.00257
-0.00296
-0.00296
-0.00296
-0.00257
-0.00257
-0.00257
-0.00276
-0.00257
-0.00276
-0.00296
-0.00296
-0.00354
-0.00296
-0.00315
-0.00315
-0.00335
-0.00296
-0.00315
-0.00276
-0.00335
-0.00354
-0.00354
-0.00354
-0.00335
-0.00315
-0.00335
-0.00296
-0.00315
-0.00296
-0.00276
-0.00315
-0.00315
-0.00296
-0.00237
-0.00237
-0.00296
-0.00315
-0.00296
-0.00276
-0.00296
-0.00276
-0.00315
-0.00296
-0.00276
-0.00335
-0.00315
-0.00315
-0.00296
-0.00276
-0.00315
-0.00315
-0.00276
-0.00335
-0.00335
-0.00296
-0.00335
-0.00296
-0.00296
-0.00276
-0.00315
-0.00296
-0.00257
-0.00296
-0.00257
-0.00257
-0.00237
-0.00257
-0.00276
-0.00354
-0.00296
-0.00257
-0.00276
-0.00237
-0.00296
-0.00257
-0.00237
-0.00257
-0.00237
-0.00257
-0.00237
-0.00257
-0.00198
-0.00218
-0.00237
-0.00257
-0.00237
-0.00237
-0.00218
-0.00257
-0.00257
-0.00237
-0.00257
-0.00218
-0.00218
-0.00237
-0.00257
-0.00276
-0.00218
-0.00218
-0.00276
-0.00276
-0.00296
-0.00257
-0.00276
-0.00315
-0.00276
-0.00257
-0.00257
-0.00257
-0.00276
-0.00276
-0.00335
-0.00257
-0.00257
-0.00276
-0.00276
-0.00276
-0.00237
-0.00276
-0.00257
-0.00276
-0.00276
-0.00296
-0.00276
-0.00237
-0.00198
-0.00257
-0.00296
-0.00237
-0.00237
-0.00257
-0.00296
-0.00237
-0.00237
-0.00218
-0.00218
-0.00159
-0.00218
-0.00218
-0.00218
-0.00218
-0.00237
-0.00237
-0.00237
-0.00179
-0.00218
-0.00237
-0.00257
-0.00257
-0.00218
-0.00276
-0.00315
-0.00257
-0.00218
-0.00218
-0.00257
-0.00218
-0.00198
-0.00179
-0.00237
-0.00257
-0.00237
-0.00237
-0.00257
-0.00237
-0.00237
-0.00218
-0.00218
-0.00218
-0.00257
-0.00237
-0.00139
-0.00081
0.00095
0.00154
0.00232
0.00388
0.00466
0.00564
0.00642
0.00759
0.00857
0.00993
0.0113
0.01286
0.01501
0.01638
0.01911
0.02165
0.02478
0.02829
0.03181
0.03552
0.03864
0.04196
0.04548
0.04802
0.05075
0.05329
0.05505
0.05759
0.05915
0.06052
0.0615
0.06306
0.06443
0.0654
0.0656
0.06657
0.06775
0.06775
0.06853
0.06911
0.06931
0.06931
0.0697
0.0697
0.0695
0.06911
0.06931
0.06892
0.06833
0.06833
0.06755
0.06716
0.06716
0.06657
0.06618
0.0656
0.06482
0.06423
0.06364
0.06345
0.06286
0.06228
0.06169
0.0615
0.06032
0.05974
0.05935
0.05857
0.05798
0.05759
0.05603
0.05525
0.05486
0.05427
0.05329
0.05271
0.05212
0.05154
0.05095
0.05056
0.04958
0.04939
0.04861
0.04763
0.04685
0.04646
0.04587
0.04548
0.04509
0.04411
0.04333
0.04314
0.04216
0.04177
0.04099
0.04021
0.0404
0.03982
0.03943
0.03884
0.03806
0.03747
0.03728
0.03669
0.03611
0.03571
0.03571
0.03571
0.03493
0.03435
0.03415
0.03376
0.03337
0.03279
0.032
0.0322
0.03181
0.03142
0.03083
0.03044
0.02986
0.02946
0.02907
0.02888
0.02849
0.02829
0.0279
0.02771
0.02712
0.02693
0.02712
0.02614
0.02634
0.02556
0.02497
0.02478
0.02497
0.02439
0.02419
0.02361
0.02282
0.02282
0.02204
0.02204
0.02185
0.02204
0.02146
0.02087
0.02087
0.02048
0.02009
0.01989
0.0195
0.01892
0.01892
0.01892
0.01814
0.01814
0.01755
0.01814
0.01794
0.01716
0.01716
0.01716
0.01677
0.01657
0.01638
0.01618
0.01579
0.01599
0.01579
0.0156
0.01501
0.01501
0.01482
0.01443
0.01443
0.01404
0.01404
0.01384
0.01364
0.01384
0.01345
0.01325
0.01306
0.01247
0.01267
0.01267
0.01247
0.01228
0.01189
0.01208
0.01189
0.01169
0.01111
0.0113
0.01111
0.01071
0.01052
0.01052
0.01013
0.01013
0.01013
0.01052
0.01013
0.00935
0.00954
0.00915
0.00915
0.00896
0.00935
0.00857
0.00915
0.00876
0.00837
0.00857
0.00857
0.00837
0.00818
0.00857
0.00798
0.00837
0.00759
0.00759
0.00779
0.00759
0.00739
0.007
0.00779
0.007
0.00739
0.00739
0.007
0.007
0.007
0.00681
0.00642
0.00622
0.00603
0.00564
0.00603
0.00564
0.00564
0.00603
0.00564
0.00544
0.00544
0.00486
0.00525
0.00505
0.00466
0.00427
0.00466
0.00446
0.00466
0.00427
0.00446
0.00427
0.00407
0.00427
0.00407
0.00407
0.00388
0.00368
0.00368
0.00407
0.00388
0.00368
0.00349
0.00329
0.0029
0.00349
0.00368
0.00349
0.00329
0.00329
0.00329
0.0031
0.00349
0.00349
0.0031
0.0029
0.0031
0.0031
0.00271
0.0031
0.0031
0.00271
0.00251
0.00232
0.00232
0.00232
0.00251
0.00251
0.00232
0.00232
0.00212
0.00193
0.00154
0.00193
0.00193
0.00173
0.00154
0.00193
0.00173
0.00134
0.00114
0.00134
0.00154
0.00114
0.00095
0.00056
0.00114
0.00114
0.00154
0.00134
0.00095
0.00095
0.00114
0.00095
0.00114
0.00114
0.00134
0.00114
0.00134
0.00134
0.00154
0.00114
0.00114
0.00154
0.00075
0.00075
0.00075
0.00095
0.00075
0.00075
0.00056
0.00056
0.00056
-3e-05
0.00075
0.00056
-3e-05
0.00036
0.00036
0.00036
0.00017
-0.00022
-0.00042
-3e-05
-0.00061
-3e-05
-0.00042
-0.00042
-0.00081
-0.00081
-0.00042
-0.00042
-0.00081
-0.00061
-0.001
-0.00061
-0.001
-0.00081
-0.001
-0.00081
-0.00081
-0.00081
-0.0012
-0.001
-0.00139
-0.00081
-0.00061
-0.00081
-0.00081
-0.001
-0.001
-0.001
-0.001
-0.00022
-0.00061
-0.00081
-0.001
-0.0012
-0.00081
-0.00081
-0.00061
-0.00081
-0.00042
-0.00061
-0.00081
-0.00061
-0.00061
-0.00022
-0.00042
-0.00061
-0.001
-0.001
-0.0012
-0.001
-0.00081
-0.00081
-0.00061
-0.00081
-0.00061
-0.00061
-0.00081
-0.001
-0.0012
-0.00139
-0.001
-0.00159
-0.0012
-0.00081
-0.00159
-0.00159
-0.0012
-0.0012
-0.00179
-0.00179
-0.00179
-0.00159
-0.00198
-0.00159
-0.00179
-0.0012
-0.001
-0.0012
-0.00198
-0.00198
-0.00198
-0.00159
-0.0012
-0.00179
-0.00198
-0.00179
-0.00218
-0.00179
-0.00198
-0.00198
-0.00139
-0.00159
-0.00198
-0.00179
-0.00159
-0.00159
-0.00159
-0.00159
-0.00179
-0.00179
-0.00159
-0.00198
-0.00198
-0.00159
-0.00159
-0.00198
-0.00139
-0.00139
-0.00198
-0.00159
-0.00198
-0.00159
-0.00179
-0.00179
-0.00159
-0.00159
-0.00179
-0.00159
-0.00139
-0.00159
-0.00198
-0.00198
-0.00198
-0.00139
-0.00159
-0.00159
-0.00139
-0.00139
-0.0012
-0.00179
-0.00159
-0.00139
-0.00179
-0.00159
-0.00159
-0.0012
-0.00179
-0.0012
-0.00139
-0.00139
-0.00179
-0.00159
-0.00159
-0.00237
-0.00179
-0.00179
-0.00159
-0.00179
-0.00276
-0.00198
-0.00198
-0.00257
-0.00257
-0.00315
-0.00257
-0.00276
-0.00257
-0.00237
-0.00315
-0.00257
-0.00296
-0.00257
-0.00237
-0.00276
-0.00257
-0.00257
-0.00257
-0.00257
-0.00257
-0.00296
-0.00257
-0.00237
-0.00237
-0.00257
-0.00198
-0.00237
-0.00237
-0.00218
-0.00198
-0.00237
-0.00257
-0.00179
-0.00139
-0.00159
-0.00179
-0.00159
-0.00198
-0.00159
-0.00218
-0.00179
-0.00159
-0.00179
-0.00237
-0.00159
-0.00198
-0.00218
-0.00179
-0.00179
-0.00198
-0.00218
-0.00218
-0.00198
-0.00218
-0.00198
-0.00257
-0.00218
-0.00257
-0.00237
-0.00296
-0.00218
-0.00198
-0.00218
-0.00237
-0.00257
-0.00198
-0.00218
-0.00237
-0.00237
-0.00237
-0.00218
-0.00276
-0.00218
-0.00198
-0.00198
-0.00198
-0.00237
-0.00296
-0.00257
-0.00218
-0.00257
-0.00237
-0.00257
-0.00276
-0.00296
-0.00276
-0.00296
-0.00296
-0.00257
-0.00296
-0.00276
-0.00257
-0.00276
-0.00257
-0.00218
-0.00257
-0.00218
-0.00218
-0.00218
-0.00218
-0.00237
-0.00237
-0.00296
-0.00276
-0.00237
-0.00257
-0.00198
-0.00276
-0.00237
-0.00237
-0.00257
-0.00257
-0.00237
-0.00198
-0.00198
-0.00237
-0.00237
-0.00198
-0.00218
-0.00198
-0.00139
-0.00179
-0.00159
-0.00237
-0.00218
-0.00198
-0.00179
-0.00159
-0.00139
-0.00218
-0.00179
-0.00218
-0.00237
-0.00179
-0.00198
-0.00179
-0.00179
-0.00257
-0.00198
-0.00237
-0.00218
-0.00179
-0.00198
-0.00218
-0.00179
-0.00237
-0.00237
-0.00237
-0.00198
-0.00237
-0.00218
-0.00237
-0.00198
-0.00257
-0.00198
-0.00276
-0.00276
-0.00276
-0.00257
-0.00296
-0.00257
-0.00276
-0.00257
-0.00296
-0.00315
-0.00296
-0.00315
-0.00276
-0.00276
-0.00257
-0.00296
-0.00276
-0.00296
-0.00257
-0.00257
-0.00276
-0.00237
-0.00198
-0.00237
-0.00276
-0.00257
-0.00237
-0.00257
-0.00276
-0.00276
-0.00257
-0.00276
-0.00296
-0.00257
-0.00237
-0.00315
-0.00276
-0.00257
-0.00257
-0.00237
-0.00257
-0.00276
-0.00257
-0.00198
-0.00218
-0.00257
-0.00218
-0.00237
-0.00218
-0.00276
-0.00276
-0.00257
-0.00296
-0.00296
-0.00296
-0.00257
-0.00315
-0.00296
-0.00257
-0.00296
-0.00335
-0.00315
-0.00315
-0.00257
-0.00335
-0.00296
-0.00276
-0.00296
-0.00315
-0.00315
-0.00315
-0.00257
-0.00296
-0.00276
-0.00296
-0.00296
-0.00276
-0.00257
-0.00257
-0.00296
-0.00296
-0.00276
-0.00296
-0.00276
-0.00296
-0.00296
-0.00296
-0.00276
-0.00335
-0.00276
-0.00296
-0.00276
-0.00276
-0.00237
-0.00276
-0.00257
-0.00315
-0.00257
-0.00257
-0.00257
-0.00296
-0.00237
-0.00218
-0.00237
-0.00296
-0.00237
-0.00257
-0.00237
-0.00257
-0.00198
-0.00237
-0.00218
-0.00315
-0.00257
-0.00276
-0.00257
-0.00296
-0.00218
-0.00237
-0.00237
-0.00276
-0.00237
-0.00237
-0.00276
-0.00257
-0.00218
-0.00218
-0.00198
-0.00237
-0.00257
-0.00296
-0.00237
-0.00276
-0.00218
-0.00237
-0.00218
-0.00198
-0.00218
-0.00237
-0.00237
-0.00276
-0.00218
-0.00276
-0.00198
-0.00218
-0.00179
-0.00198
-0.00159
-0.00139
-0.00159
-0.00159
-0.00198
-0.00198
-0.00179
-0.00159
-0.00198
-0.00218
-0.00198
-0.00218
-0.00237
-0.00218
-0.00218
-0.00218
-0.00257
-0.00276
-0.00276
-0.00237
-0.00276
-0.00315
-0.00276
-0.00315
-0.00276
-0.00276
-0.00257
-0.00315
-0.00315
-0.00335
-0.00335
-0.00296
-0.00296
-0.00257
-0.00276
-0.00257
-0.00257
-0.00296
-0.00257
-0.00257
-0.00237
-0.00237
-0.00218
-0.00198
-0.00237
-0.00257
-0.00237
-0.00237
-0.00237
-0.00218
-0.00257
-0.00218
-0.00179
-0.00257
-0.00218
-0.00218
-0.00218
-0.00237
-0.00237
-0.00237
-0.00315
-0.00257
-0.00257
-0.00276
-0.00296
-0.00354
-0.00296
-0.00315
-0.00257
-0.00296
-0.00276
-0.00296
-0.00257
-0.00296
-0.00276
-0.00296
-0.00276
-0.00296
-0.00296
-0.00276
-0.00296
-0.00296
-0.00335
-0.00315
-0.00335
-0.00354
-0.00315
-0.00276
-0.00296
-0.00296
-0.00335
-0.00296
-0.00296
-0.00335
-0.00354
-0.00335
-0.00315
-0.00296
-0.00276
-0.00315
-0.00276
-0.00296
-0.00296
-0.00335
-0.00257
-0.00257
-0.00257
-0.00296
-0.00237
-0.00276
-0.00257
-0.00276
-0.00257
-0.00257
-0.00218
-0.00218
-0.00237
-0.00237
-0.00276
-0.00257
-0.00257
-0.00276
-0.00257
-0.00257
-0.00315
-0.00296
-0.00315
-0.00257
-0.00296
-0.00315
-0.00257
-0.00257
-0.00237
-0.00276
-0.00237
-0.00296
-0.00296
-0.00276
-0.00237
-0.00218
-0.00237
-0.00237
-0.00218
-0.00198
-0.00257
-0.00276
-0.00296
-0.00296
-0.00276
-0.00257
-0.00257
-0.00276
-0.00276
-0.00276
-0.00276
-0.00276
-0.00276
-0.00276
-0.00276
-0.00198
-0.00315
-0.00315
-0.00237
-0.00315
-0.00296
-0.00296
-0.00276
-0.00296
-0.00315
-0.00315
-0.00315
-0.00315
-0.00335
-0.00374
-0.00296
-0.00335
-0.00335
-0.00296
-0.00354
-0.00296
-0.00315
-0.00315
-0.00354
-0.00354
-0.00296
-0.00315
