-4.390001248000E-01

-0.00237
-0.00237
-0.00257
-0.00257
-0.00218
-0.00257
-0.00257
-0.00276
-0.00237
-0.00237
-0.00237
-0.00296
-0.00276
-0.00257
-0.00296
-0.00315
-0.00257
-0.00257
-0.00237
-0.00218
-0.00198
-0.00257
-0.00237
-0.00198
-0.00198
-0.00179
-0.00218
-0.00237
-0.00257
-0.00218
-0.00218
-0.00237
-0.00198
-0.00237
-0.00218
-0.00237
-0.00218
-0.00237
-0.00198
-0.00276
-0.00296
-0.00198
-0.00218
-0.00198
-0.00218
-0.00198
-0.00179
-0.00198
-0.00218
-0.00237
-0.00198
-0.00159
-0.00198
-0.00179
-0.00237
-0.00257
-0.00257
-0.00237
-0.00218
-0.00218
-0.00237
-0.00257
-0.00276
-0.00257
-0.00257
-0.00237
-0.00257
-0.00276
-0.00237
-0.00237
-0.00237
-0.00237
-0.00218
-0.00198
-0.00218
-0.00237
-0.00218
-0.00179
-0.00179
-0.00237
-0.00198
-0.00198
-0.00179
-0.00198
-0.00139
-0.00218
-0.00237
-0.00276
-0.00198
-0.00218
-0.00257
-0.00237
-0.00257
-0.00218
-0.00237
-0.00257
-0.00315
-0.00237
-0.00237
-0.00276
-0.00237
-0.00296
-0.00237
-0.00276
-0.00257
-0.00218
-0.00198
-0.00257
-0.00276
-0.00335
-0.00257
-0.00296
-0.00257
-0.00257
-0.00276
-0.00276
-0.00276
-0.00296
-0.00218
-0.00257
-0.00237
-0.00237
-0.00257
-0.00296
-0.00257
-0.00257
-0.00257
-0.00276
-0.00257
-0.00237
-0.00237
-0.00257
-0.00257
-0.00237
-0.00257
-0.00296
-0.00237
-0.00296
-0.00296
-0.00257
-0.00257
-0.00257
-0.00237
-0.00276
-0.00335
-0.00296
-0.00315
-0.00296
-0.00296
-0.00276
-0.00296
-0.00315
-0.00257
-0.00237
-0.00276
-0.00296
-0.00296
-0.00315
-0.00296
-0.00315
-0.00315
-0.00393
-0.00296
-0.00296
-0.00296
-0.00296
-0.00315
-0.00296
-0.00296
-0.00276
-0.00315
-0.00315
-0.00315
-0.00276
-0.00257
-0.00296
-0.00276
-0.00257
-0.00276
-0.00237
-0.00237
-0.00257
-0.00198
-0.00237
-0.00198
-0.00218
-0.00218
-0.00257
-0.00237
-0.00237
-0.00218
-0.00198
-0.00198
-0.00218
-0.00218
-0.00218
-0.00218
-0.00218
-0.00179
-0.00237
-0.0012
-0.001
-0.00042
0.00036
0.00154
0.00251
0.00368
0.00427
0.00564
0.00681
0.00779
0.00818
0.00915
0.00896
0.00993
0.01052
0.01091
0.0115
0.01189
0.01247
0.01306
0.01364
0.01384
0.01423
0.01521
0.01696
0.01892
0.02224
0.02575
0.02907
0.03279
0.03591
0.03943
0.04255
0.04568
0.04861
0.05193
0.05505
0.05818
0.06091
0.06345
0.06696
0.06892
0.07146
0.07341
0.07517
0.07673
0.07868
0.08044
0.08122
0.082
0.0822
0.08337
0.08337
0.08396
0.08454
0.08474
0.08454
0.08474
0.08454
0.08454
0.08396
0.08357
0.08279
0.08279
0.08279
0.082
0.08122
0.08044
0.08005
0.07946
0.0781
0.07712
0.07673
0.07634
0.07556
0.07497
0.07419
0.07341
0.07282
0.07204
0.07146
0.07009
0.0697
0.06892
0.06833
0.06755
0.06696
0.06618
0.0656
0.06443
0.06364
0.06306
0.06208
0.06208
0.06091
0.06052
0.05954
0.05876
0.05818
0.05779
0.05681
0.05583
0.05544
0.05505
0.05446
0.05368
0.05271
0.05271
0.05212
0.05114
0.05036
0.04939
0.04939
0.04821
0.04724
0.04665
0.04665
0.04568
0.04548
0.0447
0.04392
0.04333
0.04275
0.04236
0.04196
0.04079
0.0404
0.03982
0.03962
0.03943
0.03864
0.03825
0.03767
0.03708
0.03728
0.0365
0.03591
0.03513
0.03513
0.03493
0.03435
0.03415
0.03318
0.03337
0.03239
0.032
0.03142
0.03161
0.03122
0.03083
0.03064
0.03005
0.02946
0.02946
0.02888
0.02849
0.02829
0.0281
0.02751
0.02751
0.02673
0.02634
0.02575
0.02595
0.02536
0.02517
0.02497
0.02419
0.02419
0.0238
0.0238
0.02321
0.02263
0.02263
0.02204
0.02204
0.02107
0.02107
0.02068
0.02146
0.02107
0.02029
0.01989
0.0197
0.01931
0.01892
0.01892
0.01833
0.01833
0.01853
0.01814
0.01833
0.01775
0.01794
0.01716
0.01716
0.01657
0.01618
0.01599
0.01618
0.01638
0.01599
0.0156
0.01521
0.01462
0.01521
0.01482
0.01443
0.01443
0.01404
0.01384
0.01384
0.01306
0.01306
0.01286
0.01267
0.01247
0.01189
0.01267
0.01189
0.01208
0.0113
0.01189
0.0115
0.01169
0.01091
0.0113
0.0115
0.0113
0.01111
0.01071
0.01091
0.01032
0.01071
0.01032
0.00974
0.00935
0.00954
0.00954
0.00915
0.00954
0.00876
0.00876
0.00837
0.00876
0.00857
0.00798
0.00779
0.00798
0.00798
0.00779
0.00798
0.00779
0.00759
0.0072
0.00759
0.0072
0.00759
0.007
0.0072
0.00739
0.0072
0.00681
0.00622
0.00622
0.00642
0.00642
0.00681
0.00603
0.00564
0.00583
0.00583
0.00603
0.00603
0.00603
0.00544
0.00544
0.00525
0.00505
0.00505
0.00505
0.00505
0.00505
0.00583
0.00505
0.00544
0.00466
0.00466
0.00446
0.00446
0.00388
0.00368
0.00368
0.00368
0.00388
0.00368
0.00368
0.00329
0.00349
0.00329
0.0031
0.00349
0.00329
0.00349
0.00349
0.0031
0.00349
0.00368
0.0031
0.00349
0.00271
0.0029
0.0029
0.00251
0.00251
0.00251
0.00232
0.00232
0.00251
0.00232
0.00232
0.00212
0.00212
0.00173
0.00212
0.00232
0.00232
0.00271
0.00232
0.00212
0.00232
0.00212
0.00212
0.00251
0.00212
0.00251
0.00232
0.00232
0.00232
0.00212
0.00212
0.00154
0.00154
0.00173
0.00173
0.00232
0.00193
0.00154
0.00154
0.00193
0.00173
0.00193
0.00173
0.00114
0.00154
0.00173
0.00154
0.00134
0.00114
0.00134
0.00075
0.00075
0.00095
0.00095
0.00056
0.00056
0.00036
0.00056
0.00017
0.00017
0.00075
0.00056
0.00036
0.00056
-0.00022
0.00017
0.00017
-0.00022
-3e-05
0.00017
0.00036
0.00095
0.00036
0.00056
-3e-05
0.00017
-3e-05
-0.00022
-0.00042
-3e-05
-3e-05
-0.00042
-0.00061
-3e-05
-0.00061
-0.00022
-0.00061
-0.00061
-0.00081
-0.001
-0.001
-0.001
-0.001
-0.00081
-0.001
-0.001
-0.0012
-0.001
-0.0012
-0.00139
-0.0012
-0.00081
-0.0012
-0.0012
-0.00159
-0.00139
-0.001
-0.00139
-0.00179
-0.00159
-0.00159
-0.00179
-0.00179
-0.00139
-0.00159
-0.00139
-0.00159
-0.0012
-0.00061
-0.00081
-0.00081
-0.00061
-0.00081
-0.0012
-0.001
-0.00081
-0.00061
-0.00061
-0.001
-0.00081
-0.00022
-0.00061
-0.00042
-0.00022
-0.00042
-0.00061
-0.0012
-0.001
-0.001
-0.00061
-0.001
-0.00139
-0.00139
-0.001
-0.00159
-0.001
-0.0012
-0.00081
-0.0012
-0.0012
-0.00159
-0.00139
-0.0012
-0.0012
-0.001
-0.0012
-0.001
-0.00139
-0.00198
-0.00159
-0.00179
-0.00159
-0.00159
-0.00198
-0.00179
-0.00198
-0.00237
-0.00198
-0.00237
-0.00198
-0.00139
-0.00179
-0.00218
-0.00179
-0.00179
-0.00179
-0.00198
-0.00139
-0.00179
-0.00139
-0.00159
-0.00159
-0.00179
-0.001
-0.00139
-0.00198
-0.00139
-0.00179
-0.00159
-0.00159
-0.00179
-0.00159
-0.00218
-0.00159
-0.00179
-0.00159
-0.00159
-0.00159
-0.00218
-0.00198
-0.00218
-0.00218
-0.00198
-0.00179
-0.00159
-0.00139
-0.00159
-0.00159
-0.00237
-0.00218
-0.00179
-0.00179
-0.00218
-0.00198
-0.00179
-0.00218
-0.00159
-0.00218
-0.00159
-0.00218
-0.00198
-0.00218
-0.00179
-0.00179
-0.00179
-0.00179
-0.00139
-0.00179
-0.00159
-0.00139
-0.00179
-0.00198
-0.00198
-0.00218
-0.00198
-0.00218
-0.00179
-0.00218
-0.00179
-0.00237
-0.00237
-0.00257
-0.00198
-0.00276
-0.00257
-0.00257
-0.00276
-0.00296
-0.00257
-0.00218
-0.00237
-0.00257
-0.00276
-0.00257
-0.00276
-0.00237
-0.00276
-0.00257
-0.00257
-0.00257
-0.00218
-0.00198
-0.00257
-0.00257
-0.00237
-0.00218
-0.00237
-0.00237
-0.00218
-0.00218
-0.00218
-0.00257
-0.00257
-0.00218
-0.00198
-0.00179
-0.00159
-0.00179
-0.00237
-0.00159
-0.00198
-0.00179
-0.00198
-0.00159
-0.00218
-0.00179
-0.00198
-0.00198
-0.00257
-0.00218
-0.00237
-0.00237
-0.00296
-0.00276
-0.00257
-0.00257
-0.00257
-0.00296
-0.00276
-0.00257
-0.00218
-0.00198
-0.00237
-0.00257
-0.00296
-0.00257
-0.00296
-0.00257
-0.00237
-0.00218
-0.00257
-0.00257
-0.00237
-0.00218
-0.00257
-0.00257
-0.00296
-0.00237
-0.00257
-0.00218
-0.00237
-0.00237
-0.00218
-0.00237
-0.00257
-0.00218
-0.00296
-0.00257
-0.00237
-0.00257
-0.00218
-0.00179
-0.00179
-0.00237
-0.00257
-0.00257
-0.00237
-0.00218
-0.00218
-0.00218
-0.00237
-0.00237
-0.00237
-0.00237
-0.00276
-0.00257
-0.00315
-0.00257
-0.00276
-0.00237
-0.00237
-0.00237
-0.00237
-0.00198
-0.00237
-0.00237
-0.00257
-0.00218
-0.00179
-0.00218
-0.00198
-0.00257
-0.00218
-0.00237
-0.00257
-0.00237
-0.00198
-0.00237
-0.00218
-0.00159
-0.00218
-0.00237
-0.00218
-0.00198
-0.00198
-0.00237
-0.00218
-0.00218
-0.00237
-0.00237
-0.00237
-0.00257
-0.00218
-0.00296
-0.00276
-0.00257
-0.00237
-0.00237
-0.00218
-0.00218
-0.00237
-0.00237
-0.00296
-0.00257
-0.00218
-0.00257
-0.00296
-0.00237
-0.00218
-0.00237
-0.00257
-0.00257
-0.00296
-0.00296
-0.00257
-0.00276
-0.00315
-0.00276
-0.00257
-0.00237
-0.00276
-0.00218
-0.00257
-0.00218
-0.00276
-0.00237
-0.00257
-0.00218
-0.00218
-0.00237
-0.00296
-0.00237
-0.00276
-0.00257
-0.00296
-0.00276
-0.00218
-0.00237
-0.00276
-0.00257
-0.00257
-0.00276
-0.00257
-0.00218
-0.00257
-0.00257
-0.00218
-0.00218
-0.00237
-0.00257
-0.00257
-0.00237
-0.00198
-0.00237
-0.00218
-0.00257
-0.00237
-0.00237
-0.00237
-0.00237
-0.00237
-0.00257
-0.00218
-0.00198
-0.00237
-0.00257
-0.00237
-0.00218
-0.00237
-0.00218
-0.00257
-0.00198
-0.00198
-0.00237
-0.00198
-0.00237
-0.00198
-0.00179
-0.00237
-0.00179
-0.00218
-0.00237
-0.00198
-0.00198
-0.00257
-0.00257
-0.00257
-0.00276
-0.00335
-0.00296
-0.00315
-0.00296
-0.00296
-0.00296
-0.00335
-0.00296
-0.00315
-0.00315
-0.00354
-0.00315
-0.00335
-0.00354
-0.00354
-0.00354
-0.00354
-0.00315
-0.00335
-0.00354
-0.00335
-0.00296
-0.00276
-0.00335
-0.00374
-0.00296
-0.00296
-0.00276
-0.00276
-0.00257
-0.00218
-0.00257
-0.00257
-0.00237
-0.00237
-0.00237
-0.00237
-0.00237
-0.00218
-0.00237
-0.00218
-0.00198
-0.00179
-0.00159
-0.00179
-0.00159
-0.00198
-0.00179
-0.00198
-0.00179
-0.00257
-0.00237
-0.00218
-0.00296
-0.00296
-0.00218
-0.00276
-0.00257
-0.00296
-0.00276
-0.00296
-0.00257
-0.00315
-0.00315
-0.00276
-0.00296
-0.00335
-0.00335
-0.00276
-0.00296
-0.00296
-0.00296
-0.00374
-0.00315
-0.00296
-0.00335
-0.00296
-0.00335
-0.00296
-0.00335
-0.00335
-0.00296
-0.00276
-0.00296
-0.00276
-0.00296
-0.00296
-0.00257
-0.00257
-0.00257
-0.00296
-0.00237
-0.00257
-0.00257
-0.00237
-0.00257
-0.00257
-0.00257
-0.00276
-0.00218
-0.00237
-0.00198
-0.00237
-0.00179
-0.00257
-0.00257
-0.00237
-0.00257
-0.00218
-0.00237
-0.00218
-0.00179
-0.00179
-0.00218
-0.00237
-0.00198
-0.00198
-0.00237
-0.00276
-0.00218
-0.00237
-0.00237
-0.00237
-0.00237
-0.00218
-0.00218
-0.00257
-0.00237
-0.00257
-0.00218
-0.00257
-0.00237
-0.00237
-0.00237
-0.00218
-0.00179
-0.00218
-0.00179
-0.00198
-0.00198
-0.00198
-0.00179
-0.00218
-0.00218
-0.00257
-0.00237
-0.00237
-0.00276
-0.00276
-0.00276
-0.00296
-0.00315
-0.00296
-0.00296
-0.00276
-0.00276
-0.00296
-0.00276
-0.00315
-0.00276
-0.00296
-0.00218
-0.00276
-0.00276
-0.00296
-0.00276
-0.00296
-0.00296
-0.00296
-0.00315
-0.00315
-0.00276
-0.00335
-0.00315
-0.00315
-0.00296
-0.00276
-0.00296
-0.00335
-0.00257
-0.00257
-0.00276
-0.00315
-0.00257
-0.00257
-0.00198
-0.00198
-0.00218
-0.00237
-0.00257
-0.00218
-0.00179
-0.00179
-0.0012
-0.00218
-0.00198
-0.00237
-0.00218
-0.00257
-0.00218
-0.00218
-0.00198
-0.00218
-0.00218
-0.00276
-0.00315
-0.00315
-0.00276
-0.00257
-0.00237
-0.00296
