-1.026000288000E+00

-0.00218
-0.00276
-0.00237
-0.00237
-0.00218
-0.00218
-0.00218
-0.00237
-0.00198
-0.00179
-0.00159
-0.00179
-0.00139
-0.00198
-0.00159
-0.00198
-0.00237
-0.00198
-0.00198
-0.00159
-0.00218
-0.00276
-0.00218
-0.00218
-0.00159
-0.00218
-0.00198
-0.00218
-0.00237
-0.00237
-0.00218
-0.00198
-0.00237
-0.00218
-0.00237
-0.00257
-0.00237
-0.00257
-0.00218
-0.00237
-0.00218
-0.00218
-0.00296
-0.00296
-0.00257
-0.00257
-0.00218
-0.00276
-0.00257
-0.00296
-0.00218
-0.00257
-0.00257
-0.00276
-0.00296
-0.00257
-0.00237
-0.00237
-0.00159
-0.00159
-0.00198
-0.00237
-0.00198
-0.00198
-0.00237
-0.00257
-0.00257
-0.00276
-0.00198
-0.00218
-0.00257
-0.00237
-0.00237
-0.00237
-0.00218
-0.00237
-0.00237
-0.00237
-0.00237
-0.00237
-0.00257
-0.00218
-0.00218
-0.00218
-0.00237
-0.00237
-0.00198
-0.00218
-0.00179
-0.00179
-0.00218
-0.00237
-0.00159
-0.00198
-0.00218
-0.00218
-0.00198
-0.00179
-0.00257
-0.00237
-0.00218
-0.00218
-0.00198
-0.00218
-0.00237
-0.00179
-0.00218
-0.00218
-0.00198
-0.00179
-0.00198
-0.00198
-0.00218
-0.00257
-0.00237
-0.00198
-0.00198
-0.00218
-0.00237
-0.00237
-0.00237
-0.00237
-0.00257
-0.00257
-0.00296
-0.00276
-0.00335
-0.00296
-0.00257
-0.00276
-0.00276
-0.00296
-0.00315
-0.00257
-0.00257
-0.00257
-0.00296
-0.00237
-0.00218
-0.00257
-0.00276
-0.00257
-0.00257
-0.00257
-0.00237
-0.00296
-0.00276
-0.00315
-0.00296
-0.00257
-0.00296
-0.00257
-0.00276
-0.00296
-0.00237
-0.00257
-0.00237
-0.00276
-0.00276
-0.00257
-0.00257
-0.00237
-0.00257
-0.00257
-0.00237
-0.00218
-0.00198
-0.00198
-0.00218
-0.00237
-0.00218
-0.00257
-0.00198
-0.00237
-0.00198
-0.00218
-0.00257
-0.00257
-0.00257
-0.00237
-0.00257
-0.00257
-0.00257
-0.00257
-0.00257
-0.00198
-0.00139
-0.001
-0.00022
0.00095
0.00232
0.00329
0.00427
0.00525
0.00622
0.0072
0.00818
0.00837
0.00896
0.00993
0.01032
0.01071
0.0113
0.0113
0.01247
0.01247
0.01325
0.01423
0.01579
0.01638
0.01794
0.01931
0.02029
0.02185
0.02263
0.024
0.02517
0.02634
0.02693
0.0281
0.02868
0.02986
0.03161
0.03259
0.03474
0.03669
0.03923
0.04196
0.04431
0.04626
0.04861
0.05056
0.05232
0.05505
0.05739
0.05935
0.06189
0.06443
0.06638
0.06872
0.07068
0.07185
0.07282
0.07439
0.07497
0.07634
0.07654
0.07732
0.07829
0.07868
0.07868
0.07888
0.07946
0.07907
0.07927
0.07966
0.07907
0.07868
0.07849
0.0781
0.0781
0.07712
0.07673
0.07614
0.07654
0.07614
0.07575
0.07439
0.0738
0.07302
0.07243
0.07146
0.07126
0.07009
0.0697
0.06911
0.06853
0.06755
0.06696
0.06618
0.0656
0.06462
0.06384
0.06306
0.06286
0.0615
0.06071
0.05974
0.05896
0.05798
0.05759
0.05661
0.05603
0.05564
0.05466
0.05388
0.05329
0.0529
0.05193
0.05154
0.05036
0.04978
0.04919
0.04841
0.04782
0.04724
0.04685
0.04646
0.04568
0.04509
0.0445
0.04411
0.04372
0.04294
0.04255
0.04177
0.04099
0.04079
0.0406
0.03962
0.03982
0.03884
0.03884
0.03845
0.03786
0.03767
0.03728
0.0365
0.03552
0.03552
0.03493
0.03454
0.03415
0.03357
0.03357
0.03298
0.03298
0.03181
0.032
0.03103
0.03122
0.03044
0.02966
0.02966
0.02888
0.02849
0.02849
0.02771
0.02751
0.02693
0.02634
0.02654
0.02634
0.02614
0.02575
0.02497
0.02517
0.02478
0.02439
0.02458
0.02341
0.0238
0.02361
0.02263
0.02224
0.02224
0.02146
0.02146
0.02087
0.02068
0.02048
0.02048
0.02029
0.01989
0.0195
0.01931
0.01892
0.01931
0.01911
0.01892
0.01853
0.01814
0.01755
0.01755
0.01755
0.01696
0.01755
0.01716
0.01677
0.01696
0.01638
0.01638
0.01618
0.01579
0.01579
0.01579
0.01579
0.0154
0.01521
0.0154
0.01501
0.01423
0.01462
0.01482
0.01482
0.01423
0.01404
0.01364
0.01345
0.01384
0.01345
0.01286
0.01228
0.01228
0.01208
0.01208
0.01208
0.0115
0.01189
0.0115
0.0113
0.01052
0.01071
0.01071
0.01071
0.01071
0.01091
0.01013
0.01052
0.01013
0.01032
0.01013
0.00974
0.00954
0.00935
0.00954
0.00896
0.00896
0.00876
0.00876
0.00837
0.00818
0.00818
0.00798
0.00779
0.00739
0.00779
0.00759
0.007
0.0072
0.00681
0.007
0.00642
0.00622
0.00642
0.00622
0.00622
0.00642
0.00642
0.00622
0.00622
0.00544
0.00544
0.00564
0.00525
0.00505
0.00564
0.00564
0.00486
0.00486
0.00505
0.00525
0.00544
0.00544
0.00525
0.00466
0.00486
0.00446
0.00446
0.00446
0.00388
0.00407
0.00427
0.00427
0.00427
0.00427
0.00427
0.00407
0.00407
0.00407
0.00407
0.00407
0.00388
0.00349
0.00329
0.00329
0.0031
0.0031
0.0031
0.0031
0.0031
0.0029
0.00251
0.00271
0.00271
0.0029
0.00251
0.00251
0.00193
0.00212
0.00193
0.00193
0.00173
0.00212
0.00193
0.00154
0.00212
0.00173
0.00193
0.00154
0.00154
0.00173
0.00173
0.00193
0.00154
0.00173
0.00114
0.00095
0.00114
0.00095
0.00095
0.00114
0.00114
0.00193
0.00154
0.00114
0.00134
0.00193
0.00134
0.00134
0.00114
0.00154
0.00134
0.00134
0.00114
0.00095
0.00075
0.00114
0.00114
0.00095
0.00056
0.00036
0.00075
0.00114
0.00154
0.00134
0.00134
0.00036
0.00075
0.00036
0.00114
0.00056
0.00095
0.00075
0.00114
0.00075
0.00075
0.00095
0.00036
0.00056
0.00036
-0.00022
0.00036
0.00036
0.00017
-3e-05
0.00036
-3e-05
0.00036
-3e-05
0.00017
-3e-05
0.00036
-3e-05
-0.00042
-0.00042
-3e-05
-0.00022
0.00036
-3e-05
0.00017
0.00036
-3e-05
0.00017
-0.00022
-0.00042
-0.00042
-0.00081
-0.00042
-0.00022
-3e-05
0.00017
-0.00042
-0.001
-0.001
-0.00139
-0.00081
-0.00042
-0.00061
-0.00061
-0.00042
-0.00061
-0.00081
-0.0012
-0.00081
-0.00081
-0.00139
-0.00081
-0.00022
-0.00061
-0.001
-0.0012
-0.001
-0.001
-0.0012
-0.001
-0.00198
-0.00139
-0.00179
-0.00159
-0.00198
-0.00179
-0.0012
-0.001
-0.00042
-0.001
-0.00081
-0.001
-0.001
-0.001
-0.00081
-0.001
-0.0012
-0.00081
-0.00139
-0.0012
-0.00139
-0.0012
-0.00139
-0.00081
-0.0012
-0.00139
-0.001
-0.00179
-0.00179
-0.00198
-0.00159
-0.00159
-0.00139
-0.00198
-0.00159
-0.00159
-0.00139
-0.00179
-0.00159
-0.00179
-0.00139
-0.00159
-0.0012
-0.00198
-0.00159
-0.00198
-0.00198
-0.00179
-0.00139
-0.00218
-0.00237
-0.00218
-0.00237
-0.00218
-0.00237
-0.00237
-0.00237
-0.00218
-0.00237
-0.00237
-0.00218
-0.00198
-0.00218
-0.00237
-0.00237
-0.00198
-0.00218
-0.00179
-0.00218
-0.00237
-0.00198
-0.00179
-0.00198
-0.00198
-0.00159
-0.00159
-0.00179
-0.00198
-0.00179
-0.00218
-0.00159
-0.00218
-0.00218
-0.00237
-0.00198
-0.00257
-0.00218
-0.00218
-0.00198
-0.00218
-0.00198
-0.00198
-0.00139
-0.00198
-0.00159
-0.00179
-0.00257
-0.00276
-0.00237
-0.00257
-0.00257
-0.00237
-0.00237
-0.00276
-0.00198
-0.00257
-0.00218
-0.00315
-0.00257
-0.00257
-0.00218
-0.00237
-0.00218
-0.00257
-0.00237
-0.00237
-0.00198
-0.00218
-0.00198
-0.00218
-0.00179
-0.00237
-0.00237
-0.00276
-0.00276
-0.00218
-0.00198
-0.00257
-0.00296
-0.00296
-0.00276
-0.00296
-0.00315
-0.00257
-0.00296
-0.00276
-0.00257
-0.00257
-0.00257
-0.00276
-0.00237
-0.00198
-0.00237
-0.00257
-0.00276
-0.00198
-0.00198
-0.00237
-0.00257
-0.00315
-0.00276
-0.00315
-0.00257
-0.00296
-0.00257
-0.00296
-0.00257
-0.00257
-0.00237
-0.00257
-0.00237
-0.00218
-0.00237
-0.00218
-0.00218
-0.00159
-0.00218
-0.00218
-0.00218
-0.00179
-0.00198
-0.00179
-0.00179
-0.00198
-0.00179
-0.00218
-0.00237
-0.00218
-0.00218
-0.00257
-0.00218
-0.00218
-0.00198
-0.00276
-0.00218
-0.00257
-0.00237
-0.00257
-0.00276
-0.00237
-0.00198
-0.00218
-0.00179
-0.00198
-0.00198
-0.00257
-0.00218
-0.00257
-0.00237
-0.00237
-0.00257
-0.00257
-0.00296
-0.00257
-0.00237
-0.00276
-0.00237
-0.00257
-0.00237
-0.00237
-0.00257
-0.00257
-0.00257
-0.00276
-0.00296
-0.00276
-0.00257
-0.00257
-0.00218
-0.00257
-0.00257
-0.00257
-0.00296
-0.00296
-0.00257
-0.00257
-0.00276
-0.00237
-0.00257
-0.00296
-0.00257
-0.00276
-0.00237
-0.00257
-0.00257
-0.00237
-0.00237
-0.00218
-0.00237
-0.00218
-0.00237
-0.00198
-0.00218
-0.00179
-0.00218
-0.00218
-0.00237
-0.00218
-0.00198
-0.00218
-0.00276
-0.00296
-0.00257
-0.00257
-0.00276
-0.00257
-0.00257
-0.00276
-0.00296
-0.00276
-0.00296
-0.00276
-0.00315
-0.00276
-0.00276
-0.00315
-0.00315
-0.00276
-0.00257
-0.00276
-0.00296
-0.00257
-0.00296
-0.00257
-0.00276
-0.00276
-0.00237
-0.00237
-0.00257
-0.00237
-0.00179
-0.00198
-0.00198
-0.00257
-0.00218
-0.00218
-0.00237
-0.00237
-0.00237
-0.00296
-0.00315
-0.00276
-0.00257
-0.00257
-0.00257
-0.00315
-0.00276
-0.00315
-0.00296
-0.00315
-0.00296
-0.00335
-0.00315
-0.00276
-0.00296
-0.00296
-0.00296
-0.00335
-0.00296
-0.00276
-0.00257
-0.00296
-0.00276
-0.00354
-0.00276
-0.00315
-0.00257
-0.00237
-0.00237
-0.00257
-0.00218
-0.00218
-0.00237
-0.00218
-0.00218
-0.00198
-0.00218
-0.00237
-0.00218
-0.00198
-0.00218
-0.00198
-0.00179
-0.00198
-0.00218
-0.00237
-0.00179
-0.00198
-0.00237
-0.00237
-0.00198
-0.00237
-0.00237
-0.00276
-0.00257
-0.00276
-0.00296
-0.00237
-0.00257
-0.00218
-0.00257
-0.00257
-0.00276
-0.00296
-0.00257
-0.00315
-0.00276
-0.00276
-0.00276
-0.00257
-0.00237
-0.00296
-0.00296
-0.00276
-0.00276
-0.00276
-0.00276
-0.00296
-0.00257
-0.00315
-0.00335
-0.00315
-0.00276
-0.00296
-0.00296
-0.00296
-0.00237
-0.00257
-0.00257
-0.00315
-0.00335
-0.00276
-0.00276
-0.00276
-0.00257
-0.00257
-0.00335
-0.00276
-0.00276
-0.00276
-0.00257
-0.00296
-0.00296
-0.00276
-0.00276
-0.00276
-0.00296
-0.00276
-0.00315
-0.00276
-0.00315
-0.00296
-0.00237
-0.00257
-0.00276
-0.00257
-0.00257
-0.00276
-0.00237
-0.00257
-0.00276
-0.00276
-0.00276
-0.00237
-0.00257
-0.00296
-0.00276
-0.00296
-0.00237
-0.00276
-0.00257
-0.00237
-0.00296
-0.00296
-0.00276
-0.00237
-0.00276
-0.00296
-0.00257
-0.00296
-0.00257
-0.00257
-0.00276
-0.00218
-0.00237
-0.00237
-0.00237
-0.00257
-0.00237
-0.00296
-0.00218
-0.00276
-0.00257
-0.00315
-0.00276
-0.00315
-0.00296
-0.00276
-0.00296
-0.00276
-0.00296
-0.00315
-0.00354
-0.00276
-0.00296
-0.00257
-0.00296
-0.00296
-0.00315
-0.00296
-0.00296
-0.00276
-0.00276
-0.00276
-0.00257
-0.00315
-0.00276
-0.00257
-0.00257
-0.00257
-0.00237
-0.00237
-0.00198
-0.00276
-0.00237
-0.00257
-0.00218
-0.00198
-0.00198
-0.00257
-0.00257
-0.00218
-0.00237
-0.00198
-0.00198
-0.00198
-0.00218
-0.00198
-0.00237
-0.00237
-0.00237
-0.00179
-0.00198
-0.00139
-0.00179
-0.00159
-0.00139
-0.00159
-0.00179
-0.00179
-0.00139
-0.00179
-0.00159
-0.00218
-0.00179
-0.00257
-0.00218
-0.00218
-0.00218
-0.00276
-0.00218
-0.00276
-0.00296
-0.00276
-0.00296
-0.00276
-0.00296
-0.00218
-0.00237
-0.00257
-0.00237
-0.00257
-0.00218
-0.00296
-0.00257
-0.00257
-0.00257
-0.00296
-0.00237
-0.00237
-0.00276
-0.00296
-0.00296
-0.00296
-0.00296
-0.00237
-0.00257
-0.00315
-0.00315
-0.00335
-0.00276
-0.00276
-0.00296
-0.00276
-0.00315
-0.00276
-0.00276
-0.00276
-0.00257
-0.00257
-0.00257
-0.00276
-0.00218
-0.00276
-0.00218
-0.00237
-0.00218
-0.00237
-0.00296
-0.00296
-0.00276
-0.00257
-0.00237
-0.00257
-0.00296
-0.00237
-0.00276
-0.00276
-0.00276
-0.00335
-0.00315
-0.00276
-0.00296
-0.00276
