-9.790002752000E-01

-0.00179
-0.00179
-0.00237
-0.00218
-0.00218
-0.00237
-0.00257
-0.00179
-0.00198
-0.00179
-0.00139
-0.00198
-0.00179
-0.00179
-0.00179
-0.00198
-0.00179
-0.00218
-0.00179
-0.00218
-0.00198
-0.00257
-0.00257
-0.00218
-0.00237
-0.00237
-0.00257
-0.00218
-0.00257
-0.00296
-0.00276
-0.00296
-0.00257
-0.00296
-0.00296
-0.00257
-0.00237
-0.00257
-0.00257
-0.00237
-0.00257
-0.00276
-0.00218
-0.00257
-0.00198
-0.00237
-0.00218
-0.00276
-0.00276
-0.00237
-0.00257
-0.00276
-0.00257
-0.00237
-0.00257
-0.00257
-0.00237
-0.00218
-0.00237
-0.00218
-0.00237
-0.00257
-0.00218
-0.00237
-0.00237
-0.00237
-0.00179
-0.00218
-0.00179
-0.00237
-0.00237
-0.00218
-0.00198
-0.00218
-0.00179
-0.00198
-0.00296
-0.00276
-0.00276
-0.00237
-0.00237
-0.00257
-0.00257
-0.00218
-0.00198
-0.00237
-0.00218
-0.00218
-0.00237
-0.00237
-0.00218
-0.00237
-0.00198
-0.00198
-0.00198
-0.00218
-0.00198
-0.00257
-0.00257
-0.00218
-0.00237
-0.00257
-0.00257
-0.00218
-0.00237
-0.00257
-0.00257
-0.00257
-0.00198
-0.00257
-0.00276
-0.00276
-0.00257
-0.00276
-0.00237
-0.00198
-0.00179
-0.00237
-0.00257
-0.00257
-0.00257
-0.00296
-0.00237
-0.00296
-0.00218
-0.00296
-0.00276
-0.00237
-0.00276
-0.00237
-0.00296
-0.00257
-0.00257
-0.00296
-0.00296
-0.00257
-0.00276
-0.00315
-0.00257
-0.00257
-0.00276
-0.00276
-0.00257
-0.00237
-0.00296
-0.00218
-0.00237
-0.00237
-0.00257
-0.00198
-0.00218
-0.00198
-0.00159
-0.00218
-0.00198
-0.00179
-0.00257
-0.00237
-0.00237
-0.00237
-0.00257
-0.00276
-0.00237
-0.00198
-0.00218
-0.00237
-0.00218
-0.00218
-0.00139
-0.00198
-0.00198
-0.00218
-0.00179
-0.00179
-0.00179
-0.00139
-0.00179
-0.00179
-0.00159
-0.00159
-0.00159
-0.00218
-0.00179
-0.00159
-0.00179
-0.00237
-0.00198
-0.00237
-0.00198
-0.00237
-0.00237
-0.00237
-0.00276
-0.00296
-0.00276
-0.00237
-0.00237
-0.00276
-0.00257
-0.00257
-0.00257
-0.00257
-0.00257
-0.00296
-0.00276
-0.00335
-0.00296
-0.00296
-0.00179
-0.00139
-0.00022
0.00075
0.00251
0.00505
0.007
0.00974
0.01189
0.01364
0.01579
0.01794
0.0195
0.02146
0.02419
0.02673
0.02907
0.03142
0.03396
0.03591
0.03786
0.04001
0.04177
0.04314
0.0447
0.04626
0.04802
0.049
0.05095
0.05232
0.05427
0.05583
0.057
0.05896
0.06013
0.06208
0.06286
0.06345
0.06423
0.06521
0.0656
0.06638
0.06736
0.06716
0.06716
0.06775
0.06794
0.06814
0.06794
0.06775
0.06716
0.06696
0.06657
0.06618
0.06599
0.0654
0.06521
0.06423
0.06443
0.06364
0.06286
0.06228
0.06208
0.0615
0.0613
0.06052
0.05935
0.05954
0.05896
0.05818
0.0572
0.05661
0.05603
0.05564
0.05505
0.05427
0.05388
0.0529
0.05193
0.05114
0.05075
0.05017
0.04919
0.049
0.04861
0.04782
0.04685
0.04646
0.04548
0.04548
0.0445
0.04411
0.04353
0.04255
0.04196
0.04138
0.04157
0.04099
0.04079
0.0404
0.03923
0.03904
0.03825
0.03767
0.03767
0.03728
0.03708
0.03669
0.03591
0.03552
0.03513
0.03513
0.03474
0.03396
0.03337
0.03376
0.03279
0.03239
0.032
0.03122
0.03122
0.03103
0.03044
0.03025
0.02986
0.02946
0.02907
0.02829
0.0279
0.02732
0.02712
0.02634
0.02634
0.02614
0.02575
0.02517
0.02478
0.02458
0.02439
0.0238
0.02282
0.02282
0.02263
0.02204
0.02185
0.02107
0.02087
0.02068
0.02009
0.01989
0.0195
0.0195
0.01892
0.01931
0.01931
0.01911
0.01853
0.01833
0.01853
0.01814
0.01794
0.01775
0.01755
0.01736
0.01696
0.01657
0.01657
0.01677
0.01618
0.01599
0.01618
0.0154
0.0154
0.0154
0.0154
0.01501
0.01521
0.01443
0.01443
0.01443
0.01423
0.01443
0.01404
0.01404
0.01364
0.01345
0.01306
0.01306
0.01306
0.01286
0.01267
0.01208
0.01208
0.0115
0.01189
0.01169
0.0113
0.0115
0.01111
0.01091
0.01071
0.01052
0.01071
0.00993
0.01013
0.00974
0.00935
0.00954
0.00915
0.00935
0.00915
0.00935
0.00915
0.00915
0.00857
0.00857
0.00876
0.00818
0.00837
0.00857
0.00857
0.00798
0.00837
0.00739
0.00798
0.00759
0.007
0.00759
0.0072
0.00739
0.0072
0.0072
0.007
0.00661
0.00642
0.00603
0.00564
0.00583
0.00564
0.00583
0.00583
0.00564
0.00544
0.00544
0.00505
0.00466
0.00486
0.00486
0.00427
0.00466
0.00466
0.00446
0.00427
0.00486
0.00427
0.00427
0.00388
0.00407
0.00427
0.00407
0.00427
0.00427
0.00427
0.00446
0.00446
0.00486
0.00427
0.00407
0.00407
0.00349
0.00427
0.00349
0.00446
0.00388
0.00368
0.00368
0.00388
0.00388
0.00349
0.00329
0.0031
0.00329
0.00329
0.00329
0.0029
0.00329
0.00329
0.0029
0.00271
0.00271
0.0029
0.00232
0.00251
0.00212
0.00232
0.00232
0.00232
0.00173
0.00212
0.00193
0.00193
0.00173
0.00154
0.00193
0.00193
0.00212
0.00193
0.00114
0.00154
0.00134
0.00114
0.00134
0.00114
0.00075
0.00075
0.00114
0.00075
0.00075
0.00114
0.00075
0.00095
0.00056
0.00056
0.00075
0.00134
0.00134
0.00056
0.00036
0.00056
0.00036
0.00036
0.00056
0.00075
0.00036
0.00075
0.00056
0.00017
-0.00042
-3e-05
-3e-05
0.00017
-3e-05
-3e-05
-0.00061
-0.00042
-0.00081
-0.00042
-0.00061
-0.00042
-0.00081
-0.00061
-0.001
-0.00022
-0.00061
-0.00042
-0.00061
-0.00042
-0.001
-0.0012
-0.0012
-0.00042
-0.00061
-0.00061
-0.00042
-0.00061
-0.00042
-0.00061
-0.00022
-0.00081
-0.00061
-0.00022
-0.00022
-0.00061
-0.00081
-0.00042
-0.00061
-0.00022
-0.00042
-0.00022
-3e-05
-0.00061
-0.00061
-0.00061
-0.00061
-0.00042
-0.00081
-0.00081
-0.00061
-0.00061
-0.00061
-0.00081
-0.00081
-0.00061
-0.0012
-0.00061
-0.0012
-0.00139
-0.001
-0.0012
-0.00139
-0.00139
-0.00139
-0.00139
-0.0012
-0.00139
-0.0012
-0.0012
-0.00159
-0.00179
-0.00139
-0.00139
-0.001
-0.001
-0.00139
-0.001
-0.00159
-0.00179
-0.00179
-0.0012
-0.00139
-0.00139
-0.0012
-0.00081
-0.001
-0.001
-0.00139
-0.001
-0.0012
-0.0012
-0.00139
-0.001
-0.001
-0.001
-0.0012
-0.001
-0.0012
-0.001
-0.0012
-0.001
-0.001
-0.001
-0.00139
-0.001
-0.001
-0.00159
-0.00159
-0.00159
-0.0012
-0.00139
-0.00139
-0.00139
-0.00139
-0.00139
-0.0012
-0.00159
-0.00139
-0.00139
-0.00198
-0.0012
-0.00159
-0.00159
-0.00179
-0.00198
-0.00198
-0.00179
-0.00179
-0.00179
-0.00139
-0.00159
-0.00139
-0.00139
-0.00139
-0.00198
-0.00179
-0.00179
-0.00179
-0.00198
-0.00218
-0.00179
-0.00159
-0.00198
-0.00159
-0.00179
-0.00179
-0.00218
-0.00198
-0.00198
-0.00218
-0.00198
-0.00179
-0.00139
-0.00179
-0.00179
-0.00237
-0.00218
-0.00179
-0.0012
-0.00218
-0.00179
-0.00198
-0.00179
-0.00159
-0.00159
-0.00179
-0.00139
-0.00198
-0.00139
-0.00179
-0.00159
-0.00179
-0.00159
-0.00179
-0.00198
-0.00139
-0.00139
-0.00139
-0.00179
-0.00179
-0.00198
-0.00218
-0.00179
-0.00218
-0.00198
-0.00218
-0.00179
-0.00179
-0.00218
-0.00198
-0.00218
-0.00179
-0.00179
-0.00198
-0.00237
-0.00159
-0.00198
-0.00139
-0.00139
-0.00159
-0.00139
-0.00218
-0.00159
-0.00198
-0.00218
-0.00198
-0.00198
-0.00257
-0.00257
-0.00218
-0.00237
-0.00218
-0.00237
-0.00237
-0.00198
-0.00198
-0.00198
-0.00198
-0.00218
-0.00218
-0.00218
-0.00257
-0.00257
-0.00218
-0.00237
-0.00257
-0.00257
-0.00237
-0.00257
-0.00257
-0.00276
-0.00276
-0.00296
-0.00296
-0.00296
-0.00276
-0.00276
-0.00257
-0.00276
-0.00218
-0.00257
-0.00276
-0.00257
-0.00257
-0.00198
-0.00218
-0.00218
-0.00237
-0.00237
-0.00218
-0.00218
-0.00237
-0.00218
-0.00237
-0.00257
-0.00257
-0.00257
-0.00276
-0.00257
-0.00296
-0.00296
-0.00257
-0.00257
-0.00237
-0.00237
-0.00315
-0.00276
-0.00296
-0.00218
-0.00237
-0.00257
-0.00257
-0.00237
-0.00257
-0.00257
-0.00296
-0.00276
-0.00237
-0.00276
-0.00276
-0.00296
-0.00276
-0.00276
-0.00276
-0.00276
-0.00276
-0.00237
-0.00296
-0.00257
-0.00257
-0.00257
-0.00257
-0.00335
-0.00257
-0.00296
-0.00276
-0.00218
-0.00237
-0.00257
-0.00276
-0.00218
-0.00237
-0.00237
-0.00237
-0.00257
-0.00257
-0.00257
-0.00276
-0.00237
-0.00257
-0.00237
-0.00276
-0.00257
-0.00237
-0.00179
-0.00198
-0.00198
-0.00198
-0.00179
-0.00218
-0.00218
-0.00257
-0.00237
-0.00237
-0.00198
-0.00276
-0.00218
-0.00237
-0.00257
-0.00276
-0.00296
-0.00315
-0.00315
-0.00257
-0.00276
-0.00237
-0.00237
-0.00257
-0.00237
-0.00237
-0.00276
-0.00257
-0.00257
-0.00296
-0.00218
-0.00257
-0.00218
-0.00257
-0.00237
-0.00276
-0.00257
-0.00237
-0.00237
-0.00218
-0.00218
-0.00276
-0.00257
-0.00276
-0.00237
-0.00237
-0.00237
-0.00257
-0.00257
-0.00237
-0.00257
-0.00296
-0.00257
-0.00296
-0.00296
-0.00257
-0.00218
-0.00237
-0.00257
-0.00257
-0.00257
-0.00257
-0.00276
-0.00257
-0.00257
-0.00257
-0.00237
-0.00218
-0.00296
-0.00276
-0.00276
-0.00257
-0.00237
-0.00257
-0.00257
-0.00179
-0.00237
-0.00237
-0.00198
-0.00218
-0.00237
-0.00257
-0.00198
-0.00218
-0.00237
-0.00198
-0.00198
-0.00237
-0.00257
-0.00276
-0.00276
-0.00257
-0.00237
-0.00257
-0.00218
-0.00257
-0.00257
-0.00276
-0.00276
-0.00276
-0.00276
-0.00218
-0.00257
-0.00257
-0.00237
-0.00257
-0.00237
-0.00257
-0.00257
-0.00276
-0.00315
-0.00296
-0.00315
-0.00296
-0.00296
-0.00335
-0.00335
-0.00315
-0.00315
-0.00296
-0.00276
-0.00296
-0.00354
-0.00296
-0.00296
-0.00276
-0.00315
-0.00315
-0.00335
-0.00335
-0.00296
-0.00315
-0.00276
-0.00257
-0.00257
-0.00257
-0.00257
-0.00237
-0.00257
-0.00257
-0.00257
-0.00257
-0.00218
-0.00257
-0.00237
-0.00276
-0.00237
-0.00218
-0.00257
-0.00218
-0.00257
-0.00257
-0.00237
-0.00237
-0.00218
-0.00218
-0.00218
-0.00237
-0.00198
-0.00237
-0.00237
-0.00218
-0.00198
-0.00257
-0.00218
-0.00257
-0.00237
-0.00237
-0.00179
-0.00237
-0.00198
-0.00257
-0.00257
-0.00276
-0.00276
-0.00296
-0.00257
-0.00315
-0.00296
-0.00276
-0.00276
-0.00296
-0.00257
-0.00257
-0.00257
-0.00296
-0.00276
-0.00237
-0.00257
-0.00276
-0.00276
-0.00276
-0.00296
-0.00257
-0.00276
-0.00276
-0.00257
-0.00296
-0.00237
-0.00257
-0.00257
-0.00276
-0.00296
-0.00315
-0.00296
-0.00276
-0.00276
-0.00315
-0.00315
-0.00335
-0.00296
-0.00354
-0.00315
-0.00315
-0.00335
-0.00315
-0.00335
-0.00335
-0.00335
-0.00354
-0.00354
-0.00315
-0.00315
-0.00315
-0.00335
-0.00315
-0.00354
-0.00335
-0.00335
-0.00335
-0.00335
-0.00315
-0.00335
-0.00296
-0.00335
-0.00296
-0.00296
-0.00335
-0.00276
-0.00315
-0.00257
-0.00276
-0.00296
-0.00315
-0.00296
-0.00296
-0.00296
-0.00257
-0.00276
-0.00237
-0.00257
-0.00257
-0.00237
-0.00237
-0.00198
-0.00237
-0.00257
-0.00276
-0.00257
-0.00237
-0.00315
-0.00296
-0.00276
-0.00296
-0.00276
-0.00276
-0.00276
-0.00296
-0.00237
-0.00315
-0.00335
-0.00354
-0.00315
-0.00335
-0.00354
-0.00276
-0.00315
-0.00315
-0.00335
-0.00315
-0.00296
-0.00296
-0.00296
-0.00335
-0.00257
-0.00315
-0.00315
-0.00296
-0.00296
-0.00296
-0.00296
-0.00276
-0.00276
-0.00315
-0.00296
-0.00276
-0.00315
-0.00276
-0.00335
-0.00276
-0.00237
-0.00276
-0.00218
-0.00257
-0.00237
-0.00237
-0.00237
-0.00198
-0.00218
-0.00237
-0.00257
-0.00237
-0.00218
-0.00198
-0.00257
-0.00257
-0.00257
-0.00218
-0.00257
-0.00257
-0.00276
-0.00296
-0.00276
-0.00276
-0.00315
-0.00315
-0.00257
-0.00237
-0.00218
-0.00237
-0.00257
-0.00257
-0.00257
-0.00218
-0.00218
-0.00257
-0.00237
-0.00237
-0.00179
-0.00198
