-1.270000355200E+00

-0.00257
-0.00218
-0.00237
-0.00237
-0.00296
-0.00237
-0.00179
-0.00237
-0.00159
-0.00257
-0.00218
-0.00179
-0.00257
-0.00218
-0.00237
-0.00218
-0.00257
-0.00296
-0.00237
-0.00257
-0.00257
-0.00237
-0.00257
-0.00257
-0.00198
-0.00257
-0.00237
-0.00257
-0.00218
-0.00237
-0.00237
-0.00237
-0.00237
-0.00257
-0.00237
-0.00237
-0.00218
-0.00257
-0.00296
-0.00296
-0.00257
-0.00257
-0.00276
-0.00257
-0.00296
-0.00296
-0.00276
-0.00296
-0.00257
-0.00276
-0.00276
-0.00296
-0.00296
-0.00315
-0.00276
-0.00315
-0.00218
-0.00257
-0.00296
-0.00315
-0.00276
-0.00296
-0.00315
-0.00315
-0.00296
-0.00335
-0.00296
-0.00296
-0.00257
-0.00257
-0.00257
-0.00276
-0.00315
-0.00335
-0.00315
-0.00257
-0.00296
-0.00335
-0.00296
-0.00296
-0.00257
-0.00276
-0.00276
-0.00276
-0.00237
-0.00237
-0.00198
-0.00276
-0.00218
-0.00257
-0.00257
-0.00237
-0.00276
-0.00276
-0.00257
-0.00257
-0.00257
-0.00257
-0.00257
-0.00276
-0.00257
-0.00257
-0.00237
-0.00276
-0.00179
-0.00257
-0.00237
-0.00237
-0.00257
-0.00218
-0.00237
-0.00296
-0.00257
-0.00257
-0.00237
-0.00257
-0.00257
-0.00257
-0.00296
-0.00237
-0.00218
-0.00218
-0.00237
-0.00276
-0.00237
-0.00237
-0.00237
-0.00257
-0.00296
-0.00257
-0.00257
-0.00237
-0.00237
-0.00237
-0.00237
-0.00257
-0.00276
-0.00315
-0.00237
-0.00276
-0.00257
-0.00218
-0.00218
-0.00218
-0.00257
-0.00296
-0.00257
-0.00276
-0.00257
-0.00257
-0.00257
-0.00276
-0.00257
-0.00257
-0.00276
-0.00296
-0.00257
-0.00257
-0.00257
-0.00237
-0.00257
-0.00276
-0.00198
-0.00276
-0.00237
-0.00257
-0.00218
-0.00237
-0.00237
-0.00218
-0.00237
-0.00296
-0.00296
-0.00276
-0.00276
-0.00257
-0.00237
-0.00296
-0.00257
-0.00257
-0.00257
-0.00257
-0.00257
-0.00335
-0.00257
-0.00296
-0.00276
-0.00315
-0.00257
-0.00237
-0.00276
-0.00276
-0.00257
-0.00257
-0.00257
-0.00237
-0.00257
-0.00237
-0.00257
-0.00257
-0.00198
-0.00237
-0.00218
-0.00276
-0.00237
-0.00218
-0.00198
-0.00237
-0.0012
-0.00061
0.00095
0.00193
0.0031
0.00486
0.00603
0.00779
0.01013
0.01228
0.01462
0.01794
0.02126
0.02517
0.02888
0.03298
0.0363
0.03962
0.04333
0.04646
0.04919
0.05212
0.05427
0.05642
0.05896
0.06071
0.06247
0.06364
0.06501
0.06696
0.06716
0.06794
0.06892
0.0697
0.07029
0.07107
0.07068
0.07146
0.07165
0.07185
0.07204
0.07107
0.07107
0.07107
0.07087
0.07029
0.07029
0.06931
0.06872
0.06853
0.06775
0.06716
0.06657
0.0654
0.06521
0.06443
0.06384
0.06325
0.06286
0.06208
0.0613
0.06052
0.05974
0.05896
0.05798
0.0572
0.05642
0.05622
0.05525
0.05486
0.05368
0.05349
0.0529
0.05232
0.05114
0.05095
0.04997
0.04958
0.049
0.04802
0.04724
0.04685
0.04607
0.04548
0.04529
0.0445
0.04431
0.04353
0.04353
0.04294
0.04216
0.04118
0.04099
0.0404
0.04001
0.03962
0.03904
0.03904
0.03884
0.03806
0.03786
0.03689
0.03611
0.03591
0.03552
0.03513
0.03454
0.03396
0.03376
0.03318
0.03298
0.03259
0.03181
0.03181
0.03103
0.03103
0.03025
0.03005
0.02966
0.02966
0.02907
0.02888
0.02829
0.02771
0.0281
0.02732
0.02751
0.02693
0.02654
0.02654
0.02575
0.02575
0.02478
0.02458
0.02419
0.02419
0.02419
0.02341
0.02361
0.02263
0.02263
0.02263
0.02263
0.02165
0.02146
0.02126
0.02126
0.02068
0.02068
0.02029
0.01989
0.01989
0.0195
0.0195
0.01872
0.01892
0.01872
0.01814
0.01755
0.01716
0.01716
0.01716
0.01677
0.01677
0.01579
0.01599
0.01579
0.01579
0.0156
0.0156
0.01501
0.01443
0.01423
0.01423
0.01404
0.01364
0.01384
0.01345
0.01345
0.01325
0.01267
0.01286
0.01267
0.01247
0.01247
0.01228
0.01208
0.0115
0.01189
0.01169
0.0115
0.0115
0.01169
0.01169
0.01169
0.01169
0.01071
0.01091
0.01091
0.01032
0.01091
0.01052
0.00993
0.01013
0.00954
0.00935
0.00915
0.00896
0.00837
0.00876
0.00876
0.00857
0.00818
0.00857
0.00779
0.00759
0.00818
0.00798
0.00759
0.00779
0.00759
0.00739
0.0072
0.00739
0.00681
0.00681
0.00661
0.007
0.00622
0.00622
0.00622
0.00583
0.00583
0.00564
0.00544
0.00505
0.00505
0.00505
0.00525
0.00564
0.00525
0.00525
0.00525
0.00486
0.00486
0.00466
0.00466
0.00486
0.00486
0.00407
0.00446
0.00407
0.00427
0.00407
0.00368
0.00388
0.00407
0.00349
0.00349
0.00349
0.00349
0.00349
0.00329
0.00349
0.00349
0.0031
0.0031
0.00329
0.0031
0.0031
0.0029
0.0031
0.00271
0.0029
0.00251
0.00271
0.00251
0.00212
0.00193
0.00173
0.00251
0.00173
0.00154
0.00114
0.00193
0.00193
0.00173
0.00173
0.00173
0.00134
0.00154
0.00154
0.00134
0.00173
0.00154
0.00212
0.00212
0.00134
0.00134
0.00134
0.00095
0.00095
0.00114
0.00075
0.00114
0.00095
0.00095
0.00075
0.00036
0.00056
0.00095
0.00017
0.00036
0.00017
0.00036
0.00017
-3e-05
-3e-05
0.00017
-3e-05
-0.00042
-3e-05
-0.00042
-3e-05
-3e-05
-3e-05
-0.00022
-0.00042
-0.00022
-0.00022
-3e-05
-0.00022
0.00017
-0.00042
-0.00022
-3e-05
-3e-05
-0.00042
-0.00042
-0.00022
-0.00061
-0.00022
-0.00042
-0.00061
-0.00022
-0.00022
0.00017
-0.00042
-3e-05
-3e-05
0.00017
-3e-05
0.00056
0.00017
0.00017
0.00056
0.00056
0.00036
0.00017
0.00017
0.00017
-0.00022
-3e-05
-0.00022
-0.00061
-0.00022
-0.00042
-0.00022
-0.00081
-0.00081
-0.00061
-0.00042
-0.00042
-0.00042
-0.0012
-0.00081
-0.001
-0.0012
-0.001
-0.001
-0.0012
-0.00159
-0.00081
-0.0012
-0.001
-0.001
-0.001
-0.001
-0.001
-0.0012
-0.00061
-0.0012
-0.001
-0.0012
-0.001
-0.0012
-0.001
-0.001
-0.00081
-0.0012
-0.00139
-0.00139
-0.00061
-0.00081
-0.00081
-0.001
-0.0012
-0.00159
-0.0012
-0.00159
-0.001
-0.00179
-0.00159
-0.00139
-0.00081
-0.00159
-0.001
-0.001
-0.001
-0.00139
-0.00159
-0.00139
-0.0012
-0.001
-0.00081
-0.001
-0.00139
-0.00139
-0.0012
-0.0012
-0.0012
-0.001
-0.00081
-0.00081
-0.00139
-0.0012
-0.00159
-0.0012
-0.00139
-0.00139
-0.0012
-0.00179
-0.00139
-0.00179
-0.00218
-0.00159
-0.00139
-0.0012
-0.00159
-0.00159
-0.0012
-0.0012
-0.00139
-0.00139
-0.00139
-0.00139
-0.0012
-0.00198
-0.00159
-0.00179
-0.00139
-0.00139
-0.00159
-0.00237
-0.00257
-0.00198
-0.00198
-0.00237
-0.00198
-0.00218
-0.00198
-0.00237
-0.00218
-0.00257
-0.00198
-0.00218
-0.00198
-0.00218
-0.00237
-0.00198
-0.00179
-0.00218
-0.00237
-0.00257
-0.00179
-0.00237
-0.00179
-0.00237
-0.00218
-0.00218
-0.00276
-0.00237
-0.00237
-0.00257
-0.00179
-0.00179
-0.00179
-0.00198
-0.00218
-0.00237
-0.00218
-0.00237
-0.00198
-0.00159
-0.00139
-0.00179
-0.00198
-0.00159
-0.00179
-0.00179
-0.00139
-0.00198
-0.00218
-0.00218
-0.00179
-0.00159
-0.0012
-0.0012
-0.00159
-0.00159
-0.00179
-0.00218
-0.00179
-0.00198
-0.00218
-0.00198
-0.00198
-0.00179
-0.00198
-0.00179
-0.00237
-0.00237
-0.00237
-0.00179
-0.00179
-0.00198
-0.00159
-0.00159
-0.00218
-0.00237
-0.00218
-0.00198
-0.00198
-0.00218
-0.00218
-0.00198
-0.00218
-0.00198
-0.00237
-0.00218
-0.00257
-0.00257
-0.00218
-0.00218
-0.00237
-0.00198
-0.00179
-0.00198
-0.00198
-0.00179
-0.00218
-0.00218
-0.00218
-0.00218
-0.00179
-0.00139
-0.00139
-0.00159
-0.00159
-0.00179
-0.00159
-0.00179
-0.00159
-0.00198
-0.00159
-0.00218
-0.00179
-0.00218
-0.00179
-0.00218
-0.00198
-0.00179
-0.00179
-0.00237
-0.00198
-0.00218
-0.00218
-0.00237
-0.00218
-0.00237
-0.00237
-0.00237
-0.00257
-0.00237
-0.00237
-0.00198
-0.00218
-0.00237
-0.00237
-0.00276
-0.00237
-0.00237
-0.00257
-0.00296
-0.00296
-0.00296
-0.00296
-0.00315
-0.00257
-0.00218
-0.00198
-0.00218
-0.00237
-0.00257
-0.00237
-0.00276
-0.00218
-0.00218
-0.00179
-0.00198
-0.00218
-0.00218
-0.00218
-0.00218
-0.00237
-0.00218
-0.00179
-0.00218
-0.00218
-0.00257
-0.00257
-0.00257
-0.00276
-0.00315
-0.00296
-0.00296
-0.00296
-0.00276
-0.00276
-0.00276
-0.00296
-0.00257
-0.00276
-0.00296
-0.00354
-0.00296
-0.00257
-0.00296
-0.00257
-0.00276
-0.00237
-0.00237
-0.00276
-0.00257
-0.00257
-0.00296
-0.00315
-0.00237
-0.00257
-0.00257
-0.00237
-0.00257
-0.00237
-0.00237
-0.00237
-0.00218
-0.00237
-0.00237
-0.00257
-0.00237
-0.00276
-0.00218
-0.00257
-0.00218
-0.00218
-0.00218
-0.00218
-0.00218
-0.00237
-0.00257
-0.00257
-0.00296
-0.00237
-0.00257
-0.00257
-0.00218
-0.00276
-0.00296
-0.00257
-0.00237
-0.00315
-0.00296
-0.00315
-0.00315
-0.00296
-0.00335
-0.00296
-0.00315
-0.00257
-0.00296
-0.00315
-0.00335
-0.00335
-0.00335
-0.00335
-0.00315
-0.00296
-0.00296
-0.00374
-0.00296
-0.00276
-0.00276
-0.00257
-0.00276
-0.00315
-0.00257
-0.00276
-0.00276
-0.00296
-0.00237
-0.00237
-0.00257
-0.00257
-0.00257
-0.00276
-0.00237
-0.00257
-0.00237
-0.00296
-0.00218
-0.00179
-0.00237
-0.00218
-0.00257
-0.00276
-0.00276
-0.00237
-0.00237
-0.00218
-0.00257
-0.00257
-0.00237
-0.00218
-0.00257
-0.00198
-0.00257
-0.00237
-0.00257
-0.00237
-0.00257
-0.00257
-0.00315
-0.00257
-0.00257
-0.00237
-0.00276
-0.00276
-0.00296
-0.00237
-0.00276
-0.00237
-0.00257
-0.00237
-0.00179
-0.00198
-0.00257
-0.00257
-0.00276
-0.00257
-0.00257
-0.00237
-0.00237
-0.00257
-0.00276
-0.00218
-0.00237
-0.00237
-0.00257
-0.00257
-0.00276
-0.00218
-0.00257
-0.00257
-0.00257
-0.00237
-0.00276
-0.00257
-0.00257
-0.00315
-0.00296
-0.00257
-0.00237
-0.00218
-0.00296
-0.00257
-0.00257
-0.00276
-0.00257
-0.00296
-0.00296
-0.00296
-0.00296
-0.00335
-0.00276
-0.00315
-0.00276
-0.00296
-0.00296
-0.00257
-0.00315
-0.00257
-0.00315
-0.00296
-0.00276
-0.00315
-0.00296
-0.00296
-0.00276
-0.00218
-0.00257
-0.00296
-0.00237
-0.00237
-0.00276
-0.00257
-0.00296
-0.00296
-0.00296
-0.00276
-0.00237
-0.00296
-0.00237
-0.00257
-0.00276
-0.00237
-0.00237
-0.00237
-0.00237
-0.00237
-0.00257
-0.00276
-0.00296
-0.00296
-0.00315
-0.00276
-0.00276
-0.00257
-0.00276
-0.00296
-0.00315
-0.00296
-0.00257
-0.00296
-0.00296
-0.00296
-0.00257
-0.00276
-0.00257
-0.00276
-0.00296
-0.00315
-0.00315
-0.00296
-0.00296
-0.00257
-0.00276
-0.00335
-0.00315
-0.00276
-0.00296
-0.00276
-0.00296
-0.00257
-0.00315
-0.00276
-0.00276
-0.00276
-0.00315
-0.00296
-0.00315
-0.00257
-0.00257
-0.00257
-0.00257
-0.00296
-0.00276
-0.00257
-0.00276
-0.00257
-0.00276
-0.00218
-0.00237
-0.00218
-0.00218
-0.00237
-0.00179
-0.00198
-0.00218
-0.00237
-0.00237
-0.00237
-0.00198
-0.00198
-0.00237
-0.00218
-0.00257
-0.00237
-0.00237
-0.00257
-0.00257
-0.00257
-0.00257
-0.00257
-0.00257
-0.00296
-0.00237
-0.00237
-0.00198
-0.00237
-0.00257
-0.00257
-0.00257
-0.00257
-0.00257
-0.00237
-0.00276
-0.00237
-0.00237
-0.00218
-0.00237
-0.00237
-0.00237
-0.00257
-0.00257
-0.00237
-0.00257
-0.00296
-0.00257
-0.00315
-0.00276
-0.00257
-0.00335
-0.00257
-0.00354
-0.00315
-0.00315
-0.00296
-0.00276
-0.00315
-0.00315
-0.00354
-0.00354
-0.00315
-0.00335
-0.00315
-0.00354
-0.00315
-0.00335
-0.00296
-0.00296
-0.00315
-0.00354
-0.00296
-0.00335
-0.00315
-0.00315
-0.00276
-0.00257
-0.00276
-0.00315
-0.00296
-0.00315
-0.00296
-0.00296
-0.00296
-0.00276
-0.00296
-0.00276
-0.00237
-0.00257
-0.00237
-0.00218
-0.00179
-0.00237
-0.00159
-0.00179
-0.00237
-0.00276
-0.00276
-0.00237
-0.00237
-0.00237
