-7.300002048000E-01

-0.00257
-0.00257
-0.00218
-0.00237
-0.00237
-0.00276
-0.00257
-0.00198
-0.00179
-0.00237
-0.00159
-0.00237
-0.00179
-0.00218
-0.0012
-0.00198
-0.00198
-0.00237
-0.00179
-0.00198
-0.00179
-0.00198
-0.00179
-0.00237
-0.00159
-0.00159
-0.00179
-0.00179
-0.00179
-0.0012
-0.00159
-0.00179
-0.00159
-0.0012
-0.00179
-0.0012
-0.00139
-0.00159
-0.00159
-0.00159
-0.00179
-0.00159
-0.00198
-0.00198
-0.00179
-0.00198
-0.00179
-0.00179
-0.00139
-0.00237
-0.00198
-0.00198
-0.00218
-0.00198
-0.00179
-0.00218
-0.00179
-0.00218
-0.00237
-0.00218
-0.00218
-0.00179
-0.00159
-0.00198
-0.00179
-0.00198
-0.0012
-0.00198
-0.00179
-0.00237
-0.00237
-0.00179
-0.00159
-0.00198
-0.00139
-0.00179
-0.00179
-0.00237
-0.00179
-0.00179
-0.00179
-0.00198
-0.00198
-0.00159
-0.00218
-0.00198
-0.00179
-0.00179
-0.00179
-0.00179
-0.00218
-0.00218
-0.00237
-0.00257
-0.00198
-0.00218
-0.00198
-0.00218
-0.00218
-0.00237
-0.00237
-0.00237
-0.00257
-0.00198
-0.00218
-0.00237
-0.00198
-0.00237
-0.00179
-0.00179
-0.00179
-0.00257
-0.00179
-0.00237
-0.00198
-0.00198
-0.00179
-0.00218
-0.00198
-0.00198
-0.00159
-0.00198
-0.00198
-0.00159
-0.00179
-0.00198
-0.00257
-0.00218
-0.00218
-0.00198
-0.00139
-0.00159
-0.00139
-0.00159
-0.00159
-0.00159
-0.00159
-0.00179
-0.00179
-0.00179
-0.00179
-0.00159
-0.00159
-0.00159
-0.00218
-0.00218
-0.00198
-0.00198
-0.00198
-0.00237
-0.00257
-0.00218
-0.00218
-0.00237
-0.00257
-0.00257
-0.00198
-0.00218
-0.00198
-0.00218
-0.00198
-0.00237
-0.00218
-0.00218
-0.00198
-0.00179
-0.00198
-0.00198
-0.00218
-0.00159
-0.00179
-0.00218
-0.00179
-0.00198
-0.00218
-0.00218
-0.00257
-0.00237
-0.00257
-0.00218
-0.00237
-0.00257
-0.00198
-0.00218
-0.00179
-0.00198
-0.00198
-0.00198
-0.00179
-0.00159
-0.00159
-0.00159
-0.00139
-0.00179
-0.00159
-0.001
-3e-05
0.00017
0.00154
0.00271
0.00388
0.00466
0.00622
0.00681
0.00837
0.00876
0.00974
0.01052
0.0113
0.0115
0.01247
0.01306
0.01364
0.01423
0.01501
0.01716
0.01833
0.02029
0.02126
0.02263
0.024
0.02536
0.02751
0.02927
0.03103
0.03279
0.03532
0.0365
0.03806
0.03943
0.04196
0.04372
0.04607
0.04861
0.05114
0.05407
0.05642
0.05993
0.06267
0.0656
0.06814
0.07009
0.07243
0.07439
0.07595
0.07732
0.0781
0.08025
0.08044
0.08122
0.082
0.082
0.08298
0.08337
0.08337
0.08396
0.08396
0.08337
0.08357
0.08318
0.08298
0.08298
0.0822
0.08181
0.08161
0.08142
0.08083
0.08005
0.07966
0.07888
0.07849
0.0779
0.07732
0.07654
0.07517
0.07439
0.07361
0.07263
0.07224
0.07146
0.07068
0.06989
0.06931
0.06833
0.06775
0.06657
0.06638
0.06462
0.06462
0.06345
0.06286
0.06228
0.0613
0.06052
0.05993
0.05954
0.05837
0.05779
0.057
0.05603
0.05544
0.05486
0.05427
0.05349
0.0529
0.05193
0.05114
0.05036
0.04997
0.049
0.04861
0.04821
0.04743
0.04665
0.04626
0.04548
0.04509
0.0447
0.0447
0.04392
0.04314
0.04236
0.04196
0.04138
0.04138
0.04079
0.04021
0.0404
0.03962
0.03962
0.03864
0.03806
0.03767
0.03708
0.03689
0.0363
0.03571
0.03552
0.03532
0.03454
0.03415
0.03396
0.03318
0.03279
0.03259
0.03181
0.032
0.03083
0.03122
0.03083
0.03064
0.02986
0.02946
0.02927
0.02849
0.02849
0.02771
0.02732
0.02693
0.02673
0.02634
0.02595
0.02556
0.02517
0.02497
0.02439
0.02478
0.024
0.0238
0.02321
0.02361
0.02263
0.02321
0.02204
0.02204
0.02165
0.02165
0.02126
0.02087
0.02068
0.02048
0.02048
0.02029
0.0197
0.0195
0.01911
0.01911
0.01892
0.01833
0.01833
0.01853
0.01794
0.01755
0.01696
0.01755
0.01716
0.01677
0.01638
0.01657
0.01638
0.01599
0.01618
0.01579
0.01579
0.0154
0.01521
0.01501
0.01482
0.01443
0.01423
0.01404
0.01423
0.01443
0.01404
0.01404
0.01325
0.01306
0.01286
0.01306
0.01286
0.01247
0.01247
0.01267
0.01247
0.01267
0.01208
0.0115
0.0115
0.01111
0.01111
0.0115
0.01071
0.01052
0.01013
0.01052
0.01032
0.00993
0.00993
0.00935
0.00954
0.00954
0.00915
0.00876
0.00896
0.00896
0.00896
0.00857
0.00798
0.00837
0.00818
0.00779
0.00798
0.00759
0.0072
0.0072
0.00739
0.0072
0.0072
0.00681
0.00681
0.00681
0.00661
0.00642
0.00642
0.00622
0.00564
0.00583
0.00564
0.00642
0.00603
0.00622
0.00564
0.00603
0.00544
0.00564
0.00544
0.00544
0.00544
0.00564
0.00564
0.00505
0.00466
0.00486
0.00505
0.00544
0.00466
0.00446
0.00427
0.00486
0.00466
0.00486
0.00446
0.00486
0.00446
0.00427
0.00427
0.00427
0.00407
0.00388
0.00407
0.00388
0.00388
0.00368
0.00368
0.00368
0.00388
0.00407
0.00388
0.00349
0.00349
0.00349
0.00349
0.00349
0.0031
0.0029
0.00349
0.00349
0.00271
0.0029
0.00271
0.00271
0.00212
0.00251
0.00251
0.00271
0.00271
0.00251
0.00251
0.00232
0.00251
0.00232
0.00271
0.00212
0.00193
0.00212
0.00212
0.00251
0.00212
0.00154
0.00173
0.00173
0.00193
0.00193
0.00173
0.00134
0.00114
0.00154
0.00114
0.00134
0.00134
0.00114
0.00134
0.00114
0.00134
0.00095
0.00075
0.00075
0.00095
0.00154
0.00114
0.00095
0.00134
0.00114
0.00095
0.00114
0.00095
0.00075
0.00134
0.00036
0.00095
0.00095
0.00095
0.00134
0.00134
0.00154
0.00075
0.00075
0.00114
0.00114
0.00114
0.00134
0.00095
0.00095
0.00075
0.00056
0.00017
0.00017
0.00056
0.00056
0.00075
0.00036
0.00017
0.00017
-0.00042
-0.00042
-3e-05
-0.00022
-0.00042
-3e-05
-0.00061
-0.00022
-0.00042
-0.00022
-0.00022
-0.00042
-0.00061
-0.00022
-0.001
-0.00061
-0.001
-0.001
-0.001
-0.001
-0.001
-0.00139
-0.00081
-0.0012
-0.00139
-0.0012
-0.0012
-0.00061
-0.00061
-0.00061
-0.001
-0.00081
-0.00081
-0.00061
-0.00042
-0.00061
-0.00042
-0.00081
-0.00042
-0.00061
-0.00081
-0.00042
-0.00022
-3e-05
-0.00022
-3e-05
-0.00042
-0.00061
-0.00022
-0.001
-0.00081
-0.00061
-0.00061
-0.00042
-0.00022
-0.00061
-0.00042
-0.00022
-0.00042
-0.00022
-0.00061
-0.00022
-0.00061
-0.00042
-0.00042
-0.00061
-0.00042
-0.00061
-0.00061
-0.00061
-0.0012
-0.00081
-0.00061
-0.00061
-0.00081
-0.00061
-0.001
-0.00081
-0.001
-0.001
-0.00139
-0.00159
-0.001
-0.001
-0.00081
-0.0012
-0.00139
-0.00139
-0.00159
-0.0012
-0.00139
-0.00139
-0.00159
-0.00139
-0.00179
-0.00139
-0.00179
-0.00179
-0.0012
-0.00139
-0.00139
-0.00139
-0.00139
-0.00159
-0.00139
-0.00198
-0.00159
-0.00139
-0.00081
-0.001
-0.0012
-0.0012
-0.001
-0.001
-0.00081
-0.001
-0.0012
-0.0012
-0.00081
-0.0012
-0.001
-0.00081
-0.00081
-0.0012
-0.0012
-0.00081
-0.001
-0.0012
-0.0012
-0.00139
-0.001
-0.001
-0.00139
-0.00159
-0.001
-0.00139
-0.00139
-0.0012
-0.00081
-0.00159
-0.00159
-0.0012
-0.00139
-0.00139
-0.00159
-0.00179
-0.0012
-0.00179
-0.00198
-0.00159
-0.00179
-0.00159
-0.00159
-0.00159
-0.001
-0.00159
-0.001
-0.00139
-0.00179
-0.00159
-0.00179
-0.00179
-0.00159
-0.001
-0.00139
-0.00179
-0.00159
-0.00159
-0.00139
-0.00159
-0.00179
-0.00179
-0.00139
-0.00139
-0.00179
-0.00159
-0.00218
-0.00218
-0.00237
-0.00237
-0.00179
-0.00179
-0.00257
-0.00237
-0.00237
-0.00237
-0.00257
-0.00218
-0.00218
-0.00218
-0.00179
-0.00257
-0.00218
-0.00218
-0.00237
-0.00218
-0.00159
-0.00179
-0.00198
-0.00179
-0.00159
-0.00198
-0.00198
-0.00139
-0.001
-0.00159
-0.00179
-0.00159
-0.00159
-0.001
-0.0012
-0.00139
-0.00159
-0.00159
-0.00198
-0.00179
-0.00159
-0.0012
-0.001
-0.0012
-0.0012
-0.00139
-0.00159
-0.00139
-0.00198
-0.00179
-0.00159
-0.0012
-0.0012
-0.00179
-0.00179
-0.00198
-0.00198
-0.00198
-0.00179
-0.00218
-0.00257
-0.00218
-0.00257
-0.00198
-0.00276
-0.00218
-0.00237
-0.00198
-0.00237
-0.00218
-0.00218
-0.00198
-0.00218
-0.00198
-0.00218
-0.00237
-0.00198
-0.00218
-0.00179
-0.00237
-0.00159
-0.00159
-0.00139
-0.00139
-0.00159
-0.00179
-0.00198
-0.00179
-0.00179
-0.00218
-0.00179
-0.00159
-0.00179
-0.00179
-0.00179
-0.00159
-0.00159
-0.00179
-0.00159
-0.00139
-0.001
-0.00179
-0.00139
-0.00139
-0.00159
-0.001
-0.00139
-0.00179
-0.00159
-0.00139
-0.00139
-0.00139
-0.0012
-0.0012
-0.00159
-0.00179
-0.00179
-0.00179
-0.00139
-0.00139
-0.00159
-0.0012
-0.00139
-0.00139
-0.00159
-0.0012
-0.00179
-0.00179
-0.00198
-0.00179
-0.00179
-0.00139
-0.00179
-0.00159
-0.00159
-0.00139
-0.00159
-0.00198
-0.00179
-0.00159
-0.00159
-0.00159
-0.00159
-0.00198
-0.00179
-0.00159
-0.00198
-0.00139
-0.00237
-0.00237
-0.00257
-0.00257
-0.00257
-0.00218
-0.00218
-0.00257
-0.00218
-0.00218
-0.00257
-0.00276
-0.00237
-0.00237
-0.00257
-0.00218
-0.00237
-0.00257
-0.00257
-0.00237
-0.00276
-0.00237
-0.00257
-0.00237
-0.00198
-0.00198
-0.00218
-0.00218
-0.00198
-0.00218
-0.00218
-0.00218
-0.00218
-0.00179
-0.00218
-0.00159
-0.00179
-0.00198
-0.00218
-0.00179
-0.00198
-0.00179
-0.00218
-0.00198
-0.00198
-0.00179
-0.00198
-0.00139
-0.00179
-0.00179
-0.00179
-0.00218
-0.00179
-0.00198
-0.00218
-0.00159
-0.00237
-0.00179
-0.00198
-0.00198
-0.00198
-0.00218
-0.00198
-0.00218
-0.00218
-0.00179
-0.00179
-0.00179
-0.00237
-0.00237
-0.00218
-0.00198
-0.00198
-0.00218
-0.00218
-0.00218
-0.00237
-0.00218
-0.00276
-0.00237
-0.00296
-0.00237
-0.00257
-0.00237
-0.00257
-0.00198
-0.00179
-0.00198
-0.00218
-0.00198
-0.00218
-0.00218
-0.00159
-0.00179
-0.00198
-0.00179
-0.00159
-0.00159
-0.00179
-0.00139
-0.00139
-0.00159
-0.00179
-0.00198
-0.00218
-0.00198
-0.00198
-0.00139
-0.00179
-0.00179
-0.00179
-0.00257
-0.00257
-0.00218
-0.00198
-0.00198
-0.00257
-0.00218
-0.00237
-0.00237
-0.00296
-0.00218
-0.00257
-0.00218
-0.00237
-0.00257
-0.00257
-0.00257
-0.00237
-0.00198
-0.00198
-0.00237
-0.00198
-0.00237
-0.00198
-0.00198
-0.00198
-0.00159
-0.00218
-0.00179
-0.00179
-0.00237
-0.00198
-0.00198
-0.00198
-0.00159
-0.00198
-0.00198
-0.00179
-0.00198
-0.00218
-0.00237
-0.00218
-0.00179
-0.00257
-0.00218
-0.00218
-0.00237
-0.00198
-0.00257
-0.00237
-0.00237
-0.00237
-0.00218
-0.00237
-0.00257
-0.00237
-0.00218
-0.00257
-0.00237
-0.00276
-0.00257
-0.00257
-0.00237
-0.00218
-0.00218
-0.00276
-0.00237
-0.00257
-0.00237
-0.00218
-0.00237
-0.00218
-0.00198
-0.00218
-0.00159
-0.00179
-0.00159
-0.00179
-0.00179
-0.00179
-0.00198
-0.00198
-0.00179
-0.00198
-0.00179
-0.00218
-0.00198
-0.00179
-0.00159
-0.00159
-0.00139
-0.00139
-0.00159
-0.00179
-0.00218
-0.00159
-0.00179
-0.00159
-0.00198
-0.00159
-0.00237
-0.00218
-0.00218
-0.00198
-0.00179
-0.00218
-0.00179
-0.00237
-0.00198
-0.00237
-0.00218
-0.00198
-0.00198
-0.00198
-0.00179
-0.00218
-0.00218
-0.00257
-0.00218
-0.00198
-0.00179
-0.00276
-0.00198
-0.00237
-0.00237
-0.00257
-0.00218
-0.00218
-0.00179
-0.00198
-0.00198
-0.00198
-0.00237
-0.00198
-0.00218
-0.00237
-0.00237
-0.00218
-0.00218
-0.00218
-0.00179
-0.00257
-0.00198
-0.00218
-0.00198
-0.00218
-0.00257
-0.00218
-0.00218
-0.00237
-0.00198
-0.00218
-0.00198
-0.00198
-0.00218
-0.00198
-0.00198
-0.00218
-0.00179
-0.00218
-0.00218
-0.00237
-0.00218
-0.00198
-0.00179
-0.00198
-0.00179
-0.00198
-0.00179
-0.00159
-0.00198
-0.0012
