-1.133000316800E+00

-0.00198
-0.00198
-0.00179
-0.00159
-0.00139
-0.00139
-0.00159
-0.00139
-0.00159
-0.00159
-0.00159
-0.001
-0.00159
-0.00159
-0.00139
-0.00139
-0.00139
-0.00139
-0.00159
-0.00179
-0.00139
-0.00179
-0.00139
-0.00139
-0.00139
-0.00179
-0.00198
-0.00237
-0.00159
-0.00179
-0.00179
-0.00198
-0.00179
-0.00179
-0.00198
-0.00198
-0.00179
-0.00218
-0.00159
-0.00179
-0.00139
-0.00179
-0.00179
-0.00159
-0.00198
-0.00179
-0.00218
-0.00198
-0.00179
-0.00198
-0.00218
-0.00218
-0.00237
-0.00257
-0.00237
-0.00257
-0.00237
-0.00237
-0.00218
-0.00237
-0.00257
-0.00237
-0.00237
-0.00198
-0.00179
-0.00159
-0.00198
-0.00198
-0.00218
-0.00159
-0.00198
-0.00139
-0.00198
-0.00179
-0.00179
-0.00179
-0.00179
-0.00159
-0.00159
-0.00198
-0.00179
-0.00159
-0.00179
-0.00179
-0.00179
-0.00179
-0.00159
-0.00139
-0.00179
-0.00179
-0.00218
-0.00179
-0.00159
-0.00159
-0.0012
-0.00139
-0.00179
-0.00179
-0.00198
-0.00179
-0.00198
-0.00159
-0.0012
-0.00179
-0.00198
-0.00218
-0.00237
-0.00198
-0.00257
-0.00237
-0.00237
-0.00237
-0.00237
-0.00218
-0.00237
-0.00315
-0.00257
-0.00237
-0.00198
-0.00198
-0.00179
-0.00198
-0.00218
-0.00179
-0.00179
-0.00179
-0.00218
-0.00159
-0.00179
-0.00179
-0.0012
-0.00179
-0.00159
-0.00159
-0.00139
-0.00159
-0.00159
-0.00159
-0.001
-0.001
-0.0012
-0.00159
-0.00179
-0.00139
-0.00139
-0.00139
-0.0012
-0.0012
-0.0012
-0.00139
-0.00139
-0.00179
-0.00179
-0.0012
-0.00159
-0.0012
-0.00179
-0.00218
-0.00179
-0.00179
-0.00159
-0.00159
-0.00198
-0.00179
-0.00218
-0.00218
-0.00159
-0.00159
-0.00159
-0.00139
-0.0012
-0.00179
-0.0012
-0.00159
-0.0012
-0.00139
-0.00159
-0.00159
-0.00139
-0.00159
-0.00179
-0.00198
-0.00159
-0.00198
-0.00159
-0.00179
-0.00198
-0.00198
-0.00159
-0.00198
-0.00159
-0.00198
-0.00218
-0.00218
-0.00198
-0.00218
-0.00179
-0.00198
-0.00218
-0.00257
-0.00198
-0.00218
-0.00218
-0.00257
-0.00237
-0.00257
-0.00315
-0.00315
-0.00296
-0.00315
-0.00296
-0.00276
-0.00296
-0.00276
-0.00296
-0.00276
-0.00296
-0.00257
-0.00218
-0.00139
-0.00061
-0.00022
0.00075
0.00212
0.00368
0.00486
0.00603
0.00681
0.00857
0.01013
0.01286
0.0154
0.01931
0.02321
0.02771
0.03239
0.03767
0.04255
0.04704
0.05114
0.05544
0.05896
0.06228
0.06579
0.06853
0.07146
0.07361
0.07556
0.07712
0.07888
0.08044
0.08181
0.08318
0.08396
0.08493
0.08591
0.08611
0.0863
0.08669
0.08708
0.08708
0.08747
0.08689
0.08747
0.08708
0.08689
0.08669
0.0863
0.08571
0.08454
0.08415
0.08396
0.08396
0.08259
0.08239
0.08103
0.08044
0.07966
0.07966
0.07849
0.0779
0.07673
0.07595
0.07536
0.07458
0.07321
0.07282
0.07146
0.07107
0.07029
0.06931
0.06872
0.06833
0.06677
0.06599
0.06501
0.06423
0.06384
0.06286
0.06247
0.06111
0.06013
0.05935
0.05876
0.05818
0.05739
0.05661
0.05583
0.05505
0.05446
0.05368
0.05271
0.05232
0.05173
0.05134
0.05075
0.04997
0.04919
0.049
0.04821
0.04782
0.04685
0.04646
0.04568
0.04548
0.04509
0.04411
0.04372
0.04314
0.04255
0.04255
0.04157
0.04138
0.04099
0.0404
0.04001
0.03943
0.03884
0.03767
0.03728
0.03689
0.0365
0.0365
0.03591
0.03552
0.03513
0.03493
0.03415
0.03415
0.03318
0.03318
0.03259
0.032
0.03103
0.03103
0.03044
0.03025
0.02966
0.02888
0.02868
0.02829
0.02771
0.02732
0.02693
0.02712
0.02654
0.02654
0.02614
0.02595
0.02556
0.02517
0.02517
0.02439
0.02361
0.024
0.02361
0.02341
0.02302
0.02263
0.02302
0.02282
0.02243
0.02224
0.02204
0.02165
0.02146
0.02146
0.02107
0.02048
0.02068
0.02107
0.02068
0.02029
0.02009
0.01989
0.01931
0.01892
0.01853
0.01814
0.01775
0.01794
0.01794
0.01736
0.01736
0.01696
0.01657
0.01657
0.01579
0.01618
0.0156
0.0154
0.0154
0.01521
0.01462
0.01462
0.01443
0.01443
0.01443
0.01443
0.01443
0.01325
0.01345
0.01345
0.01306
0.01306
0.01306
0.01286
0.01247
0.01267
0.01169
0.01228
0.0115
0.01169
0.01111
0.0113
0.01111
0.01111
0.01071
0.01071
0.00993
0.01052
0.01052
0.00974
0.01013
0.00993
0.01013
0.00954
0.00974
0.00993
0.00974
0.00915
0.00915
0.00896
0.00876
0.00857
0.00857
0.00857
0.00876
0.00818
0.00798
0.00798
0.00798
0.00798
0.00759
0.00759
0.00681
0.0072
0.007
0.0072
0.00661
0.007
0.00661
0.00661
0.00642
0.00681
0.00661
0.00642
0.00603
0.00564
0.00603
0.00564
0.00564
0.00583
0.00564
0.00583
0.00564
0.00583
0.00544
0.00564
0.00564
0.00525
0.00525
0.00525
0.00505
0.00388
0.00486
0.00427
0.00466
0.00446
0.00446
0.00446
0.00427
0.00407
0.00388
0.00407
0.00368
0.00329
0.00349
0.00388
0.00349
0.00368
0.00349
0.00349
0.0031
0.00329
0.0031
0.0029
0.0029
0.00271
0.00232
0.00232
0.00232
0.00232
0.00251
0.00232
0.00232
0.00173
0.00212
0.00193
0.00193
0.00193
0.00271
0.00173
0.00193
0.00173
0.00232
0.00232
0.00232
0.00193
0.00232
0.00212
0.00212
0.00173
0.00173
0.00193
0.00154
0.00193
0.00173
0.00173
0.00114
0.00154
0.00173
0.00173
0.00134
0.00134
0.00173
0.00193
0.00193
0.00154
0.00154
0.00154
0.00173
0.00154
0.00173
0.00173
0.00173
0.00154
0.00095
0.00154
0.00173
0.00134
0.00095
0.00114
0.00114
0.00095
0.00095
0.00056
0.00056
0.00056
0.00075
0.00056
0.00036
0.00056
0.00056
0.00056
0.00056
-3e-05
0.00056
0.00075
0.00095
0.00017
0.00056
0.00017
-3e-05
-3e-05
0.00036
0.00036
0.00017
0.00036
0.00036
0.00075
0.00036
0.00036
0.00036
0.00017
0.00017
0.00075
0.00075
0.00056
-0.00022
-3e-05
-3e-05
-0.00022
-3e-05
-0.00022
-3e-05
-0.00022
-3e-05
-0.00061
-0.00022
-0.00042
0.00017
-0.00022
-0.00022
-0.00042
-0.00042
-0.00042
-0.00061
-0.00042
-3e-05
-0.00042
-0.00081
-0.00042
-0.00022
-0.00042
-0.00042
-0.00042
-0.00061
-0.00042
-0.00042
-0.00042
-0.00042
0.00017
-0.00061
-0.00022
-0.00042
-0.00042
-0.00061
-0.001
-0.001
-0.001
-0.0012
-0.0012
-0.0012
-0.0012
-0.00081
-0.001
-0.001
-0.001
-0.00139
-0.00139
-0.0012
-0.00179
-0.001
-0.0012
-0.0012
-0.001
-0.00159
-0.00159
-0.00159
-0.00139
-0.00179
-0.00139
-0.00218
-0.00198
-0.00198
-0.00218
-0.00139
-0.00179
-0.00179
-0.00198
-0.00237
-0.00179
-0.001
-0.00139
-0.00159
-0.0012
-0.0012
-0.00159
-0.00179
-0.00218
-0.00179
-0.00179
-0.0012
-0.00159
-0.00179
-0.00159
-0.00179
-0.00179
-0.00159
-0.00179
-0.00198
-0.00179
-0.00159
-0.00139
-0.0012
-0.00159
-0.0012
-0.00159
-0.00179
-0.0012
-0.00179
-0.0012
-0.00159
-0.00159
-0.00139
-0.00218
-0.00198
-0.00179
-0.00159
-0.00218
-0.00237
-0.00237
-0.00198
-0.00139
-0.00179
-0.00159
-0.00198
-0.00179
-0.00179
-0.00159
-0.00179
-0.00159
-0.00179
-0.00218
-0.00179
-0.00198
-0.00159
-0.0012
-0.00179
-0.00159
-0.00218
-0.00218
-0.00198
-0.00179
-0.00218
-0.00179
-0.00218
-0.00179
-0.00218
-0.00159
-0.00179
-0.00139
-0.00198
-0.00179
-0.00218
-0.00139
-0.00159
-0.0012
-0.00159
-0.00139
-0.001
-0.001
-0.001
-0.00139
-0.0012
-0.00139
-0.00139
-0.0012
-0.00139
-0.00081
-0.00139
-0.00139
-0.00139
-0.00179
-0.00198
-0.00159
-0.00179
-0.00179
-0.00179
-0.00159
-0.00198
-0.00179
-0.00159
-0.00139
-0.00159
-0.00159
-0.00139
-0.00139
-0.0012
-0.00159
-0.00159
-0.00159
-0.00139
-0.0012
-0.0012
-0.0012
-0.00139
-0.00139
-0.0012
-0.00179
-0.00159
-0.00198
-0.00139
-0.00218
-0.00159
-0.0012
-0.00159
-0.00139
-0.0012
-0.0012
-0.00139
-0.00139
-0.00139
-0.0012
-0.00139
-0.00159
-0.00159
-0.00179
-0.00179
-0.00218
-0.00179
-0.00179
-0.00198
-0.00198
-0.00237
-0.00237
-0.00237
-0.00237
-0.00198
-0.00237
-0.00179
-0.00179
-0.00198
-0.00198
-0.00218
-0.00257
-0.00237
-0.00198
-0.00198
-0.00179
-0.00179
-0.00218
-0.00198
-0.00237
-0.00218
-0.00237
-0.00257
-0.00218
-0.00198
-0.00198
-0.00237
-0.00198
-0.00179
-0.00198
-0.00257
-0.00237
-0.00198
-0.00198
-0.00159
-0.00237
-0.00257
-0.00257
-0.00257
-0.00237
-0.00218
-0.00257
-0.00257
-0.00237
-0.00218
-0.00218
-0.00257
-0.00296
-0.00315
-0.00237
-0.00276
-0.00257
-0.00257
-0.00257
-0.00218
-0.00276
-0.00296
-0.00276
-0.00296
-0.00276
-0.00257
-0.00276
-0.00257
-0.00257
-0.00276
-0.00218
-0.00198
-0.00237
-0.00218
-0.00237
-0.00257
-0.00218
-0.00218
-0.00198
-0.00237
-0.00237
-0.00276
-0.00237
-0.00218
-0.00257
-0.00198
-0.00198
-0.00198
-0.00198
-0.00159
-0.00159
-0.00179
-0.00179
-0.00198
-0.00198
-0.00159
-0.00179
-0.00237
-0.00198
-0.00237
-0.00237
-0.00237
-0.00237
-0.00237
-0.00237
-0.00218
-0.00218
-0.00198
-0.00159
-0.00179
-0.00237
-0.00218
-0.00218
-0.00218
-0.00198
-0.00218
-0.00139
-0.00179
-0.00198
-0.00159
-0.0012
-0.00159
-0.00139
-0.00139
-0.00139
-0.00139
-0.00179
-0.00159
-0.00159
-0.001
-0.00179
-0.001
-0.00159
-0.00159
-0.00139
-0.00081
-0.0012
-0.0012
-0.001
-0.001
-0.001
-0.0012
-0.001
-0.00179
-0.0012
-0.00179
-0.00139
-0.00179
-0.00139
-0.00139
-0.00159
-0.00179
-0.00179
-0.00179
-0.00159
-0.00198
-0.00198
-0.00198
-0.00198
-0.00198
-0.00198
-0.00218
-0.00198
-0.00198
-0.00218
-0.00218
-0.00198
-0.00237
-0.00237
-0.00237
-0.00218
-0.00237
-0.00237
-0.00237
-0.00257
-0.00257
-0.00257
-0.00237
-0.00218
-0.00218
-0.00218
-0.00276
-0.00237
-0.00218
-0.00257
-0.00276
-0.00296
-0.00218
-0.00257
-0.00218
-0.00276
-0.00218
-0.00237
-0.00257
-0.00237
-0.00257
-0.00296
-0.00237
-0.00257
-0.00218
-0.00257
-0.00276
-0.00276
-0.00257
-0.00257
-0.00276
-0.00257
-0.00237
-0.00237
-0.00276
-0.00296
-0.00296
-0.00315
-0.00296
-0.00276
-0.00276
-0.00335
-0.00296
-0.00276
-0.00276
-0.00237
-0.00296
-0.00276
-0.00257
-0.00257
-0.00276
-0.00257
-0.00296
-0.00257
-0.00296
-0.00257
-0.00257
-0.00276
-0.00296
-0.00276
-0.00276
-0.00276
-0.00276
-0.00315
-0.00257
-0.00257
-0.00296
-0.00276
-0.00218
-0.00237
-0.00257
-0.00276
-0.00296
-0.00257
-0.00276
-0.00218
-0.00257
-0.00296
-0.00237
-0.00257
-0.00257
-0.00218
-0.00237
-0.00198
-0.00218
-0.00198
-0.00218
-0.00237
-0.00237
-0.00218
-0.00257
-0.00218
-0.00257
-0.00179
-0.00159
-0.00198
-0.00139
-0.00179
-0.00237
-0.00198
-0.00179
-0.00198
-0.00218
-0.00198
-0.00198
-0.00218
-0.00218
-0.00179
-0.00218
-0.00218
-0.00237
-0.00218
-0.00198
-0.00159
-0.00198
-0.001
-0.00159
-0.00139
-0.00179
-0.00159
-0.00159
-0.00159
-0.00139
-0.00198
-0.00159
-0.0012
-0.00218
-0.00218
-0.00218
-0.00179
-0.00198
-0.00218
-0.00218
-0.00237
-0.00179
-0.00218
-0.00218
-0.00237
-0.00179
-0.00179
-0.00198
-0.00179
-0.00179
-0.0012
-0.00159
-0.00198
-0.00198
-0.00218
-0.00276
-0.00198
-0.00198
-0.00218
-0.00237
-0.00198
-0.00218
-0.00198
-0.00218
-0.00198
-0.00237
-0.00237
-0.00237
-0.00237
-0.00276
-0.00237
-0.00257
-0.00257
-0.00237
-0.00218
-0.00179
-0.00218
-0.00218
-0.00159
-0.00198
-0.00179
-0.00237
-0.00218
-0.00237
-0.00179
-0.00237
-0.00218
-0.00237
-0.00198
-0.00198
-0.00198
-0.00198
-0.00237
-0.00237
-0.00218
-0.00198
-0.00179
-0.00237
-0.00218
-0.00198
-0.00198
-0.00218
-0.00198
-0.00159
-0.00159
-0.00159
-0.00179
-0.00139
-0.00139
-0.00139
-0.00159
-0.00179
