-1.195000336000E+00

-0.00276
-0.00276
-0.00198
-0.00257
-0.00296
-0.00276
-0.00218
-0.00198
-0.00237
-0.00257
-0.00257
-0.00257
-0.00296
-0.00257
-0.00257
-0.00296
-0.00237
-0.00276
-0.00218
-0.00237
-0.00218
-0.00218
-0.00218
-0.00296
-0.00237
-0.00257
-0.00257
-0.00237
-0.00237
-0.00237
-0.00237
-0.00237
-0.00179
-0.00218
-0.00198
-0.00198
-0.00198
-0.00198
-0.00198
-0.00159
-0.00179
-0.00218
-0.00198
-0.00218
-0.00218
-0.00257
-0.00198
-0.00237
-0.00179
-0.00179
-0.00139
-0.00179
-0.00198
-0.00198
-0.00179
-0.00139
-0.00179
-0.00218
-0.00179
-0.00237
-0.00218
-0.00237
-0.00218
-0.00198
-0.00198
-0.00218
-0.00218
-0.00198
-0.00198
-0.00276
-0.00257
-0.00237
-0.00179
-0.00237
-0.00179
-0.00198
-0.00179
-0.00198
-0.00139
-0.0012
-0.00159
-0.00198
-0.00179
-0.00179
-0.00198
-0.00179
-0.00159
-0.00159
-0.00179
-0.00218
-0.00237
-0.00218
-0.00257
-0.00237
-0.00218
-0.00237
-0.00198
-0.00218
-0.00198
-0.00198
-0.00198
-0.00237
-0.00218
-0.00237
-0.00237
-0.00237
-0.00276
-0.00237
-0.00218
-0.00198
-0.00218
-0.00218
-0.00198
-0.00218
-0.00237
-0.00237
-0.00198
-0.00218
-0.00218
-0.00276
-0.00198
-0.00237
-0.00218
-0.00257
-0.00198
-0.00237
-0.00179
-0.00179
-0.00218
-0.00237
-0.00139
-0.00179
-0.00139
-0.00218
-0.00218
-0.00218
-0.00198
-0.00218
-0.00218
-0.00257
-0.00237
-0.00237
-0.00218
-0.00237
-0.00218
-0.00237
-0.00237
-0.00237
-0.00257
-0.00237
-0.00198
-0.00198
-0.00179
-0.00159
-0.00179
-0.00237
-0.00218
-0.00218
-0.00237
-0.00237
-0.00237
-0.00237
-0.00218
-0.00257
-0.00257
-0.00276
-0.00276
-0.00276
-0.00257
-0.00257
-0.00257
-0.00257
-0.00257
-0.00257
-0.00276
-0.00257
-0.00257
-0.00237
-0.00218
-0.00237
-0.00198
-0.00198
-0.00237
-0.00218
-0.00257
-0.00218
-0.00179
-0.00218
-0.00257
-0.00237
-0.00218
-0.00159
-0.001
-0.00042
0.00114
0.00212
0.00271
0.00427
0.00486
0.00622
0.0072
0.00837
0.00915
0.00993
0.01052
0.01091
0.01208
0.01247
0.01247
0.01286
0.01325
0.01423
0.01501
0.01579
0.01716
0.01833
0.02087
0.02302
0.02712
0.02986
0.03318
0.03669
0.04021
0.04294
0.04607
0.04861
0.05114
0.05368
0.05603
0.0572
0.05915
0.06013
0.06189
0.06267
0.06384
0.0654
0.0656
0.06579
0.06657
0.06716
0.06755
0.06775
0.06853
0.06853
0.06892
0.06872
0.06872
0.06872
0.06833
0.06794
0.06755
0.06716
0.06638
0.06579
0.06579
0.06501
0.06482
0.06404
0.06364
0.06286
0.06208
0.0615
0.06091
0.06013
0.05915
0.05876
0.05837
0.05779
0.05739
0.05661
0.05564
0.05525
0.05446
0.05349
0.0529
0.05271
0.05232
0.05114
0.05114
0.05017
0.04958
0.04919
0.0488
0.04802
0.04763
0.04704
0.04587
0.04529
0.04489
0.04411
0.04392
0.04372
0.04275
0.04196
0.04157
0.04118
0.04001
0.03982
0.03962
0.03884
0.03806
0.03747
0.03669
0.0365
0.03591
0.03571
0.03513
0.03474
0.03435
0.03396
0.03376
0.03298
0.03279
0.0322
0.03181
0.03122
0.03103
0.03064
0.03044
0.02927
0.02907
0.02849
0.02888
0.0279
0.02771
0.02693
0.02712
0.02712
0.02732
0.02614
0.02556
0.02556
0.02517
0.02536
0.02439
0.02439
0.02478
0.02458
0.0238
0.0238
0.02321
0.02282
0.02263
0.02224
0.02224
0.02126
0.02126
0.02029
0.02087
0.02029
0.0197
0.0195
0.0197
0.01931
0.01872
0.01892
0.01833
0.01872
0.01853
0.01775
0.01794
0.01736
0.01696
0.01677
0.01618
0.01657
0.01638
0.0156
0.0154
0.01521
0.01521
0.01579
0.01521
0.01443
0.01443
0.01443
0.01443
0.01404
0.01364
0.01364
0.01364
0.01325
0.01325
0.01286
0.01306
0.01286
0.01325
0.01247
0.01267
0.01228
0.01267
0.01247
0.01189
0.0115
0.0115
0.01189
0.0113
0.01091
0.01091
0.01032
0.01032
0.01013
0.01013
0.00935
0.00954
0.00954
0.00935
0.00974
0.00935
0.00935
0.00896
0.00935
0.00876
0.00876
0.00915
0.00837
0.00818
0.00837
0.00818
0.00837
0.00798
0.00759
0.00759
0.00818
0.00759
0.00739
0.0072
0.00739
0.00681
0.00661
0.00661
0.00661
0.00661
0.00681
0.0072
0.007
0.00661
0.00642
0.00661
0.00661
0.00681
0.00681
0.00661
0.00681
0.00622
0.00622
0.00661
0.00622
0.00622
0.00544
0.00564
0.00564
0.00505
0.00544
0.00505
0.00505
0.00486
0.00466
0.00486
0.00446
0.00466
0.00446
0.00427
0.00466
0.00446
0.00446
0.00446
0.00407
0.00446
0.00368
0.00349
0.00407
0.00368
0.00349
0.0031
0.0029
0.0031
0.00251
0.0031
0.0029
0.0031
0.00271
0.0029
0.00232
0.00251
0.00251
0.00212
0.00212
0.00212
0.00251
0.00251
0.00212
0.00212
0.00212
0.00232
0.00251
0.00251
0.00173
0.00271
0.00193
0.00212
0.00173
0.00154
0.00154
0.00154
0.00134
0.00154
0.00075
0.00114
0.00114
0.00134
0.00095
0.00134
0.00154
0.00193
0.00173
0.00154
0.00154
0.00134
0.00134
0.00114
0.00095
0.00095
0.00095
0.00114
0.00095
0.00075
0.00075
0.00095
0.00075
0.00075
0.00075
-3e-05
-3e-05
0.00075
0.00075
0.00017
-3e-05
-3e-05
-0.00022
0.00017
-3e-05
0.00017
0.00036
0.00114
0.00056
0.00095
0.00017
0.00095
0.00017
0.00017
0.00036
0.00017
-3e-05
0.00017
0.00036
0.00036
-0.00022
0.00036
0.00036
0.00036
0.00017
-3e-05
-0.00022
-0.00022
-3e-05
-0.00042
-0.00022
-0.00022
-3e-05
-0.00022
-0.00042
-0.00022
-0.00061
-0.00042
-0.00061
-0.00022
-0.00042
-0.00022
-0.001
-0.00042
-0.00081
-0.00081
-0.001
-0.00042
-0.00081
-0.00061
-0.00061
-0.00061
-0.00081
-0.00081
-0.00061
-0.00081
-0.00042
-0.00061
-0.00081
-0.00042
-0.00042
-0.00042
-0.00022
-0.00042
-0.00042
-0.00022
0.00056
-3e-05
-0.00061
-0.00061
-0.00061
-0.0012
-0.00061
-0.00042
-0.00081
-0.001
-0.00139
-0.0012
-0.001
-0.00081
-0.001
-0.00139
-0.001
-0.001
-0.00159
-0.00139
-0.00139
-0.00159
-0.00159
-0.00139
-0.00159
-0.00159
-0.00179
-0.00159
-0.00139
-0.00159
-0.00159
-0.00179
-0.00159
-0.00179
-0.00198
-0.00179
-0.00159
-0.00179
-0.00159
-0.00179
-0.00139
-0.00198
-0.00179
-0.00159
-0.00159
-0.0012
-0.0012
-0.00159
-0.00159
-0.00179
-0.00198
-0.00139
-0.0012
-0.0012
-0.00159
-0.0012
-0.00159
-0.001
-0.00159
-0.00139
-0.00179
-0.001
-0.00139
-0.0012
-0.00159
-0.00159
-0.00159
-0.00139
-0.00139
-0.001
-0.001
-0.00081
-0.00139
-0.00139
-0.00159
-0.00179
-0.001
-0.00179
-0.00179
-0.00179
-0.00198
-0.00139
-0.00198
-0.00159
-0.00159
-0.0012
-0.00159
-0.00198
-0.00179
-0.00159
-0.00179
-0.00139
-0.0012
-0.0012
-0.00139
-0.0012
-0.0012
-0.001
-0.00139
-0.00179
-0.00081
-0.00159
-0.00159
-0.0012
-0.00139
-0.00198
-0.00159
-0.00179
-0.00159
-0.00179
-0.00179
-0.00179
-0.00179
-0.00198
-0.00179
-0.00237
-0.00218
-0.00198
-0.00179
-0.00179
-0.00179
-0.00218
-0.00257
-0.00179
-0.00198
-0.00218
-0.00257
-0.00218
-0.00276
-0.00296
-0.00296
-0.00257
-0.00218
-0.00237
-0.00315
-0.00296
-0.00296
-0.00257
-0.00296
-0.00276
-0.00276
-0.00237
-0.00218
-0.00198
-0.00257
-0.00237
-0.00198
-0.00218
-0.00237
-0.00179
-0.00218
-0.00159
-0.00198
-0.00198
-0.00198
-0.00159
-0.00159
-0.00139
-0.00159
-0.00159
-0.0012
-0.00159
-0.00198
-0.00198
-0.00159
-0.00179
-0.00159
-0.00139
-0.00179
-0.00179
-0.00139
-0.00218
-0.00198
-0.00179
-0.00198
-0.00218
-0.00198
-0.00198
-0.00237
-0.00218
-0.00276
-0.00257
-0.00218
-0.00218
-0.00218
-0.00198
-0.00237
-0.00237
-0.00237
-0.00257
-0.00237
-0.00257
-0.00276
-0.00237
-0.00237
-0.00198
-0.00237
-0.00237
-0.00237
-0.00198
-0.00237
-0.00257
-0.00276
-0.00276
-0.00315
-0.00237
-0.00296
-0.00257
-0.00198
-0.00237
-0.00198
-0.00218
-0.00237
-0.00257
-0.00257
-0.00218
-0.00218
-0.00198
-0.00179
-0.00179
-0.00179
-0.00179
-0.00179
-0.00237
-0.00198
-0.00159
-0.00179
-0.00179
-0.00179
-0.00179
-0.00218
-0.00218
-0.00179
-0.00218
-0.00237
-0.00179
-0.00218
-0.00237
-0.00276
-0.00218
-0.00237
-0.00237
-0.00237
-0.00257
-0.00198
-0.00237
-0.00237
-0.00198
-0.00257
-0.00218
-0.00237
-0.00198
-0.00237
-0.00218
-0.00218
-0.00237
-0.00237
-0.00237
-0.00257
-0.00257
-0.00237
-0.00237
-0.00276
-0.00257
-0.00218
-0.00218
-0.00257
-0.00237
-0.00237
-0.00237
-0.00276
-0.00315
-0.00257
-0.00257
-0.00296
-0.00218
-0.00257
-0.00257
-0.00257
-0.00218
-0.00257
-0.00257
-0.00296
-0.00257
-0.00276
-0.00296
-0.00257
-0.00257
-0.00257
-0.00276
-0.00296
-0.00296
-0.00257
-0.00257
-0.00237
-0.00237
-0.00198
-0.00198
-0.00237
-0.00198
-0.00198
-0.00179
-0.00198
-0.00237
-0.00198
-0.00218
-0.00179
-0.00198
-0.00179
-0.00198
-0.00198
-0.00159
-0.00237
-0.00218
-0.00198
-0.00218
-0.00159
-0.00179
-0.00198
-0.00179
-0.00198
-0.00198
-0.00237
-0.00257
-0.00237
-0.00257
-0.00237
-0.00218
-0.00257
-0.00237
-0.00237
-0.00218
-0.00218
-0.00237
-0.00276
-0.00257
-0.00257
-0.00237
-0.00237
-0.00218
-0.00237
-0.00237
-0.00257
-0.00218
-0.00257
-0.00237
-0.00237
-0.00218
-0.00237
-0.00257
-0.00237
-0.00257
-0.00257
-0.00159
-0.00218
-0.00218
-0.00237
-0.00237
-0.00237
-0.00218
-0.00257
-0.00237
-0.00257
-0.00296
-0.00218
-0.00237
-0.00257
-0.00276
-0.00276
-0.00276
-0.00257
-0.00257
-0.00198
-0.00218
-0.00237
-0.00237
-0.00257
-0.00218
-0.00257
-0.00218
-0.00237
-0.00198
-0.00218
-0.00237
-0.00257
-0.00257
-0.00257
-0.00237
-0.00237
-0.00257
-0.00276
-0.00257
-0.00296
-0.00218
-0.00296
-0.00237
-0.00237
-0.00179
-0.00218
-0.00218
-0.00257
-0.00237
-0.00237
-0.00218
-0.00218
-0.00218
-0.00237
-0.00198
-0.00218
-0.00218
-0.00257
-0.00257
-0.00237
-0.00257
-0.00257
-0.00237
-0.00198
-0.00218
-0.00237
-0.00257
-0.00218
-0.00198
-0.00198
-0.00198
-0.00218
-0.00237
-0.00218
-0.00198
-0.00198
-0.00218
-0.00237
-0.00218
-0.00257
-0.00257
-0.00257
-0.00276
-0.00276
-0.00276
-0.00218
-0.00237
-0.00315
-0.00276
-0.00276
-0.00237
-0.00218
-0.00257
-0.00257
-0.00218
-0.00276
-0.00296
-0.00237
-0.00276
-0.00237
-0.00257
-0.00276
-0.00218
-0.00218
-0.00198
-0.00257
-0.00257
-0.00257
-0.00257
-0.00237
-0.00276
-0.00257
-0.00198
-0.00257
-0.00237
-0.00257
-0.00179
-0.00198
-0.00218
-0.00218
-0.00218
-0.00198
-0.00198
-0.00159
-0.00159
-0.00218
-0.00237
-0.00218
-0.00218
-0.00257
-0.00218
-0.00159
-0.00179
-0.00198
-0.00218
-0.00179
-0.00237
-0.00237
-0.00218
-0.00218
-0.00218
-0.00218
-0.00257
-0.00276
-0.00237
-0.00257
-0.00218
-0.00237
-0.00237
-0.00276
-0.00257
-0.00237
-0.00237
-0.00218
-0.00237
-0.00237
-0.00237
-0.00218
-0.00257
-0.00296
-0.00237
-0.00276
-0.00276
-0.00257
-0.00237
-0.00276
-0.00218
-0.00257
-0.00237
-0.00296
-0.00276
-0.00276
-0.00237
-0.00218
-0.00218
-0.00198
-0.00198
-0.00237
-0.00218
-0.00218
-0.00218
-0.00218
-0.00179
-0.00198
-0.00179
-0.00237
-0.00218
-0.00198
-0.00237
-0.00198
-0.00179
-0.00179
-0.00179
-0.00237
-0.00218
-0.00179
-0.00179
-0.00218
-0.00218
-0.00257
-0.00257
-0.00315
-0.00276
-0.00257
-0.00257
-0.00198
-0.00237
-0.00218
-0.00198
-0.00257
-0.00218
-0.00237
-0.00257
-0.00257
-0.00198
-0.00257
-0.00237
-0.00276
-0.00237
-0.00237
-0.00237
-0.00218
-0.00218
-0.00237
-0.00237
-0.00296
-0.00237
-0.00198
-0.00237
-0.00257
-0.00218
-0.00218
-0.00198
-0.00257
-0.00276
-0.00237
-0.00257
-0.00218
-0.00237
-0.00237
-0.00276
-0.00296
-0.00276
-0.00276
