-1.191000332800E+00

-0.00257
-0.00296
-0.00276
-0.00257
-0.00198
-0.00257
-0.00237
-0.00257
-0.00237
-0.00276
-0.00257
-0.00257
-0.00276
-0.00257
-0.00276
-0.00257
-0.00257
-0.00257
-0.00237
-0.00276
-0.00237
-0.00276
-0.00257
-0.00276
-0.00276
-0.00276
-0.00276
-0.00276
-0.00257
-0.00237
-0.00276
-0.00218
-0.00257
-0.00257
-0.00237
-0.00237
-0.00257
-0.00315
-0.00276
-0.00276
-0.00257
-0.00257
-0.00276
-0.00237
-0.00276
-0.00257
-0.00276
-0.00237
-0.00257
-0.00315
-0.00296
-0.00276
-0.00257
-0.00257
-0.00296
-0.00276
-0.00276
-0.00257
-0.00296
-0.00315
-0.00257
-0.00296
-0.00276
-0.00276
-0.00257
-0.00296
-0.00257
-0.00276
-0.00257
-0.00257
-0.00237
-0.00257
-0.00198
-0.00237
-0.00257
-0.00257
-0.00257
-0.00237
-0.00218
-0.00159
-0.00218
-0.00237
-0.00257
-0.00218
-0.00218
-0.00198
-0.00237
-0.00237
-0.00218
-0.00257
-0.00237
-0.00237
-0.00237
-0.00218
-0.00257
-0.00237
-0.00257
-0.00296
-0.00296
-0.00276
-0.00315
-0.00296
-0.00296
-0.00276
-0.00296
-0.00257
-0.00276
-0.00257
-0.00296
-0.00237
-0.00276
-0.00276
-0.00296
-0.00315
-0.00315
-0.00257
-0.00296
-0.00315
-0.00335
-0.00296
-0.00296
-0.00276
-0.00315
-0.00335
-0.00296
-0.00296
-0.00237
-0.00276
-0.00257
-0.00315
-0.00276
-0.00218
-0.00257
-0.00237
-0.00257
-0.00237
-0.00257
-0.00257
-0.00237
-0.00237
-0.00257
-0.00237
-0.00257
-0.00198
-0.00218
-0.00257
-0.00237
-0.00276
-0.00257
-0.00237
-0.00218
-0.00257
-0.00237
-0.00237
-0.00237
-0.00257
-0.00237
-0.00198
-0.00237
-0.00218
-0.00237
-0.00276
-0.00237
-0.00257
-0.00257
-0.00237
-0.00276
-0.00276
-0.00237
-0.00257
-0.00276
-0.00276
-0.00257
-0.00257
-0.00218
-0.00276
-0.00276
-0.00296
-0.00296
-0.00276
-0.00276
-0.00315
-0.00276
-0.00315
-0.00276
-0.00296
-0.00335
-0.00315
-0.00296
-0.00296
-0.00276
-0.00276
-0.00296
-0.00315
-0.00315
-0.00276
-0.00276
-0.00296
-0.00315
-0.00296
-0.00257
-0.00296
-0.00198
-0.0012
-0.00022
0.00056
0.00154
0.00329
0.00388
0.00525
0.00661
0.00818
0.01032
0.01228
0.01462
0.01794
0.02126
0.02517
0.02888
0.03298
0.03669
0.0406
0.04392
0.04821
0.05232
0.05661
0.06091
0.0656
0.06931
0.07321
0.07693
0.08083
0.08357
0.08669
0.08923
0.09138
0.09333
0.09509
0.09685
0.09821
0.09978
0.10075
0.10114
0.10212
0.1029
0.10368
0.10349
0.10427
0.10368
0.10368
0.10388
0.10388
0.10329
0.1029
0.10251
0.10212
0.10075
0.10056
0.09958
0.099
0.09841
0.09782
0.09665
0.09587
0.09509
0.09372
0.09294
0.09216
0.09118
0.08982
0.08864
0.08825
0.08728
0.0863
0.08532
0.08493
0.08337
0.08279
0.08083
0.08044
0.07966
0.07849
0.07751
0.07673
0.07497
0.07478
0.07361
0.07321
0.07185
0.07126
0.07009
0.06892
0.06794
0.06755
0.06677
0.0656
0.0654
0.06443
0.06384
0.06267
0.06208
0.0613
0.06052
0.06013
0.05935
0.05876
0.05818
0.05739
0.05642
0.05583
0.05446
0.05407
0.05349
0.0529
0.05173
0.05095
0.05017
0.04978
0.0488
0.04821
0.04743
0.04685
0.04607
0.04587
0.04529
0.04529
0.04392
0.04372
0.04314
0.04275
0.04196
0.04118
0.0406
0.0406
0.0406
0.03943
0.03904
0.03864
0.03786
0.03786
0.03786
0.03708
0.0363
0.03571
0.0363
0.03591
0.03474
0.03415
0.03396
0.03337
0.03318
0.03337
0.03298
0.03259
0.03161
0.03181
0.03103
0.03103
0.03025
0.02966
0.03005
0.02927
0.02888
0.02868
0.02849
0.0281
0.0279
0.02771
0.02751
0.02693
0.02673
0.02654
0.02595
0.02556
0.02556
0.02536
0.02497
0.02419
0.024
0.02341
0.02302
0.02302
0.02321
0.02263
0.02243
0.02165
0.02126
0.02126
0.02107
0.02087
0.02048
0.02009
0.02048
0.01989
0.0195
0.01931
0.01853
0.01892
0.01833
0.01833
0.01775
0.01736
0.01716
0.01716
0.01677
0.01677
0.01618
0.01599
0.01579
0.0154
0.0154
0.01521
0.01462
0.01482
0.01443
0.01462
0.01384
0.01364
0.01345
0.01345
0.01384
0.01306
0.01306
0.01267
0.01267
0.01208
0.01208
0.01208
0.01189
0.01169
0.01091
0.01111
0.0113
0.01091
0.01052
0.01052
0.01013
0.01032
0.01013
0.01013
0.01013
0.01013
0.00993
0.00974
0.00974
0.00974
0.00954
0.00954
0.00954
0.00935
0.00954
0.00896
0.00876
0.00837
0.00818
0.00857
0.00837
0.00837
0.00798
0.00857
0.00779
0.00857
0.00818
0.00798
0.00837
0.00857
0.00818
0.00759
0.00779
0.00739
0.00739
0.0072
0.007
0.00681
0.00661
0.00622
0.00642
0.00642
0.00642
0.00681
0.00642
0.00603
0.00583
0.00544
0.00525
0.00505
0.00544
0.00544
0.00544
0.00505
0.00505
0.00505
0.00486
0.00486
0.00486
0.00486
0.00446
0.00446
0.00466
0.00407
0.00407
0.00407
0.00368
0.00388
0.00368
0.00349
0.00349
0.00368
0.00349
0.00407
0.00388
0.00388
0.00349
0.00388
0.00368
0.0031
0.0029
0.00329
0.0031
0.00329
0.0031
0.00349
0.0029
0.0031
0.0029
0.0031
0.00271
0.00251
0.00212
0.00193
0.00271
0.00271
0.00212
0.00212
0.00193
0.00212
0.00251
0.00193
0.00193
0.00193
0.00193
0.00154
0.00173
0.00173
0.00095
0.00095
0.00114
0.00095
0.00134
0.00134
0.00134
0.00154
0.00134
0.00154
0.00173
0.00134
0.00134
0.00114
0.00154
0.00154
0.00114
0.00095
0.00114
0.00114
0.00154
0.00095
0.00095
0.00095
0.00095
0.00095
0.00056
0.00056
0.00056
0.00056
0.00036
0.00075
0.00036
0.00056
0.00036
0.00036
0.00036
0.00036
-0.00042
-0.00022
-3e-05
-0.00022
-0.00042
-0.00042
-0.00061
-3e-05
0.00017
0.00017
-0.00022
-0.00042
-0.00022
0.00017
-0.00022
0.00017
-0.00022
-0.00061
-0.00022
-0.00042
0.00017
0.00017
-0.00022
-0.00022
-0.00022
-3e-05
-3e-05
-0.00022
0.00017
0.00017
0.00036
-3e-05
-3e-05
-3e-05
0.00036
0.00036
0.00036
0.00017
0.00017
0.00036
-0.00081
-0.00022
-0.00061
-0.00042
-0.00042
-0.00042
-0.00042
-0.00042
-0.00061
-0.00042
-0.001
-0.00081
-0.00139
-0.0012
-0.0012
-0.0012
-0.00139
-0.001
-0.0012
-0.0012
-0.001
-0.00042
-0.0012
-0.001
-0.00159
-0.00159
-0.00139
-0.00139
-0.00139
-0.001
-0.0012
-0.00081
-0.00139
-0.0012
-0.0012
-0.001
-0.0012
-0.00198
-0.00198
-0.00139
-0.00159
-0.00198
-0.00198
-0.00159
-0.00237
-0.00198
-0.00198
-0.00198
-0.00159
-0.00139
-0.00159
-0.00179
-0.00139
-0.00159
-0.00179
-0.00179
-0.00159
-0.0012
-0.00139
-0.00139
-0.00159
-0.0012
-0.00139
-0.00139
-0.00159
-0.00139
-0.00179
-0.00139
-0.00179
-0.0012
-0.0012
-0.00081
-0.00159
-0.00139
-0.001
-0.00139
-0.00159
-0.00139
-0.0012
-0.00139
-0.00159
-0.001
-0.00139
-0.00179
-0.00139
-0.00159
-0.001
-0.00139
-0.001
-0.0012
-0.00139
-0.0012
-0.00139
-0.00139
-0.00179
-0.00159
-0.00179
-0.00159
-0.00198
-0.00179
-0.00218
-0.00237
-0.00198
-0.00237
-0.00218
-0.00218
-0.00237
-0.00237
-0.00179
-0.00218
-0.00218
-0.00218
-0.00276
-0.00237
-0.00257
-0.00257
-0.00276
-0.00276
-0.00237
-0.00257
-0.00257
-0.00237
-0.00276
-0.00276
-0.00257
-0.00237
-0.00198
-0.00257
-0.00237
-0.00179
-0.00218
-0.00198
-0.00237
-0.00179
-0.00198
-0.00198
-0.00159
-0.00179
-0.00198
-0.00218
-0.00257
-0.00198
-0.00198
-0.00218
-0.00218
-0.00198
-0.00198
-0.00218
-0.00179
-0.00198
-0.00198
-0.00179
-0.00218
-0.00218
-0.00198
-0.00218
-0.00218
-0.00159
-0.00198
-0.00218
-0.00218
-0.00198
-0.00218
-0.00198
-0.00198
-0.00237
-0.00139
-0.00179
-0.00218
-0.00257
-0.00218
-0.00198
-0.00218
-0.00198
-0.00237
-0.00218
-0.00237
-0.00198
-0.00257
-0.00218
-0.00237
-0.00218
-0.00237
-0.00218
-0.00198
-0.00198
-0.00159
-0.00179
-0.00237
-0.00218
-0.00179
-0.00218
-0.00257
-0.00257
-0.00198
-0.00257
-0.00237
-0.00276
-0.00257
-0.00257
-0.00257
-0.00237
-0.00237
-0.00237
-0.00276
-0.00257
-0.00198
-0.00198
-0.00218
-0.00218
-0.00179
-0.00218
-0.00179
-0.00218
-0.00179
-0.00218
-0.00139
-0.00198
-0.00179
-0.00237
-0.00218
-0.00198
-0.00198
-0.00218
-0.00179
-0.00198
-0.00218
-0.00198
-0.00198
-0.00198
-0.00159
-0.00159
-0.00179
-0.00159
-0.00139
-0.00139
-0.00159
-0.0012
-0.00179
-0.00179
-0.00159
-0.001
-0.0012
-0.001
-0.0012
-0.0012
-0.001
-0.00081
-0.0012
-0.00139
-0.001
-0.0012
-0.00139
-0.001
-0.00139
-0.0012
-0.00139
-0.001
-0.00139
-0.00159
-0.00198
-0.00198
-0.00139
-0.00198
-0.00276
-0.00237
-0.00237
-0.00237
-0.00296
-0.00276
-0.00315
-0.00296
-0.00296
-0.00335
-0.00335
-0.00374
-0.00393
-0.00393
-0.00393
-0.00374
-0.00393
-0.00335
-0.00354
-0.00354
-0.00374
-0.00374
-0.00393
-0.00374
-0.00432
-0.00315
-0.00335
-0.00374
-0.00374
-0.00354
-0.00335
-0.00374
-0.00354
-0.00374
-0.00335
-0.00354
-0.00374
-0.00354
-0.00354
-0.00335
-0.00335
-0.00315
-0.00276
-0.00315
-0.00315
-0.00296
-0.00315
-0.00276
-0.00315
-0.00315
-0.00315
-0.00276
-0.00315
-0.00276
-0.00257
-0.00296
-0.00276
-0.00315
-0.00257
-0.00276
-0.00315
-0.00335
-0.00296
-0.00315
-0.00296
-0.00296
-0.00296
-0.00335
-0.00296
-0.00276
-0.00276
-0.00237
-0.00276
-0.00257
-0.00257
-0.00257
-0.00276
-0.00218
-0.00237
-0.00257
-0.00257
-0.00237
-0.00237
-0.00257
-0.00257
-0.00276
-0.00218
-0.00237
-0.00218
-0.00218
-0.00237
-0.00198
-0.00198
-0.00198
-0.00218
-0.00198
-0.00218
-0.00237
-0.00179
-0.00159
-0.00179
-0.00198
-0.00237
-0.00179
-0.00218
-0.00179
-0.00218
-0.00218
-0.00198
-0.00237
-0.00218
-0.00237
-0.00237
-0.00198
-0.00179
-0.00179
-0.00237
-0.00218
-0.00257
-0.00218
-0.00218
-0.00198
-0.00198
-0.00179
-0.00237
-0.00276
-0.00198
-0.00198
-0.00179
-0.00218
-0.00218
-0.00257
-0.00237
-0.00276
-0.00257
-0.00218
-0.00198
-0.00218
-0.00276
-0.00257
-0.00218
-0.00276
-0.00218
-0.00257
-0.00257
-0.00257
-0.00257
-0.00218
-0.00237
-0.00354
-0.00296
-0.00296
-0.00296
-0.00296
-0.00296
-0.00315
-0.00354
-0.00374
-0.00374
-0.00413
-0.00452
-0.00413
-0.00393
-0.00413
-0.00432
-0.00393
-0.00413
-0.00413
-0.00393
-0.00393
-0.00393
-0.00374
-0.00335
-0.00393
-0.00393
-0.00354
-0.00335
-0.00374
-0.00335
-0.00335
-0.00354
-0.00354
-0.00354
-0.00315
-0.00374
-0.00315
-0.00276
-0.00296
-0.00296
-0.00276
-0.00276
-0.00296
-0.00296
-0.00276
-0.00276
-0.00237
-0.00276
-0.00237
-0.00237
-0.00218
-0.00237
-0.00198
-0.00218
-0.00179
-0.00218
-0.00218
-0.00198
-0.00198
-0.00198
-0.00218
-0.00257
-0.00237
-0.00218
-0.00296
-0.00257
-0.00218
-0.00276
-0.00218
-0.00257
-0.00198
-0.00237
-0.00237
-0.00257
-0.00257
-0.00276
-0.00257
-0.00257
-0.00276
-0.00296
-0.00315
-0.00296
-0.00315
-0.00296
-0.00315
-0.00315
-0.00335
-0.00315
-0.00335
-0.00354
-0.00296
-0.00296
-0.00335
-0.00257
-0.00354
-0.00354
-0.00335
-0.00315
-0.00296
-0.00315
-0.00237
-0.00257
-0.00237
-0.00237
-0.00237
-0.00276
-0.00257
-0.00257
-0.00257
-0.00257
-0.00296
-0.00315
-0.00315
-0.00276
-0.00218
-0.00218
-0.00276
-0.00296
-0.00257
-0.00296
-0.00296
-0.00276
-0.00276
-0.00296
-0.00296
-0.00276
-0.00276
-0.00296
-0.00257
-0.00276
-0.00276
-0.00296
-0.00315
-0.00354
-0.00335
-0.00335
-0.00374
-0.00276
-0.00315
-0.00315
-0.00315
-0.00354
-0.00335
-0.00354
-0.00354
-0.00335
-0.00354
-0.00335
-0.00276
-0.00315
-0.00257
-0.00276
-0.00276
-0.00257
-0.00315
-0.00335
-0.00315
-0.00315
-0.00296
-0.00335
-0.00354
-0.00315
-0.00335
-0.00335
-0.00315
