-1.555000435200E+00

-0.00257
-0.00276
-0.00296
-0.00296
-0.00335
-0.00315
-0.00276
-0.00296
-0.00276
-0.00315
-0.00276
-0.00315
-0.00315
-0.00296
-0.00296
-0.00296
-0.00237
-0.00257
-0.00257
-0.00276
-0.00198
-0.00218
-0.00159
-0.00179
-0.00218
-0.00198
-0.00237
-0.00237
-0.00276
-0.00276
-0.00218
-0.00276
-0.00218
-0.00296
-0.00257
-0.00276
-0.00257
-0.00257
-0.00257
-0.00296
-0.00198
-0.00198
-0.00237
-0.00237
-0.00257
-0.00257
-0.00237
-0.00315
-0.00315
-0.00315
-0.00315
-0.00354
-0.00296
-0.00296
-0.00315
-0.00315
-0.00335
-0.00354
-0.00315
-0.00335
-0.00335
-0.00315
-0.00354
-0.00335
-0.00354
-0.00335
-0.00315
-0.00296
-0.00296
-0.00276
-0.00315
-0.00315
-0.00315
-0.00296
-0.00296
-0.00296
-0.00276
-0.00276
-0.00237
-0.00276
-0.00257
-0.00276
-0.00276
-0.00237
-0.00218
-0.00237
-0.00237
-0.00237
-0.00257
-0.00257
-0.00296
-0.00257
-0.00237
-0.00257
-0.00179
-0.00237
-0.00198
-0.00218
-0.00198
-0.00218
-0.00218
-0.00198
-0.00237
-0.00237
-0.00198
-0.00237
-0.00159
-0.00198
-0.00218
-0.00237
-0.00198
-0.00218
-0.00198
-0.00218
-0.00257
-0.00257
-0.00237
-0.00237
-0.00218
-0.00198
-0.00218
-0.00218
-0.00198
-0.00218
-0.00218
-0.00218
-0.00276
-0.00218
-0.00237
-0.00198
-0.00198
-0.00218
-0.00218
-0.00198
-0.00257
-0.00218
-0.00198
-0.00218
-0.00218
-0.00237
-0.00218
-0.00159
-0.00179
-0.00218
-0.00237
-0.00198
-0.00218
-0.00237
-0.00198
-0.00179
-0.00237
-0.00218
-0.00237
-0.00237
-0.00237
-0.00276
-0.00315
-0.00257
-0.00335
-0.00354
-0.00276
-0.00315
-0.00296
-0.00354
-0.00296
-0.00315
-0.00315
-0.00296
-0.00315
-0.00354
-0.00315
-0.00354
-0.00315
-0.00374
-0.00315
-0.00354
-0.00257
-0.00257
-0.00237
-0.00276
-0.00335
-0.00315
-0.00276
-0.00315
-0.00296
-0.00296
-0.00276
-0.00335
-0.00257
-0.00257
-0.00257
-0.00218
-0.00179
-0.0012
-0.00042
0.00075
0.00212
0.00329
0.00446
0.00564
0.00661
0.00759
0.00876
0.00935
0.01013
0.0113
0.01247
0.01404
0.01579
0.01794
0.01989
0.02126
0.02497
0.02732
0.03161
0.03454
0.03923
0.04353
0.04743
0.05154
0.05564
0.05974
0.06364
0.06814
0.07185
0.07556
0.07849
0.08181
0.08493
0.08786
0.0904
0.09196
0.09431
0.09626
0.09821
0.09978
0.10017
0.10173
0.10193
0.1031
0.1031
0.10349
0.10368
0.10368
0.10407
0.10427
0.10368
0.10349
0.1029
0.1029
0.10251
0.10154
0.10075
0.09997
0.09978
0.099
0.09821
0.09724
0.09626
0.09548
0.0945
0.09372
0.09294
0.09138
0.09001
0.08982
0.08845
0.08786
0.0865
0.08571
0.08474
0.08376
0.08318
0.082
0.08103
0.07986
0.07907
0.07751
0.07712
0.07654
0.07517
0.07478
0.07361
0.07263
0.07146
0.07107
0.06989
0.06911
0.06872
0.06736
0.06638
0.06579
0.06482
0.06423
0.06325
0.06189
0.0613
0.06071
0.05974
0.05876
0.05837
0.05779
0.05739
0.05642
0.05583
0.05486
0.05446
0.05349
0.0529
0.05193
0.05134
0.05036
0.04958
0.04939
0.04861
0.04821
0.04743
0.04743
0.04665
0.04626
0.04548
0.0447
0.04411
0.04372
0.04314
0.04216
0.04216
0.04138
0.04138
0.04099
0.04079
0.03982
0.03943
0.03904
0.03884
0.03864
0.03806
0.03786
0.03747
0.03689
0.0365
0.03591
0.03552
0.03435
0.03415
0.03415
0.03357
0.03298
0.03259
0.032
0.032
0.03122
0.03122
0.03025
0.03025
0.02946
0.02986
0.02946
0.02907
0.02907
0.02829
0.0281
0.0279
0.0279
0.02712
0.02654
0.02654
0.02614
0.02595
0.02517
0.02478
0.02419
0.02419
0.02341
0.02341
0.02302
0.02302
0.02204
0.02224
0.02185
0.02126
0.02126
0.02068
0.02087
0.02048
0.02048
0.01989
0.0195
0.0195
0.01911
0.01892
0.01833
0.01853
0.01853
0.01814
0.01853
0.01755
0.01716
0.01716
0.01677
0.01677
0.01657
0.01638
0.01599
0.01579
0.01599
0.0156
0.01521
0.01501
0.01501
0.01462
0.01443
0.01443
0.01443
0.01404
0.01404
0.01404
0.01384
0.01306
0.01345
0.01286
0.01306
0.01306
0.01306
0.01267
0.01247
0.01306
0.01208
0.01169
0.01189
0.0113
0.0113
0.0115
0.01091
0.01111
0.01071
0.01052
0.01052
0.01013
0.01013
0.01032
0.01013
0.01032
0.00954
0.00935
0.00915
0.00915
0.00915
0.00896
0.00837
0.00837
0.00818
0.00818
0.00798
0.00818
0.00798
0.00759
0.00779
0.00759
0.0072
0.007
0.00681
0.007
0.00642
0.00642
0.00642
0.00622
0.00603
0.00583
0.00583
0.00603
0.00544
0.00505
0.00505
0.00544
0.00525
0.00525
0.00505
0.00505
0.00525
0.00505
0.00525
0.00446
0.00466
0.00486
0.00505
0.00525
0.00466
0.00466
0.00446
0.00427
0.00446
0.00466
0.00446
0.00427
0.00446
0.00427
0.00446
0.00427
0.00446
0.00407
0.00368
0.00427
0.00407
0.00446
0.00446
0.00407
0.00427
0.00407
0.00388
0.00388
0.00368
0.00368
0.00329
0.00349
0.0031
0.0031
0.0031
0.00232
0.00212
0.00232
0.00251
0.00251
0.00251
0.00251
0.00212
0.00232
0.00232
0.00232
0.00173
0.00193
0.00173
0.00173
0.00154
0.00193
0.00114
0.00193
0.00134
0.00114
0.00154
0.00134
0.00134
0.00095
0.00095
0.00095
0.00095
0.00095
0.00114
0.00075
0.00114
0.00075
0.00095
0.00095
0.00134
0.00154
0.00114
0.00075
0.00075
0.00075
0.00095
0.00114
0.00056
0.00056
0.00095
0.00075
0.00075
0.00056
0.00075
0.00036
-3e-05
0.00056
0.00075
0.00017
0.00017
0.00036
0.00036
0.00036
0.00017
0.00017
0.00017
-0.00042
-3e-05
-0.00022
-0.00022
-3e-05
-0.00022
0.00017
-3e-05
0.00017
-0.00022
-0.00022
-0.00042
0.00017
-0.00022
0.00017
0.00017
0.00017
-0.00042
-3e-05
-0.00022
-0.00022
-0.00022
-0.00022
-3e-05
-0.00061
-3e-05
-0.00022
-0.00081
-0.00022
-0.00042
-3e-05
-0.00061
-0.00042
-0.00022
-0.001
-0.00061
-0.00061
-0.001
-0.001
-0.0012
-0.00159
-0.001
-0.00061
-0.00081
-0.00061
-0.00139
-0.00042
-0.00081
-0.00061
-0.00081
-0.0012
-0.00081
-0.00139
-0.00081
-0.00081
-0.001
-0.001
-0.001
-0.00061
-0.00159
-0.0012
-0.00139
-0.001
-0.0012
-0.00139
-0.001
-0.00081
-0.0012
-0.00081
-0.001
-0.00042
-0.00042
-0.00022
-0.00042
-0.00061
-0.00061
-0.00081
-0.001
-0.001
-0.001
-0.00081
-0.001
-0.001
-0.0012
-0.00139
-0.001
-0.0012
-0.001
-0.00159
-0.00179
-0.00139
-0.00179
-0.00179
-0.001
-0.0012
-0.00139
-0.0012
-0.00139
-0.00139
-0.00218
-0.00198
-0.00198
-0.00179
-0.00198
-0.00218
-0.00198
-0.00257
-0.00218
-0.00218
-0.00237
-0.00237
-0.00257
-0.00198
-0.00218
-0.00218
-0.00198
-0.00237
-0.00198
-0.00179
-0.00179
-0.00257
-0.00198
-0.00237
-0.00237
-0.00198
-0.00218
-0.00159
-0.00237
-0.00257
-0.00198
-0.00218
-0.00218
-0.00179
-0.00218
-0.00198
-0.00218
-0.00179
-0.00179
-0.00139
-0.00218
-0.00159
-0.00218
-0.00179
-0.00218
-0.00218
-0.00218
-0.00237
-0.00198
-0.00179
-0.00198
-0.00159
-0.00218
-0.00198
-0.00179
-0.00179
-0.00179
-0.00198
-0.00218
-0.00198
-0.00237
-0.00237
-0.00198
-0.00198
-0.00198
-0.00179
-0.00198
-0.00237
-0.00218
-0.00237
-0.00237
-0.00257
-0.00218
-0.00179
-0.00218
-0.00218
-0.00276
-0.00198
-0.00198
-0.00237
-0.00257
-0.00198
-0.00218
-0.00198
-0.00257
-0.00237
-0.00237
-0.00257
-0.00237
-0.00198
-0.00218
-0.00198
-0.00237
-0.00257
-0.00257
-0.00296
-0.00296
-0.00257
-0.00296
-0.00276
-0.00276
-0.00296
-0.00335
-0.00296
-0.00296
-0.00296
-0.00257
-0.00296
-0.00315
-0.00296
-0.00354
-0.00276
-0.00296
-0.00315
-0.00257
-0.00218
-0.00237
-0.00276
-0.00257
-0.00218
-0.00218
-0.00257
-0.00296
-0.00237
-0.00276
-0.00276
-0.00276
-0.00218
-0.00296
-0.00257
-0.00237
-0.00237
-0.00237
-0.00257
-0.00218
-0.00237
-0.00237
-0.00237
-0.00237
-0.00218
-0.00237
-0.00257
-0.00198
-0.00257
-0.00237
-0.00237
-0.00237
-0.00276
-0.00237
-0.00257
-0.00237
-0.00257
-0.00237
-0.00257
-0.00296
-0.00257
-0.00218
-0.00276
-0.00257
-0.00257
-0.00296
-0.00276
-0.00296
-0.00237
-0.00257
-0.00198
-0.00218
-0.00237
-0.00218
-0.00218
-0.00218
-0.00276
-0.00296
-0.00218
-0.00276
-0.00257
-0.00237
-0.00257
-0.00218
-0.00257
-0.00237
-0.00276
-0.00237
-0.00237
-0.00218
-0.00218
-0.00257
-0.00237
-0.00237
-0.00237
-0.00276
-0.00276
-0.00257
-0.00198
-0.00218
-0.00218
-0.00237
-0.00237
-0.00237
-0.00237
-0.00276
-0.00276
-0.00218
-0.00257
-0.00237
-0.00296
-0.00257
-0.00296
-0.00237
-0.00257
-0.00257
-0.00257
-0.00296
-0.00257
-0.00237
-0.00257
-0.00296
-0.00257
-0.00257
-0.00257
-0.00237
-0.00276
-0.00257
-0.00257
-0.00257
-0.00257
-0.00237
-0.00218
-0.00237
-0.00257
-0.00296
-0.00257
-0.00276
-0.00237
-0.00276
-0.00257
-0.00237
-0.00257
-0.00198
-0.00257
-0.00257
-0.00198
-0.00198
-0.00237
-0.00257
-0.00257
-0.00198
-0.00198
-0.00179
-0.00237
-0.00276
-0.00218
-0.00257
-0.00315
-0.00296
-0.00354
-0.00315
-0.00315
-0.00335
-0.00276
-0.00335
-0.00296
-0.00296
-0.00257
-0.00296
-0.00296
-0.00296
-0.00257
-0.00296
-0.00218
-0.00276
-0.00257
-0.00218
-0.00218
-0.00237
-0.00237
-0.00237
-0.00198
-0.00179
-0.00198
-0.00257
-0.00237
-0.00257
-0.00218
-0.00237
-0.00218
-0.00237
-0.00218
-0.00218
-0.00218
-0.00237
-0.00237
-0.00237
-0.00296
-0.00257
-0.00257
-0.00296
-0.00237
-0.00296
-0.00257
-0.00276
-0.00257
-0.00237
-0.00257
-0.00276
-0.00296
-0.00276
-0.00276
-0.00276
-0.00276
-0.00296
-0.00315
-0.00296
-0.00276
-0.00276
-0.00296
-0.00296
-0.00296
-0.00276
-0.00296
-0.00296
-0.00335
-0.00315
-0.00335
-0.00315
-0.00276
-0.00276
-0.00296
-0.00276
-0.00257
-0.00257
-0.00315
-0.00315
-0.00315
-0.00296
-0.00315
-0.00296
-0.00257
-0.00276
-0.00296
-0.00296
-0.00335
-0.00296
-0.00257
-0.00296
-0.00276
-0.00296
-0.00257
-0.00276
-0.00335
-0.00296
-0.00335
-0.00296
-0.00315
-0.00276
-0.00296
-0.00296
-0.00296
-0.00296
-0.00276
-0.00296
-0.00276
-0.00296
-0.00257
-0.00257
-0.00237
-0.00257
-0.00257
-0.00237
-0.00237
-0.00218
-0.00257
-0.00198
-0.00237
-0.00218
-0.00257
-0.00179
-0.00198
-0.00198
-0.00257
-0.00198
-0.00237
-0.00237
-0.00218
-0.00218
-0.00257
-0.00257
-0.00296
-0.00276
-0.00257
-0.00276
-0.00296
-0.00257
-0.00198
-0.00257
-0.00257
-0.00276
-0.00276
-0.00315
-0.00296
-0.00335
-0.00296
-0.00276
-0.00296
-0.00315
-0.00315
-0.00354
-0.00335
-0.00335
-0.00335
-0.00315
-0.00315
-0.00354
-0.00335
-0.00335
-0.00257
-0.00315
-0.00315
-0.00296
-0.00354
-0.00315
-0.00276
-0.00335
-0.00296
-0.00315
-0.00315
-0.00296
-0.00315
-0.00296
-0.00276
-0.00257
-0.00315
-0.00296
-0.00276
-0.00276
-0.00296
-0.00315
-0.00296
-0.00296
-0.00276
-0.00335
-0.00276
-0.00315
-0.00296
-0.00335
-0.00315
-0.00315
-0.00315
-0.00335
-0.00315
-0.00257
-0.00257
-0.00237
-0.00276
-0.00276
-0.00237
-0.00276
-0.00218
-0.00257
-0.00257
-0.00257
-0.00276
-0.00335
-0.00296
-0.00276
-0.00315
-0.00315
-0.00335
-0.00374
-0.00354
-0.00315
-0.00276
-0.00296
-0.00237
-0.00296
-0.00276
-0.00276
-0.00276
-0.00257
-0.00315
-0.00354
-0.00276
-0.00296
-0.00296
-0.00315
-0.00276
-0.00296
-0.00315
-0.00296
-0.00296
-0.00296
-0.00276
-0.00335
-0.00296
-0.00276
-0.00296
-0.00296
-0.00276
-0.00257
-0.00257
-0.00276
-0.00335
-0.00296
-0.00296
-0.00257
-0.00276
-0.00257
-0.00257
-0.00296
-0.00257
-0.00257
-0.00276
-0.00276
-0.00276
-0.00276
-0.00276
-0.00335
-0.00296
-0.00315
-0.00257
-0.00296
