-7.760002176000E-01

-0.00237
-0.00218
-0.00198
-0.00237
-0.00237
-0.00179
-0.00218
-0.00257
-0.00237
-0.00218
-0.00218
-0.00218
-0.00218
-0.00198
-0.00198
-0.00257
-0.00257
-0.00218
-0.00218
-0.00198
-0.00218
-0.00257
-0.00296
-0.00237
-0.00257
-0.00257
-0.00257
-0.00198
-0.00257
-0.00218
-0.00257
-0.00198
-0.00276
-0.00257
-0.00198
-0.00237
-0.00257
-0.00237
-0.00257
-0.00257
-0.00237
-0.00218
-0.00198
-0.00276
-0.00257
-0.00237
-0.00276
-0.00296
-0.00257
-0.00237
-0.00237
-0.00218
-0.00257
-0.00198
-0.00257
-0.00198
-0.00198
-0.00198
-0.00179
-0.00198
-0.00179
-0.00198
-0.00218
-0.00179
-0.00198
-0.00218
-0.00198
-0.00218
-0.00218
-0.00257
-0.00218
-0.00179
-0.00257
-0.00257
-0.00257
-0.00237
-0.00257
-0.00257
-0.00257
-0.00276
-0.00315
-0.00315
-0.00276
-0.00257
-0.00296
-0.00257
-0.00257
-0.00257
-0.00296
-0.00276
-0.00315
-0.00296
-0.00276
-0.00276
-0.00276
-0.00257
-0.00276
-0.00296
-0.00276
-0.00276
-0.00257
-0.00198
-0.00237
-0.00276
-0.00296
-0.00257
-0.00198
-0.00237
-0.00237
-0.00237
-0.00218
-0.00179
-0.00237
-0.00218
-0.00159
-0.00139
-0.00139
-0.00139
-0.00198
-0.00218
-0.00159
-0.00159
-0.00198
-0.00218
-0.00237
-0.00218
-0.00218
-0.00179
-0.00198
-0.00237
-0.00179
-0.00179
-0.00237
-0.00179
-0.00179
-0.00179
-0.00159
-0.00218
-0.00218
-0.00218
-0.00237
-0.00237
-0.00257
-0.00237
-0.00237
-0.00237
-0.00237
-0.00296
-0.00296
-0.00315
-0.00276
-0.00296
-0.00257
-0.00276
-0.00296
-0.00276
-0.00276
-0.00257
-0.00257
-0.00296
-0.00237
-0.00276
-0.00276
-0.00315
-0.00218
-0.00237
-0.00257
-0.00257
-0.00257
-0.00237
-0.00218
-0.00257
-0.00237
-0.00237
-0.00257
-0.00237
-0.00237
-0.00257
-0.00218
-0.00276
-0.00237
-0.00218
-0.00237
-0.00237
-0.00257
-0.00237
-0.00237
-0.00257
-0.00237
-0.00218
-0.00218
-0.00237
-0.00237
-0.00257
-0.00237
-0.00237
-0.00257
-0.00237
-0.00218
-0.00218
-0.00179
-0.001
0.00036
0.00251
0.00388
0.00622
0.00857
0.01052
0.01247
0.01482
0.01657
0.01853
0.02009
0.02185
0.02341
0.02439
0.02556
0.02673
0.0279
0.02888
0.03142
0.03454
0.03806
0.04216
0.04646
0.05134
0.05603
0.0613
0.0654
0.0697
0.07361
0.07751
0.08044
0.08357
0.08591
0.08825
0.09001
0.09294
0.0945
0.09646
0.09724
0.09841
0.09978
0.10056
0.10056
0.10173
0.10212
0.10271
0.1031
0.10349
0.10349
0.1029
0.10271
0.10271
0.10154
0.10134
0.10075
0.10075
0.09997
0.099
0.09821
0.09724
0.09665
0.09568
0.09509
0.09431
0.09333
0.09255
0.09177
0.0906
0.08982
0.08864
0.08747
0.08669
0.08532
0.08474
0.08318
0.0822
0.08161
0.08044
0.07888
0.07829
0.07712
0.07654
0.07517
0.07497
0.07497
0.07419
0.0738
0.07361
0.07321
0.07321
0.07263
0.07263
0.07243
0.07185
0.07185
0.07146
0.07087
0.07009
0.0695
0.06931
0.06853
0.06833
0.06755
0.06736
0.06657
0.06638
0.0656
0.06482
0.06462
0.06384
0.06345
0.06247
0.06228
0.0613
0.06111
0.06032
0.05954
0.05896
0.05837
0.05798
0.05759
0.057
0.05603
0.05544
0.05466
0.05427
0.05349
0.0529
0.05193
0.05154
0.05056
0.05017
0.04978
0.04861
0.04802
0.04724
0.04704
0.04626
0.04548
0.04529
0.0447
0.04392
0.04333
0.04275
0.04216
0.04138
0.04138
0.04079
0.0404
0.04001
0.03884
0.03845
0.03767
0.03786
0.03747
0.03669
0.03611
0.03591
0.03532
0.03474
0.03454
0.03396
0.03376
0.03396
0.03298
0.0322
0.032
0.03181
0.03161
0.03142
0.03064
0.03083
0.03025
0.02986
0.02888
0.02888
0.02829
0.02771
0.02771
0.02712
0.02712
0.02673
0.02614
0.02595
0.02517
0.02536
0.02478
0.02478
0.024
0.02419
0.024
0.02419
0.02321
0.02302
0.02243
0.02321
0.02224
0.02224
0.02204
0.02146
0.02126
0.02087
0.02048
0.02009
0.0197
0.0197
0.0195
0.0195
0.01872
0.01892
0.01872
0.01853
0.01814
0.01833
0.01794
0.01755
0.01716
0.01716
0.01696
0.01696
0.01677
0.01657
0.01657
0.01677
0.01618
0.01579
0.01521
0.0154
0.01482
0.01443
0.01423
0.01384
0.01404
0.01384
0.01345
0.01384
0.01364
0.01364
0.01306
0.01345
0.01325
0.01286
0.01267
0.01247
0.01228
0.01228
0.01247
0.01228
0.01189
0.01189
0.01189
0.01111
0.0113
0.01111
0.01052
0.01052
0.01052
0.01052
0.00993
0.00974
0.00993
0.00993
0.00993
0.00935
0.00915
0.00896
0.00935
0.00876
0.00896
0.00915
0.00857
0.00837
0.00837
0.00779
0.00759
0.00779
0.00759
0.00739
0.00681
0.007
0.007
0.00661
0.00681
0.00681
0.00661
0.00681
0.00603
0.00642
0.00583
0.00583
0.00603
0.00622
0.00622
0.00622
0.00583
0.00564
0.00603
0.00564
0.00564
0.00564
0.00564
0.00564
0.00564
0.00583
0.00583
0.00525
0.00486
0.00525
0.00505
0.00525
0.00525
0.00486
0.00486
0.00525
0.00486
0.00486
0.00486
0.00466
0.00427
0.00466
0.00446
0.00446
0.00427
0.00446
0.00407
0.00407
0.00329
0.00368
0.00349
0.00388
0.0031
0.0031
0.0029
0.0031
0.00251
0.00251
0.00193
0.00212
0.00232
0.00251
0.00212
0.00193
0.00193
0.00154
0.00193
0.00193
0.00173
0.00193
0.00154
0.00173
0.00154
0.00154
0.00232
0.00212
0.00212
0.00232
0.00232
0.00173
0.00193
0.00154
0.00193
0.00193
0.00212
0.00173
0.00193
0.00212
0.00212
0.00193
0.00193
0.00193
0.00193
0.00212
0.00134
0.00173
0.00173
0.00154
0.00173
0.00212
0.00173
0.00173
0.00173
0.00134
0.00134
0.00114
0.00114
0.00075
0.00036
0.00036
-3e-05
0.00036
0.00017
-3e-05
-0.00022
-3e-05
-3e-05
-0.00061
-0.00042
-0.00022
-0.00022
-0.00061
-0.00061
-0.00061
-0.00081
-0.0012
-0.00139
-0.00081
-0.00081
-0.00061
-0.001
-0.00081
-0.00139
-0.0012
-0.00081
-0.00081
-0.00081
-0.001
-0.00061
-0.00081
-0.00042
-0.00061
-0.00061
-0.00081
-0.00139
-0.0012
-0.001
-0.00081
-0.0012
-0.001
-0.00139
-0.001
-0.001
-0.00081
-0.001
-0.00139
-0.00081
-0.00061
-0.0012
-0.00081
-0.001
-0.00139
-0.00081
-0.0012
-0.00081
-0.001
-0.00081
-0.00042
-0.0012
-0.001
-0.001
-0.00061
-0.00081
-0.00042
-0.00081
-0.001
-0.00081
-0.00081
-0.001
-0.0012
-0.001
-0.001
-0.001
-0.00081
-0.0012
-0.001
-0.001
-0.0012
-0.001
-0.001
-0.001
-0.001
-0.0012
-0.00159
-0.0012
-0.0012
-0.00139
-0.00139
-0.0012
-0.00139
-0.00139
-0.00159
-0.0012
-0.0012
-0.0012
-0.00081
-0.0012
-0.00139
-0.00139
-0.0012
-0.00139
-0.00159
-0.00159
-0.00159
-0.00198
-0.00159
-0.00159
-0.00159
-0.00179
-0.00179
-0.00159
-0.00139
-0.00139
-0.00159
-0.00179
-0.00159
-0.00139
-0.00139
-0.0012
-0.00179
-0.00159
-0.00139
-0.00198
-0.00159
-0.00159
-0.00139
-0.0012
-0.0012
-0.00179
-0.00139
-0.00159
-0.00139
-0.0012
-0.00139
-0.00139
-0.00179
-0.00139
-0.0012
-0.00139
-0.00159
-0.00159
-0.00139
-0.00179
-0.00159
-0.00159
-0.00179
-0.00237
-0.00159
-0.00198
-0.00198
-0.00218
-0.00237
-0.00237
-0.00257
-0.00218
-0.00198
-0.00237
-0.00198
-0.00179
-0.00218
-0.00198
-0.00218
-0.00276
-0.00237
-0.00198
-0.00218
-0.00218
-0.00218
-0.00257
-0.00276
-0.00237
-0.00237
-0.00179
-0.00257
-0.00237
-0.00218
-0.00198
-0.00257
-0.00276
-0.00237
-0.00198
-0.00237
-0.00198
-0.00218
-0.00198
-0.00198
-0.00198
-0.00198
-0.00139
-0.00218
-0.00218
-0.00198
-0.00218
-0.00159
-0.00159
-0.00159
-0.00198
-0.00179
-0.00179
-0.00139
-0.00179
-0.00159
-0.00198
-0.00257
-0.00198
-0.00218
-0.00179
-0.00179
-0.00198
-0.00159
-0.00159
-0.00198
-0.00198
-0.00218
-0.00179
-0.00198
-0.00179
-0.00218
-0.00237
-0.00257
-0.00237
-0.00276
-0.00218
-0.00257
-0.00257
-0.00276
-0.00237
-0.00237
-0.00198
-0.00198
-0.00218
-0.00198
-0.00218
-0.00179
-0.00218
-0.00159
-0.00198
-0.00159
-0.00159
-0.00179
-0.00159
-0.00159
-0.00179
-0.00179
-0.0012
-0.0012
-0.00179
-0.00179
-0.00159
-0.00159
-0.00159
-0.00159
-0.00159
-0.00198
-0.00159
-0.00218
-0.00218
-0.00218
-0.00218
-0.00237
-0.00237
-0.00218
-0.00257
-0.00257
-0.00257
-0.00237
-0.00276
-0.00257
-0.00257
-0.00257
-0.00296
-0.00296
-0.00296
-0.00315
-0.00296
-0.00276
-0.00276
-0.00276
-0.00296
-0.00257
-0.00257
-0.00218
-0.00276
-0.00276
-0.00257
-0.00237
-0.00257
-0.00218
-0.00257
-0.00198
-0.00237
-0.00198
-0.00257
-0.00218
-0.00218
-0.00179
-0.00257
-0.00218
-0.00218
-0.00198
-0.00198
-0.00198
-0.00218
-0.00237
-0.00237
-0.00257
-0.00276
-0.00237
-0.00198
-0.00198
-0.00198
-0.00218
-0.00198
-0.00237
-0.00218
-0.00198
-0.00198
-0.00179
-0.00218
-0.00218
-0.00198
-0.00198
-0.00237
-0.00237
-0.00237
-0.00179
-0.00257
-0.00237
-0.00237
-0.00276
-0.00296
-0.00257
-0.00237
-0.00218
-0.00276
-0.00237
-0.00276
-0.00237
-0.00237
-0.00237
-0.00218
-0.00237
-0.00276
-0.00276
-0.00315
-0.00276
-0.00237
-0.00257
-0.00218
-0.00237
-0.00218
-0.00198
-0.00218
-0.00218
-0.00218
-0.00237
-0.00139
-0.00237
-0.00237
-0.00257
-0.00257
-0.00257
-0.00198
-0.00276
-0.00257
-0.00218
-0.00237
-0.00218
-0.00218
-0.00198
-0.00198
-0.00218
-0.00179
-0.00198
-0.00218
-0.00198
-0.00218
-0.00139
-0.00159
-0.00198
-0.00179
-0.00139
-0.00159
-0.00159
-0.00198
-0.00198
-0.00179
-0.00218
-0.00179
-0.00218
-0.00179
-0.00237
-0.00198
-0.00198
-0.00198
-0.00198
-0.00179
-0.00237
-0.00218
-0.00257
-0.00257
-0.00218
-0.00257
-0.00218
-0.00276
-0.00237
-0.00315
-0.00276
-0.00296
-0.00296
-0.00315
-0.00257
-0.00296
-0.00296
-0.00335
-0.00315
-0.00296
-0.00257
-0.00296
-0.00315
-0.00335
-0.00354
-0.00296
-0.00257
-0.00276
-0.00276
-0.00296
-0.00315
-0.00276
-0.00296
-0.00257
-0.00296
-0.00315
-0.00296
-0.00276
-0.00296
-0.00315
-0.00315
-0.00315
-0.00257
-0.00257
-0.00237
-0.00257
-0.00257
-0.00237
-0.00218
-0.00257
-0.00198
-0.00296
-0.00296
-0.00276
-0.00218
-0.00179
-0.00237
-0.00257
-0.00276
-0.00257
-0.00218
-0.00257
-0.00276
-0.00237
-0.00296
-0.00276
-0.00257
-0.00237
-0.00179
-0.00237
-0.00257
-0.00276
-0.00276
-0.00257
-0.00257
-0.00257
-0.00276
-0.00296
-0.00276
-0.00296
-0.00296
-0.00276
-0.00276
-0.00276
-0.00276
-0.00296
-0.00315
-0.00296
-0.00335
-0.00315
-0.00315
-0.00276
-0.00335
-0.00335
-0.00335
-0.00335
-0.00335
-0.00374
-0.00296
-0.00354
-0.00374
-0.00315
-0.00296
-0.00335
-0.00257
-0.00296
-0.00257
-0.00315
-0.00296
-0.00296
-0.00296
-0.00237
-0.00237
-0.00257
-0.00257
-0.00257
-0.00237
-0.00315
-0.00237
-0.00296
-0.00257
-0.00296
-0.00237
-0.00257
-0.00276
-0.00296
-0.00276
-0.00276
-0.00237
-0.00257
-0.00257
-0.00257
-0.00276
-0.00276
-0.00257
-0.00257
-0.00257
-0.00257
-0.00276
-0.00257
-0.00237
-0.00276
-0.00257
-0.00276
-0.00276
-0.00335
-0.00257
-0.00296
-0.00257
-0.00276
-0.00276
-0.00257
-0.00218
-0.00237
-0.00257
-0.00276
-0.00218
-0.00237
-0.00257
-0.00257
-0.00257
-0.00257
-0.00198
-0.00218
-0.00237
-0.00276
-0.00335
-0.00335
-0.00315
-0.00296
-0.00315
-0.00276
-0.00296
-0.00354
-0.00354
-0.00296
-0.00335
-0.00335
-0.00315
-0.00315
-0.00315
-0.00354
-0.00354
-0.00374
-0.00335
-0.00354
-0.00374
-0.00315
-0.00315
-0.00315
-0.00296
-0.00257
-0.00296
-0.00276
-0.00237
-0.00257
-0.00276
-0.00237
-0.00237
-0.00276
-0.00276
-0.00257
-0.00276
-0.00257
-0.00257
-0.00276
-0.00237
-0.00218
-0.00237
-0.00218
-0.00179
-0.00218
-0.00198
