-1.843000515200E+00

-0.00335
-0.00335
-0.00374
-0.00335
-0.00315
-0.00315
-0.00315
-0.00276
-0.00257
-0.00257
-0.00276
-0.00315
-0.00315
-0.00296
-0.00296
-0.00296
-0.00315
-0.00276
-0.00296
-0.00315
-0.00315
-0.00296
-0.00315
-0.00296
-0.00296
-0.00257
-0.00315
-0.00276
-0.00276
-0.00276
-0.00296
-0.00315
-0.00315
-0.00257
-0.00237
-0.00257
-0.00237
-0.00257
-0.00218
-0.00237
-0.00179
-0.00237
-0.00257
-0.00276
-0.00257
-0.00257
-0.00257
-0.00276
-0.00335
-0.00276
-0.00237
-0.00257
-0.00296
-0.00315
-0.00354
-0.00276
-0.00237
-0.00276
-0.00257
-0.00296
-0.00276
-0.00335
-0.00335
-0.00296
-0.00296
-0.00257
-0.00296
-0.00315
-0.00296
-0.00296
-0.00276
-0.00296
-0.00335
-0.00315
-0.00296
-0.00296
-0.00276
-0.00276
-0.00296
-0.00276
-0.00296
-0.00276
-0.00315
-0.00315
-0.00315
-0.00276
-0.00315
-0.00315
-0.00276
-0.00296
-0.00315
-0.00374
-0.00296
-0.00276
-0.00296
-0.00335
-0.00335
-0.00276
-0.00315
-0.00335
-0.00276
-0.00315
-0.00276
-0.00276
-0.00276
-0.00257
-0.00276
-0.00257
-0.00257
-0.00218
-0.00257
-0.00237
-0.00257
-0.00237
-0.00257
-0.00257
-0.00276
-0.00296
-0.00296
-0.00296
-0.00276
-0.00296
-0.00276
-0.00296
-0.00315
-0.00257
-0.00257
-0.00276
-0.00296
-0.00296
-0.00315
-0.00335
-0.00335
-0.00335
-0.00296
-0.00335
-0.00335
-0.00315
-0.00296
-0.00276
-0.00257
-0.00276
-0.00315
-0.00296
-0.00237
-0.00276
-0.00237
-0.00315
-0.00296
-0.00296
-0.00276
-0.00276
-0.00257
-0.00315
-0.00257
-0.00276
-0.00218
-0.00218
-0.00296
-0.00296
-0.00276
-0.00237
-0.00276
-0.00296
-0.00257
-0.00296
-0.00296
-0.00276
-0.00315
-0.00257
-0.00257
-0.00276
-0.00257
-0.00237
-0.00257
-0.00296
-0.00276
-0.00257
-0.00237
-0.00237
-0.00276
-0.00276
-0.00276
-0.00315
-0.00237
-0.00257
-0.00218
-0.00218
-0.00198
-0.001
-0.00042
0.00095
0.00212
0.0031
0.00388
0.00544
0.00622
0.00798
0.00837
0.00915
0.01013
0.01071
0.0115
0.01208
0.01286
0.01306
0.01325
0.01325
0.01384
0.01423
0.01482
0.01462
0.01521
0.01501
0.01501
0.0156
0.0156
0.0156
0.0156
0.0156
0.01579
0.01638
0.01657
0.01716
0.01814
0.01931
0.02029
0.02146
0.02224
0.02321
0.024
0.02556
0.02673
0.02829
0.02986
0.03083
0.03318
0.03474
0.03689
0.03786
0.0406
0.04216
0.04431
0.04665
0.04861
0.05017
0.05134
0.05349
0.05446
0.05603
0.05661
0.05759
0.05837
0.05954
0.06013
0.06052
0.06032
0.06111
0.06111
0.0615
0.06169
0.0615
0.0615
0.06169
0.0615
0.06111
0.06071
0.05993
0.06013
0.05954
0.05935
0.05876
0.05876
0.05857
0.05818
0.05779
0.0572
0.0572
0.05603
0.05564
0.05583
0.05486
0.05407
0.05329
0.0529
0.05193
0.05154
0.05056
0.05017
0.04978
0.049
0.04841
0.04763
0.04724
0.04704
0.04607
0.04548
0.0447
0.0445
0.04392
0.04333
0.04275
0.04236
0.04177
0.04157
0.0406
0.04021
0.03982
0.03943
0.03825
0.03786
0.03747
0.03689
0.03669
0.03611
0.03513
0.03454
0.03454
0.03415
0.03337
0.03298
0.03239
0.032
0.03142
0.03122
0.03064
0.03005
0.02986
0.02946
0.02946
0.02946
0.0281
0.0281
0.02732
0.02732
0.02732
0.02673
0.02654
0.02575
0.02595
0.02556
0.02458
0.02497
0.02458
0.02419
0.02439
0.0238
0.02361
0.02361
0.02321
0.02302
0.02282
0.02204
0.02204
0.02165
0.02146
0.02107
0.02107
0.02087
0.02048
0.02048
0.02009
0.02009
0.0197
0.01931
0.01853
0.01833
0.01814
0.01775
0.01775
0.01755
0.01716
0.01716
0.01696
0.01677
0.01638
0.01677
0.01599
0.01599
0.01521
0.01579
0.0154
0.01521
0.01501
0.01462
0.01482
0.01384
0.01404
0.01404
0.01404
0.01345
0.01345
0.01325
0.01306
0.01267
0.01228
0.01208
0.01208
0.01189
0.01169
0.01189
0.01228
0.01189
0.0115
0.0115
0.01111
0.01091
0.01052
0.01091
0.01032
0.01032
0.01052
0.01032
0.01032
0.01013
0.00993
0.00935
0.00954
0.00935
0.00935
0.00896
0.00896
0.00876
0.00857
0.00837
0.00818
0.00798
0.00798
0.00798
0.00798
0.00759
0.0072
0.007
0.0072
0.00661
0.00681
0.00642
0.00681
0.00622
0.00681
0.00661
0.00622
0.00622
0.00603
0.00583
0.00583
0.00583
0.00564
0.00564
0.00544
0.00583
0.00603
0.00583
0.00544
0.00525
0.00486
0.00544
0.00564
0.00525
0.00525
0.00525
0.00446
0.00427
0.00466
0.00446
0.00486
0.00446
0.00427
0.00368
0.00368
0.00349
0.00388
0.00388
0.00368
0.00329
0.00329
0.00329
0.0029
0.0031
0.0029
0.00271
0.00271
0.00251
0.00271
0.0031
0.00251
0.00271
0.00251
0.0031
0.00271
0.00251
0.00251
0.00251
0.00232
0.00232
0.00212
0.00232
0.00212
0.00193
0.00173
0.00193
0.00212
0.00193
0.00193
0.00251
0.00173
0.00193
0.00173
0.00193
0.00193
0.00154
0.00212
0.00212
0.00173
0.00134
0.00114
0.00095
0.00095
0.00154
0.00114
0.00114
0.00134
0.00095
0.00114
0.00075
0.00075
0.00075
0.00056
0.00056
0.00056
0.00056
0.00017
0.00017
0.00036
-3e-05
0.00036
0.00017
0.00017
0.00056
0.00075
0.00036
0.00036
0.00017
-0.00022
0.00036
0.00056
0.00056
0.00095
0.00036
0.00056
0.00017
-3e-05
0.00017
-0.00022
-0.00081
-3e-05
-0.00022
0.00036
-3e-05
-3e-05
-3e-05
-3e-05
-0.00042
-0.00061
-0.00042
-0.00022
-0.00042
-0.00081
0.00036
-0.00042
-3e-05
-0.00061
-0.00022
-0.00042
-0.00042
-0.00061
-0.001
-0.00061
-0.00022
-0.00081
-0.00061
-0.001
-0.00081
-0.00042
-0.00081
-0.001
-0.00081
-0.00061
-0.00061
-0.00042
-0.001
-0.001
-0.00081
-0.00061
-0.00081
-0.00081
-0.001
-0.00061
-0.00061
-0.00061
-0.00081
-0.00081
-0.00081
-0.001
-0.001
-0.00061
-0.00061
-0.001
-0.00139
-0.00081
-0.00081
-0.00081
-0.00061
-0.001
-0.001
-0.001
-0.0012
-0.0012
-0.0012
-0.0012
-0.0012
-0.0012
-0.001
-0.00139
-0.00159
-0.0012
-0.00159
-0.00159
-0.00179
-0.00198
-0.00159
-0.00218
-0.00198
-0.00179
-0.00179
-0.00237
-0.00218
-0.00257
-0.00237
-0.00237
-0.00237
-0.00257
-0.00237
-0.00276
-0.00276
-0.00237
-0.00179
-0.00198
-0.00218
-0.00218
-0.00198
-0.00237
-0.00218
-0.00198
-0.00237
-0.00257
-0.00218
-0.00198
-0.00198
-0.00218
-0.00198
-0.00179
-0.00179
-0.00139
-0.00179
-0.00179
-0.00179
-0.00179
-0.00198
-0.00198
-0.00139
-0.0012
-0.0012
-0.00198
-0.00179
-0.00237
-0.00179
-0.00179
-0.00179
-0.00198
-0.00159
-0.00179
-0.00198
-0.00218
-0.00218
-0.00159
-0.00198
-0.00218
-0.00237
-0.00218
-0.00237
-0.00198
-0.00276
-0.00159
-0.00179
-0.00159
-0.00198
-0.00237
-0.00237
-0.00198
-0.00198
-0.00198
-0.00237
-0.00198
-0.00198
-0.00198
-0.00237
-0.00237
-0.00218
-0.00218
-0.00198
-0.00218
-0.00179
-0.00159
-0.0012
-0.00159
-0.00179
-0.00179
-0.00159
-0.00179
-0.00159
-0.00179
-0.00139
-0.00198
-0.00159
-0.00198
-0.00198
-0.00198
-0.00179
-0.00179
-0.00198
-0.00159
-0.00198
-0.00179
-0.00159
-0.00198
-0.00257
-0.00198
-0.00198
-0.00218
-0.00237
-0.00198
-0.00179
-0.00198
-0.00159
-0.00159
-0.00237
-0.00218
-0.00218
-0.00198
-0.00237
-0.00257
-0.00257
-0.00139
-0.00179
-0.00198
-0.00218
-0.00237
-0.00218
-0.00276
-0.00237
-0.00237
-0.00198
-0.00257
-0.00257
-0.00218
-0.00237
-0.00237
-0.00237
-0.00237
-0.00237
-0.00257
-0.00218
-0.00218
-0.00218
-0.00237
-0.00218
-0.00198
-0.00237
-0.00237
-0.00237
-0.00257
-0.00237
-0.00257
-0.00257
-0.00276
-0.00257
-0.00296
-0.00296
-0.00257
-0.00315
-0.00276
-0.00296
-0.00296
-0.00296
-0.00296
-0.00335
-0.00335
-0.00315
-0.00315
-0.00315
-0.00276
-0.00296
-0.00315
-0.00296
-0.00218
-0.00296
-0.00296
-0.00276
-0.00296
-0.00276
-0.00276
-0.00296
-0.00237
-0.00315
-0.00296
-0.00237
-0.00237
-0.00237
-0.00237
-0.00198
-0.00198
-0.00198
-0.00218
-0.00218
-0.00218
-0.00218
-0.00257
-0.00237
-0.00218
-0.00257
-0.00276
-0.00237
-0.00198
-0.00218
-0.00237
-0.00218
-0.00296
-0.00276
-0.00276
-0.00237
-0.00276
-0.00276
-0.00315
-0.00296
-0.00335
-0.00315
-0.00315
-0.00315
-0.00335
-0.00296
-0.00276
-0.00315
-0.00296
-0.00296
-0.00315
-0.00296
-0.00296
-0.00296
-0.00315
-0.00335
-0.00276
-0.00276
-0.00276
-0.00276
-0.00315
-0.00296
-0.00296
-0.00296
-0.00296
-0.00335
-0.00335
-0.00257
-0.00276
-0.00335
-0.00315
-0.00296
-0.00315
-0.00296
-0.00276
-0.00296
-0.00276
-0.00296
-0.00296
-0.00257
-0.00296
-0.00276
-0.00315
-0.00237
-0.00257
-0.00237
-0.00257
-0.00218
-0.00218
-0.00237
-0.00237
-0.00218
-0.00218
-0.00237
-0.00257
-0.00296
-0.00296
-0.00296
-0.00315
-0.00296
-0.00296
-0.00257
-0.00296
-0.00296
-0.00218
-0.00257
-0.00237
-0.00257
-0.00276
-0.00296
-0.00257
-0.00276
-0.00237
-0.00257
-0.00276
-0.00237
-0.00237
-0.00218
-0.00276
-0.00257
-0.00218
-0.00257
-0.00315
-0.00315
-0.00257
-0.00276
-0.00257
-0.00237
-0.00179
-0.00237
-0.00198
-0.00218
-0.00276
-0.00257
-0.00218
-0.00218
-0.00218
-0.00276
-0.00296
-0.00257
-0.00257
-0.00237
-0.00276
-0.00296
-0.00257
-0.00276
-0.00315
-0.00276
-0.00276
-0.00335
-0.00296
-0.00296
-0.00296
-0.00257
-0.00296
-0.00296
-0.00276
-0.00218
-0.00257
-0.00296
-0.00296
-0.00257
-0.00237
-0.00257
-0.00257
-0.00237
-0.00257
-0.00218
-0.00218
-0.00237
-0.00257
-0.00237
-0.00257
-0.00218
-0.00237
-0.00237
-0.00237
-0.00296
-0.00276
-0.00276
-0.00257
-0.00276
-0.00218
-0.00237
-0.00237
-0.00257
-0.00198
-0.00179
-0.00198
-0.00218
-0.00257
-0.00276
-0.00276
-0.00237
-0.00237
-0.00276
-0.00296
-0.00257
-0.00296
-0.00296
-0.00296
-0.00315
-0.00335
-0.00315
-0.00335
-0.00335
-0.00315
-0.00315
-0.00296
-0.00276
-0.00354
-0.00296
-0.00296
-0.00315
-0.00315
-0.00276
-0.00315
-0.00335
-0.00335
-0.00335
-0.00315
-0.00374
-0.00393
-0.00354
-0.00335
-0.00296
-0.00335
-0.00315
-0.00335
-0.00354
-0.00354
-0.00335
-0.00315
-0.00335
-0.00257
-0.00276
-0.00276
-0.00276
-0.00257
-0.00296
-0.00257
-0.00257
-0.00237
-0.00218
-0.00257
-0.00218
-0.00276
-0.00276
-0.00276
-0.00315
-0.00335
-0.00276
-0.00276
-0.00296
-0.00296
-0.00296
-0.00296
-0.00257
-0.00276
-0.00257
-0.00276
-0.00257
-0.00296
-0.00276
-0.00218
-0.00276
-0.00218
-0.00257
-0.00237
-0.00257
-0.00296
-0.00335
-0.00296
-0.00276
-0.00315
-0.00276
-0.00276
-0.00276
-0.00276
-0.00276
-0.00257
-0.00276
-0.00257
-0.00276
-0.00276
-0.00257
-0.00257
-0.00276
-0.00315
-0.00296
-0.00276
-0.00257
-0.00296
-0.00276
-0.00335
-0.00276
-0.00237
-0.00315
-0.00296
-0.00335
-0.00315
-0.00335
-0.00296
-0.00335
-0.00276
-0.00276
-0.00276
-0.00296
-0.00296
-0.00296
-0.00315
-0.00276
-0.00257
-0.00276
-0.00276
-0.00257
-0.00276
-0.00237
-0.00198
-0.00237
-0.00237
-0.00257
-0.00218
-0.00218
-0.00218
-0.00237
-0.00218
-0.00276
-0.00237
-0.00276
-0.00237
-0.00257
-0.00237
-0.00257
-0.00257
-0.00257
-0.00276
-0.00257
-0.00276
-0.00218
-0.00218
-0.00218
-0.00257
-0.00237
-0.00237
-0.00296
-0.00257
-0.00257
-0.00276
-0.00315
-0.00315
-0.00335
-0.00354
-0.00315
-0.00335
-0.00296
-0.00315
-0.00296
-0.00315
-0.00315
-0.00335
-0.00393
-0.00335
-0.00354
-0.00354
-0.00315
-0.00335
-0.00315
-0.00296
-0.00315
-0.00296
-0.00257
-0.00276
-0.00296
-0.00315
-0.00296
-0.00315
-0.00296
-0.00335
-0.00315
-0.00335
-0.00335
-0.00335
-0.00276
-0.00335
-0.00393
-0.00354
-0.00354
-0.00296
-0.00354
-0.00315
-0.00315
-0.00315
-0.00315
-0.00296
