-8.400002368000E-01

-0.00237
-0.00218
-0.00218
-0.00198
-0.00218
-0.00257
-0.00237
-0.00218
-0.00218
-0.00218
-0.00179
-0.00218
-0.00257
-0.00237
-0.00257
-0.00237
-0.00218
-0.00257
-0.00237
-0.00218
-0.00218
-0.00276
-0.00257
-0.00257
-0.00257
-0.00276
-0.00257
-0.00257
-0.00257
-0.00257
-0.00257
-0.00237
-0.00276
-0.00276
-0.00296
-0.00315
-0.00257
-0.00257
-0.00296
-0.00237
-0.00296
-0.00276
-0.00335
-0.00296
-0.00335
-0.00296
-0.00276
-0.00335
-0.00315
-0.00296
-0.00335
-0.00315
-0.00354
-0.00335
-0.00354
-0.00315
-0.00315
-0.00296
-0.00257
-0.00276
-0.00276
-0.00354
-0.00296
-0.00276
-0.00276
-0.00257
-0.00257
-0.00276
-0.00296
-0.00276
-0.00237
-0.00257
-0.00296
-0.00315
-0.00276
-0.00257
-0.00296
-0.00296
-0.00296
-0.00296
-0.00354
-0.00315
-0.00315
-0.00257
-0.00257
-0.00296
-0.00315
-0.00315
-0.00335
-0.00315
-0.00296
-0.00315
-0.00296
-0.00276
-0.00335
-0.00296
-0.00276
-0.00296
-0.00335
-0.00296
-0.00335
-0.00296
-0.00354
-0.00257
-0.00296
-0.00276
-0.00296
-0.00257
-0.00296
-0.00276
-0.00296
-0.00276
-0.00276
-0.00276
-0.00257
-0.00276
-0.00296
-0.00296
-0.00296
-0.00315
-0.00354
-0.00354
-0.00315
-0.00354
-0.00315
-0.00296
-0.00276
-0.00315
-0.00296
-0.00335
-0.00315
-0.00315
-0.00296
-0.00296
-0.00315
-0.00315
-0.00296
-0.00335
-0.00335
-0.00354
-0.00335
-0.00296
-0.00335
-0.00315
-0.00335
-0.00335
-0.00335
-0.00335
-0.00335
-0.00315
-0.00315
-0.00296
-0.00257
-0.00218
-0.00257
-0.00257
-0.00296
-0.00296
-0.00257
-0.00257
-0.00315
-0.00257
-0.00257
-0.00237
-0.00257
-0.00296
-0.00296
-0.00296
-0.00296
-0.00257
-0.00276
-0.00296
-0.00237
-0.00296
-0.00276
-0.00315
-0.00257
-0.00296
-0.00276
-0.00335
-0.00296
-0.00296
-0.00354
-0.00354
-0.00335
-0.00335
-0.00276
-0.00315
-0.00315
-0.00354
-0.00354
-0.00315
-0.00276
-0.00335
-0.00276
-0.00276
-0.00179
-0.00081
0.00036
0.00134
0.00251
0.00388
0.00525
0.00603
0.007
0.00779
0.00876
0.00954
0.01013
0.01071
0.01169
0.01228
0.01286
0.01267
0.01345
0.01384
0.01443
0.01462
0.01482
0.01521
0.01618
0.01696
0.0195
0.02185
0.02439
0.02614
0.02868
0.03064
0.03298
0.03532
0.0365
0.03845
0.03982
0.04118
0.04275
0.04353
0.04431
0.0447
0.04607
0.04626
0.04704
0.04763
0.04821
0.04861
0.04861
0.04861
0.04841
0.0488
0.049
0.04861
0.049
0.0488
0.0488
0.04841
0.04861
0.04841
0.04802
0.04743
0.04704
0.04646
0.04626
0.04607
0.04529
0.04489
0.0445
0.04411
0.04372
0.04333
0.04236
0.04216
0.04177
0.04118
0.0406
0.03982
0.03923
0.03904
0.03864
0.03806
0.03708
0.03708
0.0363
0.03591
0.03513
0.03513
0.03454
0.03435
0.03415
0.03376
0.03298
0.03239
0.032
0.03122
0.03122
0.03103
0.03044
0.02986
0.02966
0.02946
0.02907
0.02849
0.02829
0.02771
0.0279
0.02732
0.02693
0.02634
0.02634
0.02556
0.02536
0.02536
0.02478
0.02478
0.02419
0.0238
0.02361
0.0238
0.02341
0.02321
0.02302
0.02243
0.02243
0.02185
0.02204
0.02204
0.02107
0.02068
0.02029
0.0197
0.01931
0.0197
0.01931
0.01892
0.01872
0.01872
0.01833
0.01794
0.01775
0.01755
0.01755
0.01716
0.01716
0.01696
0.01657
0.01618
0.01638
0.01599
0.0156
0.01501
0.01462
0.01423
0.01423
0.01404
0.01404
0.01384
0.01325
0.01345
0.01345
0.01306
0.01286
0.01267
0.01228
0.01286
0.01325
0.01306
0.01228
0.01247
0.01208
0.01189
0.01189
0.0115
0.01169
0.0115
0.01091
0.01091
0.01071
0.01032
0.01013
0.00974
0.01013
0.00935
0.00915
0.00935
0.00954
0.00915
0.00915
0.00857
0.00857
0.00857
0.00818
0.00818
0.00818
0.00798
0.00779
0.00779
0.00739
0.0072
0.0072
0.00759
0.0072
0.00739
0.00642
0.00642
0.00642
0.00622
0.00642
0.00642
0.00622
0.00603
0.00603
0.00603
0.00603
0.00622
0.00642
0.00622
0.00583
0.00603
0.00544
0.00544
0.00525
0.00544
0.00544
0.00544
0.00505
0.00525
0.00486
0.00446
0.00446
0.00466
0.00486
0.00407
0.00368
0.00368
0.00368
0.00368
0.00329
0.00329
0.00349
0.00329
0.00349
0.0029
0.0029
0.0031
0.00271
0.0031
0.0029
0.0031
0.00271
0.0029
0.00251
0.00251
0.00232
0.00271
0.0029
0.00271
0.0031
0.00271
0.00271
0.0031
0.00251
0.00251
0.00232
0.00251
0.00251
0.0029
0.00271
0.00251
0.00232
0.00212
0.00212
0.00251
0.00251
0.00251
0.00193
0.00193
0.00212
0.00212
0.00193
0.00134
0.00173
0.00154
0.00114
0.00134
0.00114
0.00154
0.00114
0.00095
0.00095
0.00134
0.00114
0.00095
0.00075
0.00075
0.00056
0.00036
0.00036
0.00036
0.00075
0.00017
0.00036
0.00017
0.00036
-3e-05
-0.00042
-3e-05
-0.00022
-0.00022
-3e-05
-0.00042
0.00017
-0.00022
-0.00022
-3e-05
-0.00022
0.00017
-0.00022
-0.00042
-0.00022
-0.00061
0.00017
-0.00022
-0.00022
-0.00042
-3e-05
-0.00042
-0.00022
-3e-05
-3e-05
-0.00042
0.00017
-0.00022
-3e-05
0.00056
0.00036
0.00017
0.00017
0.00017
-3e-05
-3e-05
0.00017
-0.00042
-3e-05
-0.00042
-0.00061
-0.00022
0.00017
-0.00061
-0.00061
-0.00081
-0.00081
-0.00081
-0.00061
-0.00061
-0.00042
-0.001
-0.00022
-0.00081
-0.00042
-0.0012
-0.00061
-0.00081
-0.001
-0.0012
-0.0012
-0.00061
-0.001
-0.0012
-0.001
-0.00061
-0.001
-0.00061
-0.001
-0.001
-0.0012
-0.001
-0.00061
-0.00061
-0.001
-0.00139
-0.00159
-0.00139
-0.00159
-0.00179
-0.00159
-0.00179
-0.00179
-0.00179
-0.00179
-0.00159
-0.00159
-0.00159
-0.00179
-0.00139
-0.00179
-0.00179
-0.00198
-0.00179
-0.00159
-0.00139
-0.00179
-0.00159
-0.00139
-0.00159
-0.00159
-0.00179
-0.00198
-0.00198
-0.00159
-0.00218
-0.00237
-0.00237
-0.00198
-0.00218
-0.00159
-0.00198
-0.00159
-0.00179
-0.00218
-0.00218
-0.00218
-0.00218
-0.00179
-0.00237
-0.00198
-0.00198
-0.00179
-0.00198
-0.00198
-0.00218
-0.00198
-0.00218
-0.00218
-0.00218
-0.00257
-0.00257
-0.00198
-0.00198
-0.00237
-0.00276
-0.00237
-0.00237
-0.00198
-0.00198
-0.00159
-0.00218
-0.00179
-0.00179
-0.00198
-0.00159
-0.00179
-0.00179
-0.00159
-0.00179
-0.0012
-0.00159
-0.001
-0.00139
-0.00218
-0.00179
-0.00237
-0.00237
-0.00218
-0.00198
-0.00179
-0.00179
-0.00218
-0.00159
-0.00237
-0.00198
-0.00198
-0.00237
-0.00237
-0.00218
-0.00257
-0.00237
-0.00218
-0.00237
-0.00237
-0.00237
-0.00276
-0.00237
-0.00276
-0.00257
-0.00296
-0.00354
-0.00296
-0.00335
-0.00296
-0.00315
-0.00335
-0.00315
-0.00296
-0.00296
-0.00276
-0.00237
-0.00257
-0.00257
-0.00237
-0.00237
-0.00218
-0.00198
-0.00218
-0.00257
-0.00218
-0.00198
-0.00218
-0.00218
-0.00296
-0.00198
-0.00276
-0.00257
-0.00179
-0.00218
-0.00218
-0.00218
-0.00179
-0.00218
-0.00198
-0.00218
-0.00218
-0.00198
-0.00179
-0.00198
-0.00198
-0.00257
-0.00257
-0.00237
-0.00198
-0.00218
-0.00237
-0.00237
-0.00218
-0.00276
-0.00276
-0.00315
-0.00315
-0.00296
-0.00315
-0.00276
-0.00315
-0.00276
-0.00296
-0.00257
-0.00257
-0.00276
-0.00237
-0.00276
-0.00257
-0.00276
-0.00198
-0.00257
-0.00257
-0.00237
-0.00237
-0.00276
-0.00257
-0.00315
-0.00315
-0.00315
-0.00276
-0.00257
-0.00276
-0.00315
-0.00276
-0.00296
-0.00296
-0.00257
-0.00276
-0.00257
-0.00218
-0.00218
-0.00257
-0.00237
-0.00237
-0.00218
-0.00198
-0.00198
-0.00159
-0.00179
-0.00159
-0.00179
-0.00179
-0.00198
-0.00218
-0.00179
-0.00179
-0.00237
-0.00218
-0.00198
-0.00159
-0.00237
-0.00198
-0.00237
-0.00257
-0.00218
-0.00198
-0.00257
-0.00237
-0.00257
-0.00237
-0.00218
-0.00257
-0.00237
-0.00257
-0.00296
-0.00276
-0.00296
-0.00296
-0.00296
-0.00296
-0.00296
-0.00296
-0.00296
-0.00296
-0.00296
-0.00315
-0.00335
-0.00296
-0.00296
-0.00354
-0.00315
-0.00354
-0.00335
-0.00276
-0.00296
-0.00315
-0.00315
-0.00296
-0.00296
-0.00237
-0.00237
-0.00276
-0.00237
-0.00276
-0.00257
-0.00296
-0.00354
-0.00335
-0.00296
-0.00276
-0.00257
-0.00257
-0.00276
-0.00257
-0.00257
-0.00315
-0.00276
-0.00257
-0.00218
-0.00198
-0.00198
-0.00257
-0.00198
-0.00237
-0.00198
-0.00198
-0.00218
-0.00198
-0.00179
-0.00159
-0.00198
-0.00179
-0.00179
-0.00198
-0.00218
-0.00257
-0.00237
-0.00218
-0.00257
-0.00237
-0.00237
-0.00218
-0.00218
-0.00237
-0.00237
-0.00237
-0.00257
-0.00296
-0.00237
-0.00276
-0.00276
-0.00257
-0.00276
-0.00237
-0.00296
-0.00296
-0.00276
-0.00296
-0.00257
-0.00296
-0.00257
-0.00315
-0.00296
-0.00276
-0.00296
-0.00315
-0.00315
-0.00315
-0.00354
-0.00276
-0.00315
-0.00296
-0.00315
-0.00276
-0.00296
-0.00296
-0.00315
-0.00296
-0.00315
-0.00296
-0.00296
-0.00276
-0.00276
-0.00296
-0.00296
-0.00315
-0.00315
-0.00354
-0.00335
-0.00354
-0.00296
-0.00335
-0.00296
-0.00296
-0.00315
-0.00315
-0.00335
-0.00296
-0.00296
-0.00296
-0.00315
-0.00315
-0.00315
-0.00257
-0.00296
-0.00257
-0.00296
-0.00276
-0.00276
-0.00237
-0.00296
-0.00237
-0.00276
-0.00276
-0.00218
-0.00315
-0.00296
-0.00315
-0.00276
-0.00335
-0.00335
-0.00374
-0.00296
-0.00315
-0.00296
-0.00257
-0.00315
-0.00335
-0.00276
-0.00315
-0.00335
-0.00335
-0.00315
-0.00296
-0.00335
-0.00296
-0.00296
-0.00315
-0.00354
-0.00296
-0.00335
-0.00276
-0.00335
-0.00315
-0.00315
-0.00374
-0.00374
-0.00335
-0.00335
-0.00315
-0.00374
-0.00296
-0.00315
-0.00296
-0.00315
-0.00296
-0.00315
-0.00335
-0.00315
-0.00296
-0.00276
-0.00296
-0.00276
-0.00315
-0.00296
-0.00296
-0.00257
-0.00276
-0.00276
-0.00276
-0.00296
-0.00257
-0.00276
-0.00218
-0.00296
-0.00257
-0.00315
-0.00296
-0.00276
-0.00257
-0.00296
-0.00257
-0.00257
-0.00257
-0.00237
-0.00237
-0.00257
-0.00237
-0.00296
-0.00257
-0.00257
-0.00257
-0.00237
-0.00218
-0.00276
-0.00296
-0.00315
-0.00296
-0.00296
-0.00237
-0.00237
-0.00276
-0.00257
-0.00237
-0.00218
-0.00198
-0.00218
-0.00159
-0.00237
-0.00257
-0.00237
-0.00237
-0.00218
-0.00198
-0.00218
-0.00237
-0.00296
-0.00276
-0.00257
-0.00237
-0.00276
-0.00257
-0.00276
-0.00296
-0.00354
-0.00296
-0.00276
-0.00296
-0.00296
-0.00296
-0.00315
-0.00374
-0.00354
-0.00354
-0.00354
-0.00354
-0.00374
-0.00276
-0.00354
-0.00335
-0.00315
-0.00296
-0.00296
-0.00296
-0.00315
-0.00354
-0.00276
-0.00315
-0.00315
-0.00296
-0.00296
-0.00257
-0.00276
-0.00276
-0.00296
-0.00237
-0.00237
-0.00218
-0.00218
-0.00237
-0.00237
-0.00237
-0.00218
-0.00257
-0.00257
-0.00257
-0.00237
-0.00257
-0.00276
-0.00237
-0.00257
-0.00237
-0.00257
-0.00218
-0.00198
-0.00237
-0.00296
-0.00276
-0.00257
-0.00237
-0.00296
-0.00335
-0.00276
-0.00296
-0.00296
-0.00276
-0.00296
-0.00296
-0.00335
-0.00315
-0.00315
-0.00296
-0.00335
-0.00315
-0.00315
-0.00315
-0.00315
-0.00315
-0.00315
-0.00315
-0.00296
-0.00335
-0.00296
-0.00296
-0.00335
-0.00296
-0.00276
-0.00257
-0.00296
-0.00296
-0.00315
-0.00315
-0.00315
-0.00296
-0.00257
-0.00276
-0.00276
-0.00276
-0.00296
-0.00296
-0.00315
-0.00296
-0.00237
-0.00237
-0.00257
-0.00276
-0.00218
-0.00276
-0.00237
-0.00276
-0.00257
-0.00257
-0.00257
-0.00237
-0.00237
-0.00198
-0.00237
-0.00257
-0.00218
-0.00257
-0.00276
-0.00237
-0.00257
-0.00276
-0.00315
-0.00296
-0.00257
-0.00237
-0.00315
-0.00315
-0.00315
-0.00315
-0.00296
-0.00335
-0.00315
-0.00315
-0.00237
-0.00315
-0.00237
-0.00276
-0.00257
-0.00276
-0.00296
-0.00237
-0.00296
-0.00315
-0.00315
-0.00315
-0.00315
-0.00237
-0.00237
