-7.410002080000E-01

-0.00237
-0.00296
-0.00276
-0.00315
-0.00296
-0.00296
-0.00276
-0.00276
-0.00296
-0.00335
-0.00276
-0.00335
-0.00276
-0.00315
-0.00296
-0.00315
-0.00276
-0.00296
-0.00276
-0.00276
-0.00296
-0.00276
-0.00276
-0.00296
-0.00276
-0.00296
-0.00296
-0.00335
-0.00335
-0.00335
-0.00315
-0.00257
-0.00276
-0.00296
-0.00257
-0.00315
-0.00335
-0.00335
-0.00276
-0.00276
-0.00296
-0.00315
-0.00315
-0.00335
-0.00296
-0.00296
-0.00315
-0.00315
-0.00296
-0.00335
-0.00296
-0.00354
-0.00335
-0.00335
-0.00296
-0.00296
-0.00276
-0.00315
-0.00296
-0.00335
-0.00296
-0.00296
-0.00354
-0.00296
-0.00276
-0.00276
-0.00237
-0.00296
-0.00237
-0.00276
-0.00257
-0.00276
-0.00257
-0.00257
-0.00296
-0.00296
-0.00257
-0.00296
-0.00257
-0.00276
-0.00257
-0.00315
-0.00257
-0.00296
-0.00198
-0.00237
-0.00218
-0.00257
-0.00257
-0.00237
-0.00218
-0.00276
-0.00257
-0.00296
-0.00296
-0.00276
-0.00237
-0.00296
-0.00276
-0.00276
-0.00296
-0.00296
-0.00276
-0.00276
-0.00257
-0.00296
-0.00276
-0.00257
-0.00257
-0.00237
-0.00237
-0.00257
-0.00257
-0.00296
-0.00257
-0.00257
-0.00257
-0.00276
-0.00276
-0.00257
-0.00237
-0.00276
-0.00218
-0.00218
-0.00237
-0.00257
-0.00237
-0.00257
-0.00218
-0.00257
-0.00218
-0.00237
-0.00257
-0.00276
-0.00218
-0.00276
-0.00237
-0.00276
-0.00218
-0.00218
-0.00237
-0.00296
-0.00276
-0.00276
-0.00296
-0.00315
-0.00296
-0.00276
-0.00237
-0.00237
-0.00218
-0.00237
-0.00276
-0.00296
-0.00296
-0.00296
-0.00315
-0.00315
-0.00276
-0.00315
-0.00315
-0.00335
-0.00296
-0.00335
-0.00315
-0.00276
-0.00315
-0.00315
-0.00296
-0.00237
-0.00276
-0.00237
-0.00276
-0.00296
-0.00296
-0.00276
-0.00296
-0.00276
-0.00276
-0.00257
-0.00315
-0.00257
-0.00257
-0.00257
-0.00257
-0.00257
-0.00218
-0.00276
-0.00296
-0.00276
-0.00276
-0.00237
-0.00257
-0.00296
-0.00335
-0.00276
-0.00276
-0.00296
-0.00315
-0.00296
-0.00296
-0.00315
-0.00296
-0.00296
-0.00276
-0.00257
-0.00179
-0.00081
0.00017
0.00075
0.00212
0.0031
0.00427
0.00564
0.00681
0.00759
0.00935
0.01052
0.01247
0.01462
0.01677
0.01872
0.02185
0.02419
0.02751
0.03044
0.03376
0.03669
0.0404
0.04372
0.04665
0.04919
0.05154
0.05388
0.05544
0.05779
0.05993
0.06091
0.06189
0.06325
0.06443
0.06501
0.0656
0.06599
0.06736
0.06775
0.06833
0.06853
0.06872
0.06833
0.06833
0.06853
0.06833
0.06775
0.06755
0.06755
0.06736
0.06677
0.06638
0.06579
0.06579
0.06501
0.06462
0.06364
0.06306
0.06267
0.06247
0.06208
0.0613
0.06013
0.05974
0.05915
0.05857
0.05759
0.05681
0.05642
0.05603
0.05486
0.05446
0.05446
0.0531
0.05232
0.05154
0.05075
0.05075
0.04978
0.04821
0.04841
0.04802
0.04665
0.04626
0.04607
0.04568
0.04509
0.0445
0.04372
0.04275
0.04216
0.04177
0.04157
0.04079
0.0404
0.04001
0.03962
0.03904
0.03884
0.03786
0.03747
0.03689
0.03689
0.03669
0.03611
0.03493
0.03513
0.03493
0.03396
0.03337
0.03357
0.03318
0.03279
0.032
0.03161
0.03103
0.03064
0.03064
0.03005
0.02966
0.02907
0.02907
0.0281
0.0281
0.02751
0.02751
0.02673
0.02654
0.02595
0.02575
0.02517
0.02536
0.02497
0.02439
0.024
0.0238
0.02361
0.02321
0.02282
0.02282
0.02204
0.02224
0.02126
0.02126
0.02048
0.02029
0.02009
0.01989
0.01931
0.01872
0.01872
0.01853
0.01814
0.01775
0.01755
0.01794
0.01736
0.01736
0.01696
0.01677
0.01677
0.01657
0.01599
0.01618
0.01618
0.01579
0.0156
0.0154
0.0154
0.0154
0.01521
0.01521
0.01482
0.01482
0.01404
0.01404
0.01443
0.01384
0.01443
0.01364
0.01404
0.01345
0.01364
0.01325
0.01306
0.01267
0.01306
0.01286
0.01228
0.01247
0.01228
0.01228
0.01189
0.01208
0.0115
0.0115
0.01111
0.01111
0.01111
0.01071
0.01052
0.01032
0.00993
0.00974
0.00993
0.00896
0.00935
0.00876
0.00896
0.00876
0.00798
0.00818
0.00837
0.00837
0.00818
0.00837
0.00818
0.00798
0.0072
0.00759
0.00681
0.00681
0.0072
0.007
0.00661
0.00661
0.00642
0.00622
0.00603
0.00603
0.00603
0.00642
0.00622
0.00583
0.00564
0.00544
0.00583
0.00525
0.00486
0.00486
0.00486
0.00525
0.00486
0.00446
0.00446
0.00486
0.00486
0.00505
0.00446
0.00466
0.00407
0.00427
0.00427
0.00427
0.00407
0.00407
0.00407
0.00427
0.00368
0.00349
0.00349
0.00329
0.00349
0.00349
0.0031
0.00368
0.0031
0.00329
0.0031
0.0029
0.00271
0.0029
0.00271
0.00251
0.00251
0.00232
0.0031
0.0029
0.00251
0.00251
0.00232
0.00193
0.00212
0.00251
0.00193
0.00232
0.00193
0.00251
0.00154
0.00193
0.00154
0.00154
0.00232
0.00193
0.00251
0.00173
0.00154
0.00114
0.00095
0.00154
0.00114
0.00114
0.00095
0.00154
0.00134
0.00134
0.00075
0.00056
0.00095
0.00075
0.00056
0.00036
0.00036
0.00017
-0.00022
0.00017
-0.00022
-0.00042
-0.00022
-0.00042
-3e-05
-3e-05
0.00017
0.00017
-3e-05
0.00056
0.00056
0.00075
-3e-05
0.00036
0.00017
0.00017
0.00036
0.00036
-0.00022
0.00036
0.00017
0.00056
0.00017
0.00036
-3e-05
-0.00022
-3e-05
-3e-05
-0.00022
-0.00042
0.00017
-0.00022
0.00036
0.00017
-0.00022
0.00036
0.00036
0.00017
-3e-05
-0.00061
-0.00042
-0.00061
-0.00022
-0.00022
-0.00022
-0.001
-0.001
-0.00081
-0.0012
-0.00139
-0.0012
-0.00139
-0.0012
-0.0012
-0.00139
-0.00179
-0.00159
-0.00179
-0.00159
-0.00159
-0.00139
-0.00159
-0.00159
-0.00139
-0.00139
-0.00139
-0.00159
-0.00159
-0.00159
-0.00139
-0.00179
-0.00179
-0.00159
-0.00139
-0.00159
-0.00159
-0.00179
-0.00159
-0.00179
-0.00159
-0.00159
-0.00159
-0.00159
-0.00159
-0.001
-0.001
-0.00081
-0.001
-0.0012
-0.00179
-0.00159
-0.001
-0.00081
-0.0012
-0.00159
-0.00159
-0.0012
-0.00139
-0.00179
-0.00139
-0.00198
-0.00159
-0.00198
-0.00198
-0.00179
-0.00237
-0.00198
-0.00159
-0.00159
-0.00198
-0.00218
-0.00218
-0.00257
-0.00237
-0.00179
-0.00198
-0.00139
-0.00198
-0.00218
-0.00198
-0.00257
-0.00179
-0.00218
-0.00218
-0.00218
-0.00237
-0.00237
-0.00257
-0.00218
-0.00237
-0.00218
-0.00237
-0.00218
-0.00257
-0.00237
-0.00257
-0.00237
-0.00257
-0.00237
-0.00198
-0.00237
-0.00218
-0.00237
-0.00237
-0.00237
-0.00257
-0.00218
-0.00218
-0.00218
-0.00257
-0.00257
-0.00257
-0.00218
-0.00257
-0.00276
-0.00237
-0.00296
-0.00276
-0.00296
-0.00276
-0.00276
-0.00257
-0.00296
-0.00315
-0.00354
-0.00276
-0.00276
-0.00257
-0.00276
-0.00276
-0.00296
-0.00218
-0.00257
-0.00218
-0.00276
-0.00257
-0.00237
-0.00257
-0.00237
-0.00257
-0.00276
-0.00237
-0.00218
-0.00296
-0.00257
-0.00257
-0.00237
-0.00179
-0.00179
-0.00159
-0.00237
-0.00218
-0.00237
-0.00198
-0.00159
-0.00198
-0.00218
-0.00218
-0.00237
-0.00198
-0.00276
-0.00218
-0.00218
-0.00237
-0.00198
-0.00218
-0.00296
-0.00276
-0.00218
-0.00257
-0.00296
-0.00276
-0.00257
-0.00335
-0.00315
-0.00276
-0.00276
-0.00315
-0.00296
-0.00276
-0.00296
-0.00257
-0.00315
-0.00276
-0.00257
-0.00276
-0.00276
-0.00296
-0.00237
-0.00218
-0.00257
-0.00257
-0.00257
-0.00218
-0.00218
-0.00218
-0.00218
-0.00257
-0.00237
-0.00257
-0.00276
-0.00237
-0.00257
-0.00237
-0.00198
-0.00237
-0.00198
-0.00257
-0.00218
-0.00237
-0.00198
-0.00218
-0.00237
-0.00257
-0.00237
-0.00198
-0.00218
-0.00237
-0.00218
-0.00276
-0.00276
-0.00276
-0.00257
-0.00257
-0.00315
-0.00296
-0.00237
-0.00276
-0.00237
-0.00257
-0.00296
-0.00296
-0.00296
-0.00237
-0.00276
-0.00257
-0.00276
-0.00296
-0.00257
-0.00257
-0.00276
-0.00296
-0.00296
-0.00276
-0.00276
-0.00276
-0.00296
-0.00276
-0.00276
-0.00296
-0.00315
-0.00315
-0.00257
-0.00257
-0.00315
-0.00315
-0.00276
-0.00257
-0.00257
-0.00257
-0.00276
-0.00315
-0.00296
-0.00276
-0.00257
-0.00296
-0.00315
-0.00276
-0.00315
-0.00335
-0.00374
-0.00315
-0.00296
-0.00257
-0.00315
-0.00315
-0.00315
-0.00315
-0.00335
-0.00296
-0.00276
-0.00276
-0.00335
-0.00276
-0.00315
-0.00296
-0.00296
-0.00296
-0.00257
-0.00257
-0.00276
-0.00276
-0.00296
-0.00276
-0.00315
-0.00296
-0.00296
-0.00296
-0.00296
-0.00296
-0.00315
-0.00276
-0.00335
-0.00315
-0.00335
-0.00296
-0.00276
-0.00237
-0.00257
-0.00257
-0.00237
-0.00237
-0.00257
-0.00218
-0.00257
-0.00276
-0.00257
-0.00237
-0.00257
-0.00237
-0.00296
-0.00237
-0.00257
-0.00257
-0.00276
-0.00276
-0.00276
-0.00218
-0.00276
-0.00257
-0.00296
-0.00276
-0.00257
-0.00237
-0.00257
-0.00218
-0.00257
-0.00237
-0.00276
-0.00257
-0.00257
-0.00276
-0.00296
-0.00296
-0.00276
-0.00276
-0.00257
-0.00296
-0.00296
-0.00296
-0.00335
-0.00315
-0.00276
-0.00296
-0.00315
-0.00257
-0.00315
-0.00296
-0.00296
-0.00296
-0.00315
-0.00315
-0.00296
-0.00257
-0.00257
-0.00296
-0.00335
-0.00296
-0.00315
-0.00296
-0.00276
-0.00237
-0.00276
-0.00257
-0.00276
-0.00276
-0.00257
-0.00257
-0.00276
-0.00257
-0.00276
-0.00276
-0.00276
-0.00257
-0.00276
-0.00296
-0.00296
-0.00276
-0.00315
-0.00296
-0.00276
-0.00315
-0.00296
-0.00296
-0.00296
-0.00296
-0.00276
-0.00237
-0.00257
-0.00315
-0.00276
-0.00276
-0.00276
-0.00276
-0.00315
-0.00296
-0.00315
-0.00257
-0.00335
-0.00296
-0.00315
-0.00335
-0.00276
-0.00257
-0.00315
-0.00335
-0.00296
-0.00354
-0.00335
-0.00315
-0.00374
-0.00335
-0.00374
-0.00374
-0.00335
-0.00315
-0.00374
-0.00335
-0.00354
-0.00315
-0.00354
-0.00335
-0.00335
-0.00296
-0.00335
-0.00296
-0.00335
-0.00315
-0.00354
-0.00296
-0.00276
-0.00296
-0.00296
-0.00276
-0.00257
-0.00315
-0.00296
-0.00257
-0.00276
-0.00296
-0.00315
-0.00257
-0.00296
-0.00257
-0.00276
-0.00296
-0.00237
-0.00218
-0.00276
-0.00257
-0.00276
-0.00237
-0.00237
-0.00179
-0.00237
-0.00237
-0.00237
-0.00237
-0.00296
-0.00296
-0.00335
-0.00296
-0.00276
-0.00276
-0.00276
-0.00276
-0.00296
-0.00296
-0.00296
-0.00296
-0.00315
-0.00276
-0.00276
-0.00276
-0.00315
-0.00276
-0.00276
-0.00257
-0.00335
-0.00257
-0.00296
-0.00296
-0.00315
-0.00296
-0.00315
-0.00315
-0.00315
-0.00296
-0.00335
-0.00276
-0.00296
-0.00257
-0.00296
-0.00276
-0.00335
-0.00276
-0.00315
-0.00315
-0.00335
-0.00296
-0.00276
-0.00276
-0.00296
-0.00296
-0.00276
-0.00257
-0.00296
-0.00296
-0.00335
-0.00276
-0.00296
-0.00276
-0.00315
-0.00276
-0.00315
-0.00257
-0.00276
-0.00296
-0.00296
-0.00296
-0.00335
-0.00296
-0.00257
-0.00257
-0.00335
-0.00276
-0.00315
-0.00335
-0.00296
-0.00335
-0.00315
-0.00296
-0.00276
-0.00218
-0.00276
-0.00315
-0.00276
-0.00315
-0.00257
-0.00276
-0.00315
-0.00257
-0.00296
-0.00276
-0.00296
-0.00276
-0.00276
-0.00237
-0.00315
-0.00296
-0.00296
-0.00257
-0.00296
-0.00257
-0.00296
-0.00257
-0.00276
-0.00257
-0.00315
-0.00296
-0.00315
-0.00315
-0.00315
-0.00393
-0.00296
-0.00354
-0.00315
-0.00296
-0.00276
-0.00276
-0.00335
-0.00315
-0.00296
-0.00335
-0.00315
-0.00315
-0.00335
-0.00315
-0.00315
-0.00315
-0.00315
-0.00335
-0.00354
-0.00335
-0.00354
-0.00315
-0.00335
-0.00354
-0.00296
-0.00335
-0.00335
-0.00296
-0.00335
-0.00315
-0.00296
-0.00276
-0.00296
-0.00276
-0.00257
-0.00237
-0.00276
-0.00257
-0.00257
-0.00218
-0.00237
-0.00218
-0.00218
-0.00179
-0.00198
-0.00179
-0.00257
-0.00218
-0.00237
-0.00237
-0.00257
-0.00218
-0.00296
-0.00276
-0.00296
-0.00276
-0.00296
-0.00276
-0.00315
-0.00335
-0.00335
-0.00335
-0.00296
