-1.530000428800E+00

-0.00159
-0.00179
-0.00218
-0.00198
-0.00218
-0.00218
-0.00198
-0.00179
-0.00198
-0.00237
-0.00257
-0.00237
-0.00237
-0.00237
-0.00198
-0.00218
-0.00218
-0.00218
-0.00198
-0.00218
-0.00237
-0.00257
-0.00257
-0.00218
-0.00237
-0.00237
-0.00159
-0.00179
-0.00179
-0.00276
-0.00237
-0.00218
-0.00218
-0.00198
-0.00179
-0.00179
-0.00198
-0.00218
-0.00179
-0.00218
-0.00218
-0.00198
-0.00179
-0.00179
-0.00159
-0.00198
-0.00198
-0.00257
-0.00218
-0.00198
-0.00179
-0.00198
-0.00198
-0.00198
-0.00198
-0.00179
-0.00159
-0.00179
-0.0012
-0.001
-0.0012
-0.0012
-0.00179
-0.00198
-0.00159
-0.00179
-0.00198
-0.00159
-0.00139
-0.00139
-0.00179
-0.00198
-0.00198
-0.00159
-0.00198
-0.00198
-0.00179
-0.00179
-0.00198
-0.00198
-0.00198
-0.00237
-0.00179
-0.00179
-0.00198
-0.00198
-0.00179
-0.00179
-0.00198
-0.00218
-0.00179
-0.00198
-0.00237
-0.00198
-0.00218
-0.00218
-0.00218
-0.00179
-0.00257
-0.00198
-0.00198
-0.00218
-0.00198
-0.00218
-0.00218
-0.00237
-0.00237
-0.00218
-0.00237
-0.00257
-0.00218
-0.00198
-0.00237
-0.00237
-0.00276
-0.00198
-0.00257
-0.00257
-0.00276
-0.00257
-0.00237
-0.00276
-0.00257
-0.00257
-0.00276
-0.00257
-0.00276
-0.00257
-0.00296
-0.00237
-0.00237
-0.00257
-0.00296
-0.00237
-0.00257
-0.00237
-0.00218
-0.00237
-0.00198
-0.00179
-0.00179
-0.00159
-0.00159
-0.00159
-0.00159
-0.00159
-0.0012
-0.00179
-0.00139
-0.00179
-0.00139
-0.00139
-0.00139
-0.00179
-0.00179
-0.00139
-0.00139
-0.00159
-0.00159
-0.00139
-0.0012
-0.00159
-0.00179
-0.00198
-0.00179
-0.00237
-0.00218
-0.00198
-0.00237
-0.00237
-0.00237
-0.00237
-0.00198
-0.00218
-0.00218
-0.00218
-0.00237
-0.00237
-0.00218
-0.00218
-0.00237
-0.00296
-0.00296
-0.00257
-0.00237
-0.00237
-0.00218
-0.00159
-0.00139
-0.00042
0.00095
0.00232
0.00329
0.00466
0.00564
0.00661
0.00739
0.00798
0.01013
0.0113
0.01325
0.01462
0.01657
0.01853
0.02068
0.02282
0.02556
0.02829
0.03064
0.03259
0.03454
0.0365
0.03825
0.03982
0.04138
0.04255
0.04431
0.04587
0.04743
0.04939
0.05095
0.05271
0.05505
0.05661
0.05857
0.0613
0.06501
0.0695
0.07302
0.07673
0.08044
0.08474
0.08884
0.09255
0.09548
0.09861
0.10095
0.10329
0.10544
0.107
0.10896
0.11052
0.11189
0.11286
0.11364
0.11482
0.11521
0.1156
0.11579
0.11579
0.1156
0.11579
0.1156
0.1154
0.11521
0.11462
0.11443
0.11384
0.11306
0.11267
0.1113
0.11091
0.10935
0.10876
0.10798
0.10681
0.10583
0.10505
0.10349
0.10212
0.10114
0.10036
0.09919
0.09782
0.09724
0.09665
0.09509
0.09431
0.09275
0.09157
0.0906
0.08923
0.08845
0.08747
0.0865
0.08591
0.08435
0.08376
0.08298
0.08142
0.08083
0.07966
0.07907
0.0779
0.07693
0.07654
0.07536
0.07439
0.07341
0.07263
0.07185
0.07068
0.06989
0.06872
0.06833
0.06716
0.06638
0.0654
0.06501
0.06384
0.06325
0.06267
0.06189
0.0613
0.06052
0.05974
0.05935
0.05857
0.05779
0.05681
0.05642
0.05564
0.05486
0.05427
0.05349
0.05251
0.05212
0.05095
0.05017
0.05017
0.04939
0.0488
0.04763
0.04763
0.04724
0.04665
0.04587
0.04509
0.0447
0.04431
0.04392
0.04255
0.04255
0.04196
0.04079
0.04079
0.04079
0.04001
0.03982
0.03904
0.03923
0.03806
0.03786
0.03708
0.0365
0.03611
0.03591
0.03513
0.03493
0.03435
0.03415
0.03337
0.03337
0.03259
0.0322
0.03161
0.03161
0.03142
0.03142
0.03005
0.02946
0.02946
0.02946
0.02907
0.02868
0.02829
0.0279
0.02732
0.02732
0.02693
0.02654
0.02654
0.02595
0.02595
0.02497
0.02497
0.02478
0.02458
0.02439
0.02341
0.02361
0.02263
0.02282
0.02243
0.02204
0.02224
0.02165
0.02165
0.02146
0.02126
0.02068
0.02029
0.02068
0.02048
0.02048
0.02009
0.0197
0.01853
0.01892
0.01892
0.01833
0.01775
0.01775
0.01716
0.01794
0.01696
0.01677
0.01638
0.01657
0.01599
0.01599
0.01579
0.01579
0.01579
0.0154
0.01521
0.01482
0.01521
0.01462
0.01443
0.01423
0.01384
0.01364
0.01325
0.01286
0.01267
0.01286
0.01267
0.01247
0.01208
0.01208
0.01247
0.01189
0.0115
0.0115
0.0115
0.01189
0.0115
0.01189
0.01111
0.0115
0.01111
0.01052
0.01013
0.01091
0.01052
0.01052
0.01013
0.00993
0.00993
0.00935
0.00935
0.00915
0.00876
0.00915
0.00896
0.00935
0.00915
0.00837
0.00876
0.00857
0.00857
0.00818
0.00798
0.00798
0.00798
0.00779
0.00779
0.00759
0.007
0.00681
0.007
0.0072
0.007
0.00681
0.00681
0.00661
0.00642
0.00642
0.00622
0.00622
0.00642
0.00622
0.00603
0.00642
0.00622
0.00544
0.00583
0.00564
0.00583
0.00525
0.00525
0.00505
0.00525
0.00486
0.00466
0.00466
0.00486
0.00466
0.00388
0.00427
0.00368
0.00407
0.00427
0.00407
0.00446
0.00427
0.00427
0.00407
0.00427
0.00407
0.00349
0.00407
0.00368
0.00349
0.00368
0.00407
0.00349
0.00368
0.0031
0.0031
0.00271
0.0031
0.0029
0.0029
0.00329
0.0029
0.0029
0.0029
0.0029
0.00251
0.0029
0.00329
0.0031
0.00251
0.00251
0.00232
0.00212
0.00251
0.00212
0.00232
0.00232
0.00193
0.00212
0.00193
0.00173
0.00193
0.00193
0.00193
0.00193
0.00114
0.00095
0.00173
0.00114
0.00134
0.00134
0.00134
0.00075
0.00114
0.00114
0.00114
0.00095
0.00095
0.00095
0.00134
0.00075
0.00095
0.00095
0.00095
0.00056
0.00036
0.00056
0.00056
0.00056
0.00056
0.00036
0.00056
0.00036
0.00036
0.00075
0.00095
0.00036
0.00075
0.00017
0.00036
0.00036
0.00056
0.00075
0.00017
0.00056
0.00095
0.00036
0.00017
0.00056
0.00036
0.00017
0.00056
0.00056
0.00075
0.00017
0.00036
0.00036
0.00017
-0.00022
-3e-05
-0.00042
0.00017
-3e-05
-3e-05
0.00017
-0.00022
-3e-05
-0.00022
0.00017
0.00036
0.00036
-0.00022
-0.00022
-0.00042
-0.00042
-0.00022
-0.00081
-0.00081
-0.00061
-0.00061
-0.00081
-0.00081
-0.00061
-0.00042
-0.00042
-0.00061
-0.00081
-0.00061
-0.00022
-0.001
-0.00081
-0.00081
-0.00042
-0.001
-0.00042
-0.00081
-0.001
-0.00061
-0.0012
-0.00061
-0.001
-0.00081
-0.0012
-0.00139
-0.001
-0.0012
-0.00139
-0.00198
-0.00081
-0.00081
-0.00139
-0.00159
-0.001
-0.0012
-0.0012
-0.0012
-0.0012
-0.0012
-0.0012
-0.00081
-0.0012
-0.00081
-0.00081
-0.0012
-0.001
-0.001
-0.00061
-0.001
-0.00061
-0.00081
-0.00061
-0.00061
-0.00061
-0.00081
-0.00061
-0.00042
-0.00061
-0.00081
-0.001
-0.001
-0.001
-0.001
-0.0012
-0.00139
-0.00139
-0.00139
-0.001
-0.0012
-0.001
-0.00159
-0.00159
-0.001
-0.001
-0.00139
-0.00159
-0.00159
-0.00139
-0.00139
-0.00159
-0.00159
-0.0012
-0.0012
-0.00159
-0.0012
-0.00139
-0.0012
-0.00139
-0.00139
-0.00159
-0.00139
-0.00159
-0.00159
-0.00159
-0.00139
-0.00081
-0.0012
-0.001
-0.0012
-0.00139
-0.00159
-0.00198
-0.00139
-0.00179
-0.00179
-0.00179
-0.00198
-0.00179
-0.00179
-0.00159
-0.00159
-0.00198
-0.00198
-0.00139
-0.00218
-0.00218
-0.00218
-0.00237
-0.00198
-0.00179
-0.00179
-0.00139
-0.00159
-0.00179
-0.00198
-0.00198
-0.00179
-0.00159
-0.00159
-0.00139
-0.00179
-0.00159
-0.001
-0.00139
-0.0012
-0.001
-0.0012
-0.0012
-0.00139
-0.00139
-0.00081
-0.001
-0.0012
-0.001
-0.00081
-0.0012
-0.00159
-0.00179
-0.0012
-0.00159
-0.0012
-0.00159
-0.00198
-0.00198
-0.00218
-0.00159
-0.00179
-0.00179
-0.00179
-0.00218
-0.00198
-0.00139
-0.00159
-0.00218
-0.00218
-0.00218
-0.00159
-0.00179
-0.00179
-0.00139
-0.00218
-0.00198
-0.00218
-0.00198
-0.00198
-0.00179
-0.00198
-0.00159
-0.00159
-0.00218
-0.00198
-0.00198
-0.00198
-0.00218
-0.00198
-0.00159
-0.00139
-0.00159
-0.00218
-0.00198
-0.00237
-0.00179
-0.00198
-0.00179
-0.00179
-0.00179
-0.00179
-0.00139
-0.00179
-0.00179
-0.00179
-0.00179
-0.00159
-0.00159
-0.00159
-0.00179
-0.00198
-0.00198
-0.00218
-0.00179
-0.00198
-0.00179
-0.00179
-0.00218
-0.00237
-0.00179
-0.00218
-0.00159
-0.00159
-0.00179
-0.00198
-0.00218
-0.00218
-0.00198
-0.00218
-0.00139
-0.00159
-0.00159
-0.0012
-0.00179
-0.00218
-0.00198
-0.00198
-0.00139
-0.00179
-0.00159
-0.00237
-0.00218
-0.00198
-0.00179
-0.00218
-0.00198
-0.00218
-0.00198
-0.00179
-0.00179
-0.00198
-0.00237
-0.00218
-0.00198
-0.00179
-0.00198
-0.00218
-0.00218
-0.00179
-0.00198
-0.00159
-0.00159
-0.00198
-0.00218
-0.00198
-0.00218
-0.00198
-0.00237
-0.00237
-0.00237
-0.00198
-0.00218
-0.00218
-0.00218
-0.00179
-0.00237
-0.00237
-0.00198
-0.00218
-0.00218
-0.00218
-0.00218
-0.00179
-0.00218
-0.00218
-0.00179
-0.00179
-0.00218
-0.00218
-0.00159
-0.00179
-0.00237
-0.00179
-0.00159
-0.00159
-0.00159
-0.00159
-0.00139
-0.00159
-0.00198
-0.00179
-0.00159
-0.00139
-0.00159
-0.00139
-0.00198
-0.00179
-0.00198
-0.00198
-0.00179
-0.00179
-0.00159
-0.00159
-0.00179
-0.00159
-0.00179
-0.00218
-0.00237
-0.00198
-0.00179
-0.00179
-0.00159
-0.00179
-0.00218
-0.00198
-0.00179
-0.00218
-0.00257
-0.00198
-0.00179
-0.00237
-0.00237
-0.00198
-0.00218
-0.00218
-0.00218
-0.00276
-0.00296
-0.00237
-0.00296
-0.00296
-0.00276
-0.00276
-0.00315
-0.00257
-0.00296
-0.00296
-0.00315
-0.00335
-0.00296
-0.00257
-0.00296
-0.00257
-0.00315
-0.00296
-0.00296
-0.00296
-0.00257
-0.00257
-0.00257
-0.00276
-0.00218
-0.00237
-0.00237
-0.00257
-0.00257
-0.00257
-0.00315
-0.00218
-0.00257
-0.00276
-0.00315
-0.00276
-0.00218
-0.00198
-0.00237
-0.00198
-0.00218
-0.00237
-0.00159
-0.00159
-0.00179
-0.00179
-0.00179
-0.00198
-0.00198
-0.00179
-0.00139
-0.00179
-0.00218
-0.00179
-0.00218
-0.00218
-0.00257
-0.00218
-0.00218
-0.00179
-0.00179
-0.00218
-0.00198
-0.00218
-0.00237
-0.00218
-0.00218
-0.00257
-0.00237
-0.00218
-0.00218
-0.00198
-0.00257
-0.00257
-0.00237
-0.00276
-0.00257
-0.00198
-0.00237
-0.00218
-0.00218
-0.00218
-0.00237
-0.00257
-0.00257
-0.00257
-0.00218
-0.00198
-0.00237
-0.00198
-0.00237
-0.00218
-0.00139
-0.00179
-0.00218
-0.00218
-0.00198
-0.00198
-0.00218
-0.00198
-0.00218
-0.00218
-0.00198
-0.00218
-0.00237
-0.00218
-0.00237
-0.00257
-0.00257
-0.00237
-0.00218
-0.00237
-0.00198
-0.00237
-0.00198
-0.00237
-0.00198
-0.00218
-0.00218
-0.00257
-0.00237
-0.00276
-0.00276
-0.00276
-0.00179
-0.00257
-0.00276
-0.00296
-0.00257
-0.00276
-0.00296
-0.00276
-0.00218
-0.00218
-0.00218
-0.00218
-0.00237
-0.00179
-0.00179
-0.00237
-0.00257
-0.00237
-0.00237
-0.00179
-0.00198
-0.00159
-0.00198
-0.00159
-0.00139
-0.0012
-0.00139
-0.00198
-0.00159
-0.00198
-0.00179
-0.00198
-0.00159
-0.00179
-0.00198
-0.00159
-0.00179
-0.00159
-0.00218
-0.00159
-0.00179
-0.00179
-0.00237
-0.00159
-0.00218
-0.00159
-0.00237
-0.00198
-0.00237
-0.00237
-0.00237
-0.00257
-0.00276
-0.00276
-0.00296
-0.00296
-0.00296
-0.00276
-0.00276
-0.00257
-0.00276
-0.00257
-0.00257
-0.00296
-0.00276
-0.00257
-0.00296
-0.00296
-0.00257
-0.00237
-0.00237
-0.00237
-0.00198
-0.00276
-0.00257
-0.00257
-0.00218
-0.00237
-0.00218
-0.00218
-0.00179
-0.00198
-0.00159
-0.00198
-0.00179
-0.00179
-0.00198
-0.00218
-0.00179
-0.00139
-0.00159
-0.00179
-0.00179
-0.00218
-0.00179
-0.00198
-0.00159
-0.00237
-0.00179
-0.00179
-0.00198
-0.00198
-0.00257
-0.00198
-0.00237
-0.00218
-0.00257
-0.00198
-0.00218
