-1.244000348800E+00

-0.00335
-0.00315
-0.00354
-0.00296
-0.00335
-0.00335
-0.00296
-0.00315
-0.00354
-0.00354
-0.00335
-0.00296
-0.00315
-0.00315
-0.00315
-0.00296
-0.00315
-0.00276
-0.00296
-0.00276
-0.00315
-0.00276
-0.00276
-0.00296
-0.00315
-0.00276
-0.00315
-0.00315
-0.00276
-0.00296
-0.00257
-0.00296
-0.00296
-0.00315
-0.00257
-0.00276
-0.00296
-0.00276
-0.00335
-0.00257
-0.00315
-0.00276
-0.00257
-0.00296
-0.00237
-0.00296
-0.00296
-0.00257
-0.00276
-0.00276
-0.00296
-0.00257
-0.00237
-0.00257
-0.00257
-0.00257
-0.00237
-0.00276
-0.00218
-0.00237
-0.00218
-0.00237
-0.00218
-0.00257
-0.00237
-0.00237
-0.00198
-0.00257
-0.00276
-0.00218
-0.00257
-0.00198
-0.00198
-0.00198
-0.00198
-0.00159
-0.00179
-0.00218
-0.00218
-0.00179
-0.00198
-0.00159
-0.00179
-0.00179
-0.00198
-0.00218
-0.00218
-0.00198
-0.00257
-0.00276
-0.00276
-0.00276
-0.00296
-0.00354
-0.00296
-0.00296
-0.00315
-0.00354
-0.00315
-0.00296
-0.00335
-0.00354
-0.00354
-0.00335
-0.00296
-0.00315
-0.00335
-0.00354
-0.00393
-0.00374
-0.00374
-0.00374
-0.00354
-0.00393
-0.00354
-0.00354
-0.00354
-0.00354
-0.00374
-0.00354
-0.00315
-0.00257
-0.00276
-0.00296
-0.00257
-0.00276
-0.00276
-0.00218
-0.00237
-0.00237
-0.00218
-0.00218
-0.00218
-0.00237
-0.00218
-0.00257
-0.00276
-0.00257
-0.00237
-0.00237
-0.00276
-0.00257
-0.00276
-0.00276
-0.00315
-0.00296
-0.00296
-0.00315
-0.00296
-0.00315
-0.00315
-0.00315
-0.00374
-0.00296
-0.00354
-0.00315
-0.00335
-0.00315
-0.00315
-0.00276
-0.00296
-0.00335
-0.00354
-0.00354
-0.00335
-0.00335
-0.00374
-0.00315
-0.00335
-0.00296
-0.00296
-0.00276
-0.00257
-0.00276
-0.00276
-0.00276
-0.00237
-0.00237
-0.00218
-0.00237
-0.00237
-0.00237
-0.00257
-0.00257
-0.00257
-0.00237
-0.00257
-0.00257
-0.00276
-0.00257
-0.00257
-0.00276
-0.00315
-0.00354
-0.00354
-0.00354
-0.00315
-0.00237
-0.00296
-0.00081
0.00075
0.0029
0.00486
0.0072
0.00974
0.01247
0.0156
0.01794
0.02107
0.0238
0.02654
0.02907
0.032
0.03571
0.04021
0.0445
0.04958
0.05486
0.05974
0.06482
0.07029
0.07497
0.08025
0.08591
0.09138
0.09704
0.10173
0.10603
0.11032
0.11423
0.11775
0.12107
0.124
0.12634
0.12888
0.13103
0.1322
0.13415
0.13493
0.13572
0.13689
0.13747
0.13747
0.13747
0.13864
0.13825
0.13825
0.13786
0.13689
0.13708
0.1363
0.13591
0.13532
0.13493
0.13474
0.13376
0.13415
0.13376
0.13357
0.13415
0.13357
0.13278
0.1322
0.13181
0.13083
0.13005
0.12946
0.12829
0.12751
0.12634
0.12536
0.12478
0.12419
0.12322
0.12165
0.12009
0.11931
0.11872
0.11736
0.11618
0.1154
0.11384
0.11267
0.11189
0.11032
0.10954
0.10857
0.10681
0.10661
0.10486
0.10388
0.10271
0.10114
0.10017
0.0988
0.09763
0.09626
0.09529
0.09392
0.09333
0.09216
0.09099
0.08982
0.08884
0.08728
0.08591
0.08571
0.08493
0.08357
0.08239
0.08161
0.08044
0.07907
0.0781
0.07693
0.07654
0.07517
0.074
0.07361
0.07361
0.07341
0.0738
0.074
0.07439
0.074
0.07517
0.07536
0.07536
0.07575
0.07536
0.07575
0.07595
0.07556
0.07556
0.07575
0.07536
0.07517
0.07478
0.07458
0.07361
0.07321
0.07302
0.07224
0.07204
0.07126
0.07048
0.07048
0.06989
0.06872
0.06833
0.06814
0.06755
0.06638
0.06599
0.06599
0.06521
0.06443
0.06443
0.06286
0.06267
0.06189
0.0613
0.06071
0.05993
0.05915
0.05857
0.05779
0.0572
0.05622
0.05544
0.05466
0.05427
0.0531
0.05271
0.05212
0.05173
0.05095
0.05017
0.04958
0.04919
0.04841
0.04802
0.04763
0.04743
0.04665
0.04568
0.04509
0.04509
0.0445
0.04392
0.04353
0.04333
0.04275
0.04216
0.04138
0.0406
0.04001
0.04001
0.03962
0.03904
0.03864
0.03806
0.03767
0.03689
0.0365
0.0365
0.03591
0.03552
0.03474
0.03435
0.03396
0.03357
0.03318
0.03259
0.03239
0.03142
0.03083
0.03044
0.02946
0.03005
0.02888
0.0279
0.0279
0.02712
0.02693
0.02673
0.02654
0.02614
0.02536
0.02575
0.02575
0.02478
0.02478
0.02439
0.02419
0.02419
0.024
0.024
0.024
0.02361
0.02282
0.02302
0.02243
0.02282
0.02243
0.02263
0.02165
0.02185
0.02146
0.02146
0.02068
0.02087
0.02087
0.02048
0.02009
0.0197
0.0195
0.0195
0.01911
0.01833
0.01794
0.01794
0.01716
0.01677
0.01696
0.01657
0.01599
0.01579
0.01579
0.0156
0.01482
0.01443
0.01462
0.01443
0.01443
0.01404
0.01364
0.01306
0.01345
0.01345
0.01345
0.01286
0.01306
0.01247
0.01267
0.01306
0.01208
0.01247
0.01247
0.01247
0.01247
0.01228
0.01189
0.0115
0.01189
0.01189
0.0113
0.0113
0.0113
0.01111
0.01091
0.01111
0.01032
0.01091
0.01071
0.00993
0.01013
0.00974
0.00954
0.00896
0.00915
0.00876
0.00896
0.00857
0.00857
0.00837
0.00818
0.00896
0.00837
0.00857
0.00818
0.00798
0.00759
0.00759
0.00661
0.0072
0.00739
0.007
0.00681
0.007
0.00661
0.00681
0.00642
0.00661
0.00622
0.00681
0.007
0.00661
0.00681
0.00603
0.00583
0.00603
0.00603
0.00564
0.00544
0.00525
0.00525
0.00486
0.00505
0.00505
0.00525
0.00466
0.00505
0.00446
0.00446
0.00446
0.00446
0.00368
0.00388
0.00368
0.00368
0.00368
0.00349
0.0031
0.0031
0.00349
0.00329
0.00349
0.0031
0.00271
0.00271
0.0031
0.00251
0.00232
0.00271
0.00251
0.00232
0.00212
0.00232
0.00251
0.00271
0.00251
0.00232
0.00251
0.00271
0.00271
0.00232
0.00232
0.00212
0.00232
0.00251
0.00232
0.00232
0.00212
0.00251
0.00251
0.00271
0.00251
0.00251
0.00271
0.00251
0.00212
0.00232
0.00212
0.00212
0.00173
0.00212
0.00212
0.00173
0.00193
0.00173
0.00193
0.00193
0.00193
0.00173
0.00193
0.00173
0.00173
0.00154
0.00134
0.00134
0.00134
0.00154
0.00134
0.00114
0.00095
0.00114
0.00075
0.00056
0.00075
0.00075
0.00095
0.00036
0.00017
-0.00022
-3e-05
-0.00022
-3e-05
-0.00022
-3e-05
0.00017
-3e-05
-0.00022
-3e-05
-0.00042
-0.00042
-0.00042
-0.00042
-0.00042
-0.00081
-0.00022
-0.00022
-0.00042
-3e-05
-3e-05
-3e-05
-0.00061
-3e-05
-3e-05
-0.00022
0.00017
-0.00061
-0.00022
-0.00042
-0.00042
-0.00042
-0.00022
-0.00022
-0.00042
-3e-05
0.00017
-0.00022
-0.00042
-0.00022
-3e-05
0.00036
-3e-05
0.00017
-0.00042
-0.00042
-0.00061
-0.00042
-0.00081
-0.00081
-0.00061
-0.0012
-0.00081
-0.001
-0.001
-0.001
-0.00139
-0.00139
-0.0012
-0.0012
-0.0012
-0.00081
-0.00139
-0.001
-0.00042
-0.00042
-0.001
-0.00139
-0.001
-0.0012
-0.00139
-0.00159
-0.00139
-0.0012
-0.00159
-0.00159
-0.00139
-0.001
-0.001
-0.0012
-0.001
-0.0012
-0.00139
-0.001
-0.00081
-0.00061
-0.00061
-0.001
-0.00061
-0.0012
-0.00159
-0.00081
-0.001
-0.001
-0.0012
-0.001
-0.00159
-0.00139
-0.00179
-0.00159
-0.00179
-0.00159
-0.00159
-0.00198
-0.00218
-0.00198
-0.00218
-0.00159
-0.00218
-0.00198
-0.00198
-0.00159
-0.00179
-0.00179
-0.00159
-0.00139
-0.00139
-0.00159
-0.00159
-0.00218
-0.00198
-0.00218
-0.00198
-0.00198
-0.00198
-0.00159
-0.00179
-0.00179
-0.00159
-0.00159
-0.00198
-0.00159
-0.00198
-0.00159
-0.00198
-0.00179
-0.00237
-0.00237
-0.00198
-0.00159
-0.00218
-0.00179
-0.00218
-0.00237
-0.00257
-0.00257
-0.00276
-0.00257
-0.00257
-0.00315
-0.00296
-0.00276
-0.00335
-0.00335
-0.00335
-0.00315
-0.00315
-0.00296
-0.00335
-0.00335
-0.00335
-0.00354
-0.00354
-0.00315
-0.00335
-0.00335
-0.00335
-0.00315
-0.00296
-0.00276
-0.00296
-0.00276
-0.00296
-0.00276
-0.00315
-0.00237
-0.00315
-0.00315
-0.00354
-0.00296
-0.00315
-0.00276
-0.00296
-0.00218
-0.00237
-0.00257
-0.00237
-0.00257
-0.00237
-0.00257
-0.00257
-0.00296
-0.00237
-0.00257
-0.00218
-0.00218
-0.00218
-0.00237
-0.00237
-0.00237
-0.00237
-0.00237
-0.00218
-0.00218
-0.00218
-0.00257
-0.00237
-0.00218
-0.00237
-0.00237
-0.00257
-0.00257
-0.00198
-0.00218
-0.00218
-0.00237
-0.00237
-0.00218
-0.00237
-0.00218
-0.00218
-0.00198
-0.00237
-0.00179
-0.00198
-0.00179
-0.00218
-0.00218
-0.00218
-0.00218
-0.00198
-0.00139
-0.00179
-0.00198
-0.00159
-0.00198
-0.00198
-0.00179
-0.00198
-0.00198
-0.00179
-0.00198
-0.00198
-0.00198
-0.00198
-0.00276
-0.00257
-0.00218
-0.00237
-0.00257
-0.00257
-0.00237
-0.00276
-0.00296
-0.00296
-0.00276
-0.00296
-0.00335
-0.00315
-0.00335
-0.00296
-0.00296
-0.00315
-0.00335
-0.00296
-0.00315
-0.00296
-0.00257
-0.00276
-0.00257
-0.00315
-0.00296
-0.00315
-0.00315
-0.00335
-0.00276
-0.00257
-0.00237
-0.00276
-0.00257
-0.00296
-0.00237
-0.00276
-0.00218
-0.00218
-0.00198
-0.00198
-0.00218
-0.00237
-0.00237
-0.00296
-0.00237
-0.00276
-0.00218
-0.00237
-0.00237
-0.00257
-0.00218
-0.00296
-0.00296
-0.00296
-0.00296
-0.00257
-0.00257
-0.00315
-0.00335
-0.00393
-0.00335
-0.00315
-0.00354
-0.00354
-0.00335
-0.00315
-0.00296
-0.00354
-0.00296
-0.00315
-0.00296
-0.00315
-0.00296
-0.00296
-0.00335
-0.00335
-0.00296
-0.00276
-0.00257
-0.00276
-0.00257
-0.00237
-0.00296
-0.00315
-0.00296
-0.00257
-0.00276
-0.00276
-0.00315
-0.00276
-0.00276
-0.00296
-0.00257
-0.00276
-0.00296
-0.00296
-0.00315
-0.00257
-0.00296
-0.00296
-0.00296
-0.00315
-0.00315
-0.00296
-0.00296
-0.00276
-0.00335
-0.00335
-0.00335
-0.00354
-0.00374
-0.00374
-0.00335
-0.00374
-0.00374
-0.00393
-0.00354
-0.00374
-0.00374
-0.00374
-0.00393
-0.00354
-0.00374
-0.00374
-0.00374
-0.00296
-0.00296
-0.00296
-0.00335
-0.00335
-0.00237
-0.00315
-0.00296
-0.00257
-0.00296
-0.00276
-0.00296
-0.00237
-0.00237
-0.00276
-0.00296
-0.00257
-0.00276
-0.00296
-0.00315
-0.00296
-0.00315
-0.00276
-0.00237
-0.00237
-0.00237
-0.00276
-0.00276
-0.00237
-0.00296
-0.00296
-0.00296
-0.00315
-0.00276
-0.00276
-0.00296
-0.00335
-0.00296
-0.00354
-0.00315
-0.00374
-0.00374
-0.00413
-0.00354
-0.00393
-0.00413
-0.00413
-0.00393
-0.00354
-0.00354
-0.00354
-0.00413
-0.00413
-0.00393
-0.00393
-0.00354
-0.00335
-0.00354
-0.00335
-0.00296
-0.00296
-0.00315
-0.00296
-0.00315
-0.00237
-0.00296
-0.00296
-0.00276
-0.00237
-0.00237
-0.00276
-0.00198
-0.00257
-0.00257
-0.00276
-0.00276
-0.00218
-0.00218
-0.00237
-0.00237
-0.00257
-0.00257
-0.00315
-0.00315
-0.00315
-0.00296
-0.00296
-0.00276
-0.00296
-0.00276
-0.00354
-0.00354
-0.00335
-0.00354
-0.00393
-0.00354
-0.00374
-0.00393
-0.00374
-0.00393
-0.00374
-0.00393
-0.00374
-0.00374
-0.00354
-0.00354
-0.00413
-0.00374
-0.00393
-0.00354
-0.00374
-0.00374
-0.00335
-0.00315
-0.00335
-0.00374
-0.00315
-0.00335
-0.00335
-0.00335
-0.00276
-0.00315
-0.00335
-0.00276
-0.00276
-0.00257
-0.00218
-0.00237
-0.00276
-0.00276
-0.00296
-0.00257
-0.00237
-0.00276
-0.00335
-0.00315
-0.00296
-0.00296
-0.00315
-0.00296
-0.00335
-0.00354
-0.00374
-0.00354
-0.00335
-0.00354
-0.00354
-0.00374
-0.00335
-0.00374
-0.00354
-0.00335
-0.00315
-0.00374
-0.00374
-0.00374
-0.00374
-0.00354
-0.00335
-0.00315
-0.00296
-0.00335
-0.00374
-0.00315
-0.00335
-0.00354
-0.00335
-0.00315
-0.00335
-0.00315
-0.00315
-0.00257
-0.00257
-0.00276
-0.00276
-0.00257
-0.00237
-0.00237
-0.00296
-0.00296
-0.00257
-0.00218
-0.00218
-0.00198
-0.00257
-0.00218
-0.00257
-0.00296
-0.00257
-0.00276
-0.00296
-0.00257
-0.00335
-0.00335
