-1.327000374400E+00

-0.00296
-0.00296
-0.00315
-0.00354
-0.00315
-0.00354
-0.00296
-0.00296
-0.00335
-0.00315
-0.00335
-0.00315
-0.00315
-0.00276
-0.00276
-0.00237
-0.00237
-0.00218
-0.00257
-0.00237
-0.00257
-0.00257
-0.00276
-0.00237
-0.00237
-0.00257
-0.00237
-0.00198
-0.00237
-0.00257
-0.00257
-0.00257
-0.00237
-0.00237
-0.00218
-0.00218
-0.00237
-0.00218
-0.00218
-0.00257
-0.00237
-0.00237
-0.00257
-0.00237
-0.00237
-0.00257
-0.00257
-0.00257
-0.00276
-0.00315
-0.00276
-0.00296
-0.00296
-0.00315
-0.00296
-0.00276
-0.00315
-0.00315
-0.00315
-0.00296
-0.00218
-0.00276
-0.00296
-0.00335
-0.00296
-0.00315
-0.00257
-0.00257
-0.00276
-0.00276
-0.00276
-0.00237
-0.00237
-0.00218
-0.00198
-0.00237
-0.00237
-0.00218
-0.00276
-0.00218
-0.00237
-0.00237
-0.00257
-0.00257
-0.00237
-0.00237
-0.00257
-0.00198
-0.00218
-0.00218
-0.00198
-0.00237
-0.00237
-0.00276
-0.00237
-0.00237
-0.00257
-0.00296
-0.00296
-0.00276
-0.00296
-0.00315
-0.00315
-0.00315
-0.00296
-0.00374
-0.00354
-0.00374
-0.00374
-0.00354
-0.00354
-0.00315
-0.00315
-0.00315
-0.00354
-0.00315
-0.00296
-0.00296
-0.00276
-0.00315
-0.00315
-0.00237
-0.00218
-0.00257
-0.00237
-0.00276
-0.00257
-0.00296
-0.00237
-0.00276
-0.00296
-0.00257
-0.00276
-0.00237
-0.00257
-0.00296
-0.00237
-0.00257
-0.00257
-0.00237
-0.00257
-0.00257
-0.00276
-0.00276
-0.00257
-0.00276
-0.00315
-0.00296
-0.00276
-0.00257
-0.00276
-0.00315
-0.00257
-0.00276
-0.00296
-0.00237
-0.00276
-0.00276
-0.00296
-0.00276
-0.00354
-0.00296
-0.00296
-0.00296
-0.00315
-0.00335
-0.00315
-0.00315
-0.00296
-0.00276
-0.00296
-0.00276
-0.00296
-0.00257
-0.00257
-0.00257
-0.00276
-0.00257
-0.00257
-0.00315
-0.00296
-0.00276
-0.00237
-0.00257
-0.00296
-0.00276
-0.00257
-0.00276
-0.00237
-0.00296
-0.00296
-0.00335
-0.00335
-0.00296
-0.00315
-0.00296
-0.00237
-0.0012
-0.00022
0.00075
0.00193
0.00232
0.00388
0.00466
0.00583
0.0072
0.00798
0.00896
0.00935
0.00974
0.01052
0.0113
0.01169
0.01247
0.01267
0.01325
0.01364
0.01423
0.0154
0.01657
0.01755
0.0195
0.02165
0.024
0.02673
0.02946
0.03298
0.0363
0.04001
0.04392
0.04782
0.05271
0.05681
0.06071
0.0654
0.0695
0.07341
0.07654
0.07966
0.08298
0.08611
0.08845
0.09138
0.09275
0.09392
0.09548
0.09724
0.0988
0.09939
0.10036
0.10114
0.10212
0.10251
0.10329
0.10349
0.10407
0.10447
0.10486
0.10447
0.10466
0.10427
0.10447
0.10368
0.1031
0.10271
0.10212
0.10232
0.10134
0.10075
0.10036
0.09939
0.09841
0.09743
0.09626
0.09529
0.0947
0.09314
0.09314
0.09236
0.09177
0.09079
0.09001
0.08884
0.08767
0.08669
0.08591
0.08435
0.08357
0.08259
0.082
0.08083
0.07986
0.07907
0.0781
0.07693
0.07634
0.07517
0.07439
0.07341
0.07243
0.07165
0.07029
0.0697
0.06892
0.06814
0.06775
0.06657
0.06599
0.06482
0.06423
0.06286
0.06267
0.06189
0.0613
0.06052
0.05993
0.05896
0.05798
0.05759
0.05661
0.05564
0.05505
0.05427
0.05368
0.05368
0.05251
0.05193
0.05134
0.05017
0.05017
0.04939
0.04919
0.04821
0.04782
0.04685
0.04685
0.04607
0.04568
0.0447
0.04411
0.04333
0.04255
0.04255
0.04216
0.04118
0.04118
0.0406
0.04001
0.03962
0.03904
0.03845
0.03825
0.03786
0.03747
0.03689
0.0363
0.03571
0.03513
0.03454
0.03415
0.03337
0.03318
0.03259
0.0322
0.03122
0.03103
0.03083
0.03103
0.03025
0.02986
0.02946
0.02907
0.0281
0.02849
0.02771
0.02771
0.02751
0.02751
0.02634
0.02614
0.02614
0.02595
0.02536
0.02556
0.02478
0.02458
0.02439
0.024
0.02341
0.02361
0.02341
0.02341
0.02282
0.02282
0.02243
0.02224
0.02204
0.02146
0.02146
0.02107
0.02068
0.02009
0.02009
0.02009
0.01989
0.0195
0.01911
0.01931
0.01872
0.01814
0.01794
0.01755
0.01794
0.01736
0.01736
0.01657
0.01638
0.01657
0.01618
0.01599
0.0156
0.0156
0.01521
0.01521
0.01462
0.01423
0.01443
0.01423
0.01384
0.01364
0.01364
0.01364
0.01364
0.01384
0.01325
0.01247
0.01267
0.01208
0.01228
0.01228
0.0115
0.0115
0.01189
0.01111
0.0115
0.0115
0.01091
0.0113
0.01091
0.01071
0.01052
0.01032
0.00993
0.01052
0.00954
0.00935
0.00915
0.00876
0.00896
0.00857
0.00896
0.00876
0.00876
0.00896
0.00857
0.00876
0.00876
0.00837
0.00837
0.00837
0.00798
0.00779
0.00798
0.00818
0.00779
0.00779
0.0072
0.00739
0.00739
0.00759
0.0072
0.00739
0.00661
0.00642
0.00681
0.00603
0.00661
0.00603
0.00603
0.00564
0.00603
0.00564
0.00583
0.00603
0.00583
0.00525
0.00486
0.00505
0.00505
0.00486
0.00446
0.00466
0.00486
0.00466
0.00427
0.00446
0.00446
0.00407
0.00388
0.00388
0.00388
0.00388
0.00368
0.00388
0.00388
0.00368
0.00329
0.00329
0.0031
0.00349
0.00329
0.00271
0.0031
0.00349
0.0031
0.0031
0.0031
0.00271
0.00271
0.00271
0.00212
0.00271
0.00251
0.00271
0.00232
0.00212
0.00212
0.00173
0.00193
0.00212
0.00212
0.00212
0.00193
0.00193
0.00154
0.00154
0.00193
0.00212
0.00173
0.00154
0.00173
0.00193
0.00193
0.00193
0.00193
0.00193
0.00114
0.00154
0.00154
0.00154
0.00114
0.00114
0.00134
0.00114
0.00114
0.00075
0.00095
0.00114
0.00075
0.00095
0.00075
0.00075
0.00114
0.00075
0.00036
0.00114
0.00036
0.00095
0.00056
0.00036
0.00075
0.00095
0.00056
0.00017
0.00017
-3e-05
-0.00022
-3e-05
-3e-05
-3e-05
-0.00022
-0.00022
-3e-05
-0.00022
-0.00042
-0.00022
-3e-05
-0.00022
-0.00022
-0.00022
-3e-05
-3e-05
0.00036
-3e-05
-0.00042
-0.00022
-0.00022
-0.00022
0.00017
-0.00061
-3e-05
-0.00042
-3e-05
-0.00042
0.00017
0.00017
-0.00042
-0.00022
-0.00022
0.00017
-3e-05
0.00017
-0.00022
-0.00022
-0.00042
-3e-05
-0.00042
-3e-05
-0.00022
-0.00022
-3e-05
-0.00042
-0.00061
-0.0012
-0.00081
-0.00061
-0.001
-0.00061
-0.0012
-0.0012
-0.00179
-0.00139
-0.001
-0.00139
-0.00081
-0.001
-0.001
-0.00179
-0.00159
-0.00139
-0.00139
-0.001
-0.0012
-0.0012
-0.001
-0.0012
-0.00081
-0.00061
-0.0012
-0.001
-0.0012
-0.0012
-0.001
-0.0012
-0.0012
-0.001
-0.00081
-0.00159
-0.00198
-0.00198
-0.00159
-0.00139
-0.00159
-0.00198
-0.00198
-0.00179
-0.00179
-0.00159
-0.00159
-0.00159
-0.00139
-0.00179
-0.00179
-0.00159
-0.00159
-0.00159
-0.00139
-0.00159
-0.00139
-0.00139
-0.0012
-0.00179
-0.00159
-0.00139
-0.00139
-0.00139
-0.00198
-0.00139
-0.00179
-0.00159
-0.0012
-0.00139
-0.00159
-0.00139
-0.0012
-0.00081
-0.0012
-0.0012
-0.0012
-0.00159
-0.00179
-0.00139
-0.00159
-0.00139
-0.00159
-0.00218
-0.00179
-0.00179
-0.00159
-0.00179
-0.00159
-0.00198
-0.00179
-0.00198
-0.00218
-0.00218
-0.00237
-0.00198
-0.00198
-0.00218
-0.00218
-0.00257
-0.00237
-0.00237
-0.00257
-0.00276
-0.00296
-0.00198
-0.00218
-0.00198
-0.00257
-0.00257
-0.00257
-0.00276
-0.00276
-0.00276
-0.00257
-0.00257
-0.00257
-0.00276
-0.00257
-0.00257
-0.00276
-0.00237
-0.00257
-0.00257
-0.00257
-0.00257
-0.00237
-0.00257
-0.00237
-0.00218
-0.00218
-0.00218
-0.00276
-0.00218
-0.00198
-0.00159
-0.00179
-0.00198
-0.00198
-0.00179
-0.00257
-0.00218
-0.00198
-0.00237
-0.00198
-0.00179
-0.00218
-0.00218
-0.00276
-0.00257
-0.00237
-0.00237
-0.00218
-0.00237
-0.00198
-0.00198
-0.00179
-0.00218
-0.00257
-0.00218
-0.00257
-0.00237
-0.00276
-0.00237
-0.00237
-0.00257
-0.00237
-0.00218
-0.00237
-0.00296
-0.00296
-0.00296
-0.00276
-0.00257
-0.00257
-0.00257
-0.00198
-0.00218
-0.00218
-0.00218
-0.00237
-0.00257
-0.00198
-0.00218
-0.00237
-0.00218
-0.00237
-0.00198
-0.00198
-0.00218
-0.00276
-0.00257
-0.00296
-0.00257
-0.00276
-0.00237
-0.00296
-0.00296
-0.00296
-0.00276
-0.00296
-0.00276
-0.00296
-0.00296
-0.00354
-0.00296
-0.00276
-0.00315
-0.00296
-0.00296
-0.00296
-0.00335
-0.00296
-0.00296
-0.00257
-0.00237
-0.00237
-0.00276
-0.00296
-0.00315
-0.00276
-0.00296
-0.00257
-0.00296
-0.00315
-0.00315
-0.00335
-0.00276
-0.00276
-0.00296
-0.00257
-0.00257
-0.00257
-0.00198
-0.00218
-0.00257
-0.00276
-0.00237
-0.00257
-0.00257
-0.00257
-0.00237
-0.00237
-0.00237
-0.00257
-0.00218
-0.00296
-0.00257
-0.00315
-0.00276
-0.00257
-0.00237
-0.00315
-0.00296
-0.00315
-0.00276
-0.00296
-0.00257
-0.00296
-0.00257
-0.00315
-0.00257
-0.00296
-0.00257
-0.00315
-0.00315
-0.00315
-0.00335
-0.00335
-0.00374
-0.00374
-0.00374
-0.00335
-0.00315
-0.00354
-0.00335
-0.00354
-0.00354
-0.00315
-0.00335
-0.00335
-0.00276
-0.00296
-0.00315
-0.00276
-0.00257
-0.00257
-0.00276
-0.00296
-0.00296
-0.00276
-0.00296
-0.00257
-0.00198
-0.00257
-0.00257
-0.00276
-0.00257
-0.00257
-0.00257
-0.00276
-0.00218
-0.00276
-0.00257
-0.00237
-0.00237
-0.00276
-0.00257
-0.00296
-0.00296
-0.00315
-0.00257
-0.00276
-0.00218
-0.00237
-0.00257
-0.00237
-0.00257
-0.00276
-0.00257
-0.00296
-0.00276
-0.00296
-0.00276
-0.00257
-0.00257
-0.00257
-0.00296
-0.00276
-0.00257
-0.00296
-0.00315
-0.00296
-0.00257
-0.00276
-0.00237
-0.00257
-0.00257
-0.00237
-0.00296
-0.00315
-0.00276
-0.00276
-0.00276
-0.00276
-0.00315
-0.00315
-0.00335
-0.00296
-0.00354
-0.00296
-0.00335
-0.00315
-0.00296
-0.00276
-0.00335
-0.00315
-0.00315
-0.00335
-0.00315
-0.00374
-0.00315
-0.00354
-0.00335
-0.00315
-0.00374
-0.00335
-0.00354
-0.00354
-0.00335
-0.00276
-0.00315
-0.00354
-0.00335
-0.00315
-0.00315
-0.00296
-0.00237
-0.00315
-0.00276
-0.00296
-0.00276
-0.00276
-0.00257
-0.00276
-0.00276
-0.00296
-0.00218
-0.00237
-0.00218
-0.00237
-0.00218
-0.00296
-0.00237
-0.00237
-0.00237
-0.00276
-0.00257
-0.00276
-0.00276
-0.00296
-0.00257
-0.00276
-0.00237
-0.00276
-0.00354
-0.00315
-0.00335
-0.00354
-0.00296
-0.00296
-0.00315
-0.00354
-0.00276
-0.00296
-0.00335
-0.00296
-0.00276
-0.00315
-0.00257
-0.00315
-0.00315
-0.00315
-0.00276
-0.00276
-0.00276
-0.00315
-0.00257
-0.00315
-0.00296
-0.00335
-0.00296
-0.00296
-0.00296
-0.00335
-0.00315
-0.00315
-0.00393
-0.00315
-0.00335
-0.00296
-0.00296
-0.00315
-0.00296
-0.00354
-0.00296
-0.00354
-0.00315
-0.00315
-0.00335
-0.00335
-0.00335
-0.00374
-0.00354
-0.00354
-0.00374
-0.00354
-0.00315
-0.00335
-0.00335
-0.00335
-0.00296
-0.00296
-0.00296
-0.00315
-0.00296
-0.00276
-0.00276
-0.00296
-0.00257
-0.00296
-0.00276
-0.00296
-0.00296
-0.00315
-0.00257
-0.00276
-0.00257
-0.00276
-0.00257
-0.00296
-0.00315
-0.00276
-0.00296
-0.00276
-0.00257
-0.00237
-0.00257
-0.00237
-0.00237
-0.00276
-0.00315
-0.00276
-0.00296
-0.00276
-0.00276
-0.00296
-0.00276
-0.00257
-0.00296
-0.00296
-0.00296
-0.00296
-0.00296
-0.00296
-0.00315
-0.00315
-0.00315
-0.00335
-0.00335
-0.00315
-0.00315
-0.00315
-0.00315
-0.00257
-0.00296
-0.00354
-0.00315
-0.00354
-0.00335
-0.00296
-0.00296
-0.00257
-0.00315
-0.00315
-0.00296
-0.00276
-0.00257
-0.00315
-0.00296
-0.00257
-0.00276
-0.00296
-0.00296
-0.00296
-0.00296
-0.00296
-0.00257
-0.00296
-0.00296
-0.00296
-0.00276
-0.00237
-0.00237
-0.00276
-0.00257
-0.00218
-0.00198
-0.00276
-0.00237
-0.00218
-0.00237
-0.00257
-0.00257
-0.00296
-0.00296
-0.00335
-0.00354
-0.00335
-0.00335
-0.00374
-0.00335
-0.00315
-0.00315
-0.00315
-0.00296
-0.00296
-0.00296
