-1.017000284800E+00

-0.00276
-0.00296
-0.00218
-0.00276
-0.00257
-0.00296
-0.00315
-0.00315
-0.00257
-0.00257
-0.00257
-0.00218
-0.00257
-0.00198
-0.00198
-0.00237
-0.00237
-0.00237
-0.00218
-0.00179
-0.00139
-0.00179
-0.00159
-0.00198
-0.00218
-0.00218
-0.00179
-0.00237
-0.00257
-0.00257
-0.00237
-0.00218
-0.00179
-0.00237
-0.00198
-0.00237
-0.00198
-0.00257
-0.00237
-0.00198
-0.00218
-0.00198
-0.00237
-0.00218
-0.00218
-0.00218
-0.00198
-0.00237
-0.00257
-0.00257
-0.00218
-0.00276
-0.00257
-0.00276
-0.00237
-0.00257
-0.00257
-0.00276
-0.00237
-0.00276
-0.00315
-0.00257
-0.00257
-0.00296
-0.00257
-0.00296
-0.00276
-0.00257
-0.00237
-0.00257
-0.00257
-0.00257
-0.00296
-0.00315
-0.00296
-0.00296
-0.00315
-0.00296
-0.00315
-0.00335
-0.00296
-0.00296
-0.00296
-0.00335
-0.00276
-0.00315
-0.00315
-0.00374
-0.00335
-0.00335
-0.00374
-0.00335
-0.00315
-0.00296
-0.00257
-0.00354
-0.00257
-0.00257
-0.00237
-0.00257
-0.00257
-0.00198
-0.00218
-0.00237
-0.00257
-0.00276
-0.00257
-0.00237
-0.00237
-0.00198
-0.00237
-0.00276
-0.00257
-0.00257
-0.00218
-0.00218
-0.00218
-0.00257
-0.00237
-0.00257
-0.00257
-0.00218
-0.00237
-0.00276
-0.00237
-0.00276
-0.00276
-0.00257
-0.00198
-0.00257
-0.00218
-0.00257
-0.00257
-0.00257
-0.00257
-0.00257
-0.00257
-0.00218
-0.00237
-0.00257
-0.00237
-0.00237
-0.00237
-0.00276
-0.00237
-0.00218
-0.00218
-0.00218
-0.00218
-0.00218
-0.00237
-0.00257
-0.00218
-0.00237
-0.00179
-0.00198
-0.00257
-0.00218
-0.00237
-0.00237
-0.00218
-0.00257
-0.00198
-0.00237
-0.00218
-0.00179
-0.00237
-0.00237
-0.00218
-0.00198
-0.00218
-0.00237
-0.00237
-0.00218
-0.00237
-0.00296
-0.00257
-0.00257
-0.00237
-0.00218
-0.00218
-0.00276
-0.00257
-0.00276
-0.00296
-0.00296
-0.00237
-0.00237
-0.00218
-0.00257
-0.00237
-0.00276
-0.00296
-0.00276
-0.00237
-0.00237
-0.00237
-0.00257
-0.00296
-0.00296
-0.00276
-0.00276
-0.00276
-0.00218
-0.00237
-0.00237
-0.00237
-0.00159
-0.00061
0.00017
0.00173
0.00271
0.00407
0.00525
0.00603
0.0072
0.00837
0.00896
0.01013
0.01111
0.01286
0.0154
0.01814
0.02146
0.02517
0.02907
0.03298
0.03689
0.04001
0.04353
0.04665
0.04958
0.05251
0.05583
0.05857
0.06169
0.06462
0.06775
0.07009
0.07204
0.07419
0.07575
0.07732
0.07849
0.08025
0.08181
0.08239
0.08279
0.08376
0.08415
0.08513
0.08513
0.08532
0.08571
0.08552
0.08552
0.08532
0.08571
0.08532
0.08474
0.08454
0.08415
0.08337
0.08279
0.082
0.082
0.08142
0.08122
0.07966
0.07927
0.07868
0.0779
0.07654
0.07614
0.07517
0.07458
0.07361
0.07263
0.07165
0.07107
0.07009
0.06931
0.06911
0.06794
0.06696
0.06638
0.0656
0.06443
0.06364
0.06267
0.06228
0.0615
0.06032
0.05974
0.05896
0.05818
0.05739
0.05681
0.05642
0.05544
0.05486
0.05407
0.05368
0.0531
0.05193
0.05173
0.05095
0.05017
0.05017
0.04978
0.04919
0.04861
0.04802
0.04763
0.04724
0.04685
0.04607
0.04607
0.04529
0.04509
0.0445
0.04392
0.04314
0.04294
0.04236
0.04216
0.04177
0.04157
0.04099
0.0406
0.0404
0.03962
0.03943
0.03904
0.03845
0.03825
0.03708
0.0365
0.03571
0.03532
0.03532
0.03435
0.03435
0.03318
0.03239
0.0322
0.03161
0.03142
0.03103
0.03083
0.03044
0.02986
0.02966
0.02946
0.02946
0.02927
0.0281
0.02829
0.0279
0.0279
0.02829
0.0279
0.02751
0.02712
0.02693
0.02634
0.02614
0.02595
0.02614
0.02556
0.02536
0.02439
0.02458
0.02439
0.02361
0.02321
0.02302
0.02263
0.02243
0.02126
0.02087
0.02048
0.02009
0.0197
0.0195
0.01892
0.01833
0.01755
0.01716
0.01618
0.01599
0.0156
0.01462
0.01462
0.01423
0.01364
0.01325
0.01306
0.01208
0.01189
0.0113
0.0113
0.01091
0.0115
0.0113
0.01052
0.01052
0.01032
0.01052
0.01013
0.01013
0.00993
0.00974
0.00954
0.00915
0.00915
0.00915
0.00915
0.00935
0.00935
0.00935
0.00896
0.00935
0.00896
0.00896
0.00935
0.00876
0.00935
0.00935
0.00954
0.00915
0.00915
0.00857
0.00857
0.00876
0.00837
0.00896
0.00818
0.00837
0.00779
0.00798
0.00798
0.00739
0.00739
0.00779
0.00779
0.00739
0.00818
0.00779
0.00739
0.00739
0.00798
0.00759
0.00798
0.00779
0.00818
0.00739
0.0072
0.00739
0.00739
0.00739
0.00759
0.0072
0.007
0.00661
0.00681
0.00661
0.00661
0.00661
0.00661
0.00661
0.00583
0.00642
0.00622
0.00661
0.00642
0.00583
0.00583
0.00583
0.00583
0.00603
0.00544
0.00544
0.00525
0.00525
0.00505
0.00505
0.00544
0.00525
0.00544
0.00505
0.00486
0.00486
0.00446
0.00486
0.00505
0.00466
0.00505
0.00466
0.00486
0.00505
0.00427
0.00466
0.00505
0.00525
0.00486
0.00505
0.00505
0.00486
0.00525
0.00525
0.00525
0.00486
0.00486
0.00446
0.00446
0.00466
0.00407
0.00427
0.00407
0.00368
0.00329
0.0031
0.00349
0.0029
0.0029
0.00271
0.00251
0.00232
0.00193
0.00193
0.00173
0.00154
0.00095
0.00075
0.00056
0.00017
-0.00022
-0.00042
-0.00081
-0.00081
-0.001
-0.001
-0.00081
-0.001
-0.0012
-0.001
-0.00081
-0.0012
-0.001
-0.001
-0.00081
-0.00061
-0.00081
-3e-05
-3e-05
-0.00042
0.00017
0.00036
0.00036
0.00036
0.00036
0.00056
0.00056
0.00095
0.00095
0.00114
0.00134
0.00095
0.00154
0.00134
0.00173
0.00173
0.00193
0.00193
0.00173
0.00232
0.00212
0.00232
0.00193
0.00212
0.00193
0.00232
0.00193
0.00212
0.00173
0.00193
0.00134
0.00095
0.00075
0.00114
0.00114
0.00075
0.00095
0.00075
0.00095
0.00075
0.00036
0.00036
0.00036
0.00036
-0.00061
-0.00022
0.00017
-3e-05
0.00036
-3e-05
-3e-05
-0.00022
-0.00061
-0.00022
-0.00081
-0.00042
-0.0012
-0.00081
-0.0012
-0.0012
-0.00139
-0.00159
-0.00198
-0.00198
-0.00179
-0.00159
-0.00218
-0.00198
-0.00218
-0.00198
-0.00159
-0.00139
-0.00179
-0.00159
-0.00179
-0.00159
-0.00139
-0.00179
-0.00179
-0.00139
-0.00159
-0.00139
-0.00159
-0.00061
-0.001
-0.00139
-0.00139
-0.001
-0.0012
-0.0012
-0.0012
-0.00061
-0.00061
-0.00081
-0.00042
-0.00042
-0.00042
-0.00061
-0.001
-0.001
-0.00081
-0.00042
-0.00081
-0.00081
-0.00081
-0.001
-0.00139
-0.00081
-0.00159
-0.00139
-0.00179
-0.00159
-0.00198
-0.00218
-0.00237
-0.00218
-0.00218
-0.00237
-0.00218
-0.00237
-0.00296
-0.00257
-0.00276
-0.00276
-0.00296
-0.00257
-0.00257
-0.00276
-0.00257
-0.00257
-0.00296
-0.00257
-0.00296
-0.00276
-0.00237
-0.00237
-0.00276
-0.00276
-0.00237
-0.00237
-0.00276
-0.00237
-0.00159
-0.00218
-0.00198
-0.00179
-0.00159
-0.00218
-0.00179
-0.00159
-0.00139
-0.001
-0.0012
-0.00139
-0.00081
-0.00139
-0.0012
-0.0012
-0.00159
-0.0012
-0.00139
-0.001
-0.0012
-0.00159
-0.00139
-0.00159
-0.00179
-0.00139
-0.00198
-0.00159
-0.00159
-0.00198
-0.00159
-0.00218
-0.00179
-0.00179
-0.00198
-0.00179
-0.00237
-0.00198
-0.00198
-0.00237
-0.00218
-0.00276
-0.00296
-0.00276
-0.00257
-0.00296
-0.00276
-0.00276
-0.00296
-0.00296
-0.00296
-0.00354
-0.00335
-0.00374
-0.00257
-0.00296
-0.00335
-0.00276
-0.00257
-0.00296
-0.00276
-0.00296
-0.00237
-0.00257
-0.00276
-0.00257
-0.00237
-0.00237
-0.00257
-0.00276
-0.00257
-0.00257
-0.00198
-0.00237
-0.00257
-0.00198
-0.00237
-0.00257
-0.00218
-0.00257
-0.00218
-0.00237
-0.00198
-0.00159
-0.00179
-0.00159
-0.00139
-0.00159
-0.00159
-0.00179
-0.00159
-0.00198
-0.00179
-0.00218
-0.00198
-0.00159
-0.00159
-0.00237
-0.00198
-0.00237
-0.00179
-0.00237
-0.00237
-0.00257
-0.00237
-0.00198
-0.00218
-0.00218
-0.00179
-0.00237
-0.00257
-0.00237
-0.00218
-0.00237
-0.00218
-0.00237
-0.00257
-0.00237
-0.00237
-0.00237
-0.00218
-0.00257
-0.00237
-0.00276
-0.00257
-0.00296
-0.00276
-0.00276
-0.00257
-0.00257
-0.00257
-0.00296
-0.00276
-0.00218
-0.00257
-0.00257
-0.00237
-0.00218
-0.00179
-0.00198
-0.00179
-0.00159
-0.00198
-0.00179
-0.00159
-0.00198
-0.00198
-0.00179
-0.00257
-0.00237
-0.00257
-0.00257
-0.00257
-0.00237
-0.00296
-0.00257
-0.00237
-0.00237
-0.00218
-0.00257
-0.00276
-0.00237
-0.00198
-0.00198
-0.00218
-0.00218
-0.00198
-0.00218
-0.00218
-0.00159
-0.00198
-0.00237
-0.00237
-0.00237
-0.00218
-0.00179
-0.00237
-0.00276
-0.00218
-0.00257
-0.00276
-0.00276
-0.00237
-0.00257
-0.00257
-0.00159
-0.00179
-0.00198
-0.00198
-0.00198
-0.00198
-0.00159
-0.00159
-0.00159
-0.00198
-0.00159
-0.00218
-0.00198
-0.00179
-0.00179
-0.00237
-0.00198
-0.00218
-0.00237
-0.00296
-0.00276
-0.00276
-0.00276
-0.00257
-0.00218
-0.00179
-0.00159
-0.00218
-0.00198
-0.00218
-0.00237
-0.00218
-0.00179
-0.00218
-0.00179
-0.00159
-0.00218
-0.00198
-0.00237
-0.00257
-0.00218
-0.00218
-0.00276
-0.00237
-0.00296
-0.00257
-0.00296
-0.00276
-0.00276
-0.00315
-0.00276
-0.00276
-0.00276
-0.00296
-0.00237
-0.00296
-0.00315
-0.00296
-0.00315
-0.00296
-0.00257
-0.00296
-0.00335
-0.00296
-0.00315
-0.00315
-0.00393
-0.00354
-0.00335
-0.00335
-0.00374
-0.00393
-0.00335
-0.00393
-0.00393
-0.00413
-0.00413
-0.00432
-0.00374
-0.00393
-0.00335
-0.00393
-0.00374
-0.00374
-0.00393
-0.00335
-0.00315
-0.00393
-0.00354
-0.00374
-0.00354
-0.00374
-0.00315
-0.00335
-0.00276
-0.00296
-0.00315
-0.00296
-0.00296
-0.00315
-0.00335
-0.00276
-0.00296
-0.00296
-0.00257
-0.00257
-0.00218
-0.00179
-0.00218
-0.00237
-0.00257
-0.00218
-0.00218
-0.00237
-0.00257
-0.00257
-0.00276
-0.00218
-0.00237
-0.00218
-0.00315
-0.00257
-0.00276
-0.00276
-0.00335
-0.00296
-0.00315
-0.00276
-0.00335
-0.00296
-0.00315
-0.00296
-0.00315
-0.00276
-0.00315
-0.00296
-0.00276
-0.00315
-0.00296
-0.00296
-0.00257
-0.00276
-0.00237
-0.00276
-0.00257
-0.00237
-0.00257
-0.00257
-0.00257
-0.00237
-0.00257
-0.00276
-0.00179
-0.00237
-0.00218
-0.00179
-0.00179
-0.00179
-0.00159
-0.00159
-0.00159
-0.00159
-0.0012
-0.00081
-0.0012
-0.00139
-0.0012
-0.0012
-0.00139
-0.00159
-0.00159
-0.00159
-0.00139
-0.0012
-0.00159
-0.00179
-0.00179
-0.00179
-0.00198
-0.00237
-0.00257
-0.00237
-0.00218
-0.00218
-0.00218
-0.00198
-0.00218
-0.00257
-0.00257
-0.00237
-0.00237
-0.00276
-0.00257
-0.00257
-0.00296
-0.00296
-0.00276
-0.00257
-0.00237
-0.00257
-0.00296
-0.00276
-0.00276
-0.00276
-0.00296
-0.00257
-0.00296
-0.00296
-0.00296
-0.00276
-0.00276
-0.00276
-0.00296
-0.00257
-0.00257
-0.00276
-0.00218
-0.00237
-0.00179
-0.00237
-0.00198
-0.00257
-0.00198
-0.00218
-0.00218
-0.00218
-0.00237
-0.00237
-0.00257
-0.00237
-0.00237
-0.00237
-0.00257
-0.00237
-0.00237
-0.00237
-0.00218
-0.00218
-0.00218
-0.00179
-0.00198
-0.00198
-0.00218
-0.00179
-0.00139
-0.00139
-0.00198
-0.00139
-0.00218
-0.00179
-0.00237
-0.00237
-0.00257
-0.00237
-0.00237
-0.00276
-0.00218
-0.00257
-0.00237
-0.00276
-0.00257
-0.00257
-0.00257
-0.00257
-0.00257
-0.00198
-0.00257
-0.00257
-0.00276
-0.00218
-0.00257
-0.00218
-0.00218
-0.00257
-0.00276
-0.00276
-0.00315
-0.00315
-0.00335
-0.00354
-0.00374
-0.00354
-0.00335
-0.00354
-0.00374
-0.00354
-0.00354
-0.00354
-0.00354
-0.00354
-0.00354
-0.00413
-0.00374
-0.00374
-0.00393
-0.00335
-0.00354
-0.00393
-0.00354
-0.00354
-0.00335
-0.00354
-0.00374
-0.00335
-0.00276
-0.00315
-0.00335
-0.00374
-0.00335
-0.00315
-0.00315
-0.00335
-0.00315
-0.00296
-0.00296
-0.00315
