-1.964000550400E+00

0.00368
0.0031
0.00388
0.00329
0.00368
0.00349
0.00368
0.00349
0.0029
0.0031
0.0031
0.00251
0.00271
0.00232
0.00232
0.00251
0.00232
0.0031
0.00232
0.00251
0.00232
0.00232
0.00212
0.00251
0.00232
0.00212
0.00212
0.00193
0.00232
0.00212
0.00232
0.00193
0.00173
0.00154
0.00154
0.00154
0.00154
0.00154
0.00154
0.00114
0.00134
0.00154
0.00154
0.00075
0.00154
0.00056
0.00114
0.00075
0.00095
0.00075
0.00017
0.00075
0.00056
0.00036
0.00114
0.00036
0.00036
0.00036
0.00056
0.00017
0.00095
0.00036
0.00036
0.00036
0.00017
0.00075
0.00017
0.00017
0.00017
0.00036
0.00017
0.00017
0.00036
-3e-05
0.00036
0.00036
0.00017
0.00017
0.00056
0.00056
0.00036
0.00095
0.00075
0.00114
0.00114
0.00095
0.00075
0.00114
0.00056
0.00036
0.00036
0.00036
0.00056
0.00056
0.00017
0.00036
-0.00042
0.00036
0.00017
0.00036
-3e-05
-0.00042
-0.00061
-0.00022
-3e-05
-3e-05
-3e-05
-0.00081
-0.00061
-0.00061
-0.00081
-0.00042
-0.00061
-0.00042
-0.00061
-0.00061
-0.00081
-0.00081
-0.001
-0.0012
-0.00061
-0.00061
-0.001
-0.001
-0.00061
-0.00061
-0.00061
-0.00081
-0.00081
-0.001
-0.001
-0.001
-0.00081
-0.00022
-0.00022
-0.00081
-0.00061
-0.00022
-0.00042
-0.00042
-0.00042
-0.00042
-0.00042
-0.00081
-0.00081
-0.00061
-0.0012
-0.0012
-0.001
-0.0012
-0.001
-0.00159
-0.00139
-0.0012
-0.0012
-0.00139
-0.001
-0.0012
-0.00159
-0.00139
-0.00179
-0.001
-0.001
-0.00081
-0.00139
-0.001
-0.0012
-0.00081
-0.001
-0.001
-0.0012
-0.00139
-0.00159
-0.00159
-0.00159
-0.00159
-0.00159
-0.0012
-0.00139
-0.00139
-0.0012
-0.001
-0.0012
-0.00139
-0.00042
-0.00022
0.00095
0.00173
0.0031
0.00466
0.00564
0.00642
0.007
0.00857
0.00915
0.00993
0.01091
0.01169
0.01228
0.01267
0.01364
0.01443
0.01579
0.01677
0.01814
0.0195
0.02107
0.02185
0.024
0.02517
0.02634
0.02712
0.02829
0.02927
0.03044
0.03122
0.032
0.03279
0.03396
0.0363
0.03845
0.04138
0.04489
0.04841
0.05193
0.05505
0.05818
0.0613
0.06501
0.06736
0.0697
0.07204
0.0738
0.07556
0.07771
0.07849
0.07966
0.08142
0.0822
0.08376
0.08532
0.08708
0.08864
0.09001
0.09177
0.09314
0.09431
0.09529
0.09626
0.09685
0.09704
0.09724
0.09743
0.09763
0.09724
0.09743
0.09685
0.09646
0.09646
0.09665
0.09587
0.09548
0.09509
0.0947
0.09431
0.09353
0.09275
0.09196
0.09138
0.09021
0.08943
0.08884
0.08845
0.08747
0.08611
0.08532
0.08454
0.08357
0.08259
0.0822
0.08064
0.08005
0.07946
0.07829
0.07751
0.07654
0.07517
0.07419
0.07361
0.07224
0.07146
0.07087
0.0697
0.0695
0.06872
0.06755
0.06696
0.06638
0.0654
0.06501
0.06423
0.06325
0.06228
0.0615
0.06071
0.05993
0.05974
0.05857
0.05798
0.0572
0.05622
0.05525
0.05466
0.05349
0.05329
0.05251
0.05232
0.05134
0.05036
0.04958
0.04939
0.049
0.04861
0.04802
0.04763
0.04724
0.04646
0.04587
0.04548
0.0445
0.04431
0.04372
0.04314
0.04294
0.04177
0.04099
0.0406
0.0406
0.03982
0.03962
0.03864
0.03864
0.03806
0.03786
0.03806
0.03728
0.03611
0.0363
0.03532
0.03552
0.03474
0.03435
0.03376
0.03318
0.03259
0.032
0.03161
0.03142
0.03103
0.03064
0.03044
0.02986
0.02946
0.02829
0.02849
0.02829
0.0279
0.02751
0.02751
0.02673
0.02673
0.02634
0.02614
0.02595
0.02575
0.02575
0.02517
0.02458
0.02419
0.02361
0.02361
0.02341
0.02321
0.02282
0.02282
0.02243
0.02224
0.02185
0.02146
0.02107
0.02126
0.02107
0.02068
0.02048
0.02048
0.02087
0.02048
0.01989
0.0197
0.01931
0.01911
0.01872
0.01872
0.01833
0.01814
0.01794
0.01716
0.01716
0.01677
0.01696
0.01618
0.0156
0.0156
0.0154
0.01462
0.01443
0.01443
0.01482
0.01462
0.01404
0.01384
0.01443
0.01404
0.01404
0.01345
0.01345
0.01345
0.01325
0.01364
0.01306
0.01247
0.01247
0.01228
0.01228
0.01189
0.01189
0.01169
0.0115
0.01169
0.0115
0.01169
0.01091
0.01111
0.01071
0.01071
0.01032
0.01052
0.00993
0.01013
0.00993
0.00993
0.00993
0.00974
0.00993
0.00935
0.00915
0.00935
0.00915
0.00896
0.00935
0.00915
0.00876
0.00857
0.00837
0.00837
0.00857
0.00818
0.00798
0.00779
0.00759
0.00759
0.0072
0.00739
0.00739
0.00661
0.00661
0.007
0.00681
0.00661
0.00642
0.00603
0.00583
0.00603
0.00603
0.00564
0.00603
0.00583
0.00564
0.00564
0.00564
0.00564
0.00505
0.00564
0.00544
0.00564
0.00544
0.00544
0.00525
0.00564
0.00544
0.00505
0.00603
0.00505
0.00505
0.00486
0.00486
0.00505
0.00505
0.00486
0.00466
0.00466
0.00427
0.00427
0.00427
0.00427
0.00349
0.00388
0.00349
0.00388
0.00349
0.00349
0.0029
0.00329
0.00368
0.0031
0.00271
0.0029
0.00251
0.00232
0.0029
0.00251
0.00251
0.0031
0.00251
0.0029
0.00232
0.00271
0.00271
0.00271
0.00251
0.00232
0.00232
0.00212
0.00251
0.00212
0.00251
0.00193
0.00193
0.00193
0.00232
0.00232
0.00251
0.00271
0.00251
0.00251
0.00212
0.00232
0.00134
0.00173
0.00173
0.00134
0.00154
0.00134
0.00134
0.00154
0.00095
0.00114
0.00075
0.00095
0.00075
0.00056
0.00056
0.00134
0.00056
0.00036
0.00056
0.00056
0.00036
0.00036
0.00017
0.00017
0.00095
0.00036
0.00017
0.00017
-3e-05
0.00036
-3e-05
-0.00022
-0.00042
-0.00061
-0.00042
-0.00061
-0.00042
-0.00042
-0.001
-0.00061
-0.00081
-0.00081
-0.001
-0.001
-0.00022
-0.00042
-0.00081
-0.00022
-0.00042
-0.00022
-0.00061
-0.00061
0.00017
-3e-05
-0.00022
-0.00022
-0.00042
-3e-05
-0.00081
-0.00022
-0.00061
-0.00042
-0.00081
-0.00042
-0.00061
-0.00081
-0.001
-0.00042
-0.00042
-0.00061
-0.00042
-0.00022
-0.00022
0.00036
0.00017
0.00017
-3e-05
0.00056
-0.00042
-3e-05
-0.00042
-0.00022
-0.00022
-0.00022
-0.00022
0.00017
-0.00042
-3e-05
-0.00022
-0.00022
-0.001
-0.00081
-0.00061
-0.00061
-0.00081
-0.00022
-0.00042
-0.00042
-0.001
-0.00022
-0.00042
-0.00042
-0.00042
-3e-05
-0.00042
-0.00061
-0.00081
-0.00042
-0.00042
-3e-05
-0.00061
-0.00061
-0.001
-0.00061
-0.0012
-0.00042
-0.001
-0.00061
-0.001
-0.0012
-0.0012
-0.001
-0.0012
-0.00139
-0.00139
-0.001
-0.00081
-0.001
-0.001
-0.0012
-0.0012
-0.00061
-0.001
-0.0012
-0.0012
-0.00139
-0.00139
-0.00139
-0.0012
-0.0012
-0.001
-0.00081
-0.001
-0.00081
-0.00081
-0.00061
-0.0012
-0.0012
-0.001
-0.00042
-0.00081
-0.00061
-0.00081
-0.00061
-0.00061
-0.00061
-0.00061
-0.00022
-0.001
-0.00061
-0.00139
-0.001
-0.00139
-0.0012
-0.00179
-0.00139
-0.00139
-0.00139
-0.00139
-0.00139
-0.00159
-0.00139
-0.00159
-0.00179
-0.00218
-0.00139
-0.00179
-0.00159
-0.00139
-0.00139
-0.0012
-0.00139
-0.00139
-0.0012
-0.00159
-0.00139
-0.00159
-0.00179
-0.00218
-0.00139
-0.00159
-0.0012
-0.00179
-0.00139
-0.00218
-0.00159
-0.00198
-0.00159
-0.00179
-0.00179
-0.00159
-0.0012
-0.00139
-0.00139
-0.00179
-0.00139
-0.00159
-0.00139
-0.00139
-0.00159
-0.00198
-0.00159
-0.00179
-0.00159
-0.00218
-0.00159
-0.00179
-0.00159
-0.00237
-0.00179
-0.00218
-0.00198
-0.00179
-0.00159
-0.00218
-0.00179
-0.00198
-0.00198
-0.00198
-0.00179
-0.00198
-0.00257
-0.00218
-0.00179
-0.00218
-0.00218
-0.00198
-0.00179
-0.00198
-0.00198
-0.00198
-0.00237
-0.00237
-0.00218
-0.00218
-0.00218
-0.00198
-0.00198
-0.00179
-0.00159
-0.00218
-0.00198
-0.00179
-0.00198
-0.00159
-0.00159
-0.00198
-0.00179
-0.00198
-0.00198
-0.00218
-0.00257
-0.00237
-0.00218
-0.00218
-0.00237
-0.00237
-0.00257
-0.00198
-0.00257
-0.00237
-0.00237
-0.00257
-0.00257
-0.00198
-0.00218
-0.00237
-0.00257
-0.00198
-0.00237
-0.00218
-0.00218
-0.00276
-0.00237
-0.00237
-0.00218
-0.00198
-0.00218
-0.00237
-0.00218
-0.00198
-0.00218
-0.00198
-0.00218
-0.00198
-0.00237
-0.00218
-0.00139
-0.00237
-0.00179
-0.00139
-0.00139
-0.00081
-0.0012
-0.00179
-0.0012
-0.00139
-0.00159
-0.0012
-0.00159
-0.00159
-0.00139
-0.00139
-0.001
-0.00159
-0.001
-0.0012
-0.001
-0.0012
-0.0012
-0.00159
-0.00139
-0.00159
-0.00159
-0.00139
-0.00218
-0.0012
-0.00159
-0.00139
-0.00139
-0.00159
-0.00139
-0.00179
-0.00159
-0.00159
-0.0012
-0.00159
-0.00179
-0.00159
-0.00179
-0.00159
-0.00139
-0.00198
-0.00159
-0.00218
-0.00198
-0.00218
-0.00218
-0.00218
-0.00198
-0.00237
-0.00218
-0.00198
-0.00198
-0.00237
-0.00276
-0.00237
-0.00237
-0.00218
-0.00218
-0.00218
-0.00198
-0.00257
-0.00257
-0.00218
-0.00198
-0.00237
-0.00198
-0.00237
-0.00237
-0.00218
-0.00218
-0.00198
-0.00198
-0.00218
-0.00218
-0.00237
-0.00237
-0.00237
-0.00218
-0.00276
-0.00257
-0.00257
-0.00218
-0.00198
-0.00237
-0.00237
-0.00237
-0.00276
-0.00237
-0.00257
-0.00257
-0.00237
-0.00257
-0.00237
-0.00257
-0.00237
-0.00237
-0.00237
-0.00257
-0.00296
-0.00276
-0.00296
-0.00276
-0.00257
-0.00276
-0.00296
-0.00276
-0.00276
-0.00218
-0.00218
-0.00276
-0.00276
-0.00237
-0.00276
-0.00237
-0.00257
-0.00257
-0.00296
-0.00296
-0.00296
-0.00296
-0.00315
-0.00276
-0.00315
-0.00315
-0.00393
-0.00374
-0.00374
-0.00335
-0.00354
-0.00354
-0.00315
-0.00296
-0.00296
-0.00315
-0.00296
-0.00315
-0.00335
-0.00335
-0.00354
-0.00315
-0.00335
-0.00276
-0.00296
-0.00276
-0.00335
-0.00237
-0.00296
-0.00315
-0.00315
-0.00257
-0.00276
-0.00237
-0.00237
-0.00237
-0.00237
-0.00198
-0.00218
-0.00198
-0.00198
-0.00179
-0.00179
-0.00179
-0.00179
-0.00159
-0.00179
-0.00179
-0.00139
-0.0012
-0.00159
-0.00139
-0.00159
-0.00179
-0.00179
-0.00159
-0.00139
-0.00139
-0.00179
-0.00198
-0.00218
-0.00218
-0.00218
-0.00159
-0.0012
-0.00139
-0.00198
-0.00198
-0.00198
-0.00237
-0.00218
-0.00218
-0.00159
-0.00159
-0.00218
-0.00218
-0.00257
-0.00218
-0.00237
-0.00237
-0.00198
-0.00198
-0.00257
-0.00218
-0.00257
-0.00198
-0.00237
-0.00198
-0.00198
-0.00237
-0.00237
-0.00179
-0.00179
-0.00139
-0.00159
-0.0012
-0.00198
-0.00159
-0.00179
-0.00159
-0.00179
-0.00159
-0.00139
-0.00198
-0.00179
-0.00218
-0.00198
-0.00237
-0.00218
-0.00159
-0.00159
-0.00159
-0.00198
-0.00159
-0.00218
-0.00179
-0.00198
-0.00159
-0.00218
-0.00218
-0.00198
-0.00218
-0.00198
-0.00218
-0.00257
-0.00237
-0.00237
-0.00237
-0.00198
-0.00257
-0.00218
-0.00237
-0.00218
-0.00257
-0.00276
-0.00296
-0.00296
-0.00296
-0.00276
-0.00276
-0.00276
-0.00237
-0.00276
-0.00237
-0.00257
-0.00237
-0.00296
-0.00218
-0.00257
-0.00276
-0.00276
-0.00198
-0.00237
-0.00218
-0.00257
-0.00218
-0.00257
-0.00237
-0.00296
-0.00276
-0.00237
-0.00237
-0.00257
-0.00296
-0.00237
-0.00276
-0.00315
-0.00315
-0.00276
-0.00276
-0.00315
-0.00237
-0.00257
-0.00198
-0.00315
-0.00218
-0.00276
-0.00237
-0.00237
-0.00257
-0.00257
-0.00257
-0.00276
-0.00218
-0.00218
-0.00218
-0.00237
-0.00198
-0.00296
-0.00237
-0.00218
-0.00218
-0.00218
-0.00179
-0.00198
-0.00198
-0.00198
-0.00159
-0.00198
-0.00198
-0.00179
-0.00139
-0.00139
-0.00179
-0.00179
-0.00159
-0.00159
-0.00159
-0.00179
-0.00179
-0.00198
-0.0012
-0.00179
-0.00139
-0.00179
-0.00159
-0.00139
-0.00139
-0.00159
-0.00159
-0.00179
-0.00159
-0.00179
