-1.790000502400E+00

-0.00237
-0.00218
-0.00257
-0.00198
-0.00296
-0.00257
-0.00276
-0.00257
-0.00237
-0.00257
-0.00276
-0.00257
-0.00276
-0.00276
-0.00257
-0.00276
-0.00276
-0.00276
-0.00296
-0.00315
-0.00315
-0.00276
-0.00315
-0.00276
-0.00335
-0.00335
-0.00315
-0.00296
-0.00315
-0.00276
-0.00276
-0.00276
-0.00296
-0.00257
-0.00296
-0.00218
-0.00276
-0.00257
-0.00276
-0.00276
-0.00276
-0.00257
-0.00218
-0.00237
-0.00237
-0.00237
-0.00237
-0.00218
-0.00237
-0.00237
-0.00198
-0.00218
-0.00257
-0.00237
-0.00237
-0.00296
-0.00276
-0.00315
-0.00257
-0.00296
-0.00237
-0.00257
-0.00237
-0.00257
-0.00276
-0.00276
-0.00257
-0.00276
-0.00296
-0.00335
-0.00315
-0.00315
-0.00276
-0.00296
-0.00315
-0.00296
-0.00257
-0.00296
-0.00335
-0.00315
-0.00315
-0.00296
-0.00315
-0.00354
-0.00315
-0.00335
-0.00315
-0.00296
-0.00296
-0.00276
-0.00296
-0.00276
-0.00296
-0.00296
-0.00276
-0.00257
-0.00296
-0.00296
-0.00257
-0.00237
-0.00257
-0.00296
-0.00296
-0.00237
-0.00237
-0.00257
-0.00276
-0.00257
-0.00257
-0.00237
-0.00257
-0.00257
-0.00257
-0.00237
-0.00237
-0.00237
-0.00257
-0.00198
-0.00237
-0.00198
-0.00218
-0.00179
-0.00218
-0.00198
-0.00198
-0.00218
-0.00257
-0.00218
-0.00198
-0.00179
-0.00237
-0.00179
-0.00237
-0.00257
-0.00237
-0.00218
-0.00257
-0.00237
-0.00198
-0.00237
-0.00276
-0.00237
-0.00237
-0.00276
-0.00218
-0.00237
-0.00237
-0.00218
-0.00257
-0.00237
-0.00237
-0.00257
-0.00218
-0.00276
-0.00296
-0.00315
-0.00335
-0.00315
-0.00296
-0.00315
-0.00315
-0.00257
-0.00315
-0.00237
-0.00315
-0.00296
-0.00354
-0.00296
-0.00296
-0.00276
-0.00276
-0.00257
-0.00257
-0.00257
-0.00296
-0.00315
-0.00315
-0.00276
-0.00354
-0.00276
-0.00296
-0.00315
-0.00354
-0.00354
-0.00354
-0.00335
-0.00374
-0.00315
-0.00179
-0.00022
0.00114
0.00349
0.00564
0.00818
0.01013
0.01267
0.01462
0.01677
0.01872
0.02048
0.02146
0.02361
0.02439
0.02614
0.02712
0.02771
0.02868
0.02927
0.02986
0.03064
0.03122
0.032
0.03239
0.03239
0.03298
0.03493
0.03669
0.03884
0.04157
0.04411
0.04782
0.05056
0.05349
0.05622
0.05954
0.06247
0.06501
0.06716
0.06892
0.07107
0.07243
0.07419
0.07497
0.07595
0.07693
0.0779
0.07868
0.07946
0.07927
0.07966
0.08005
0.08025
0.08025
0.08044
0.08044
0.08044
0.08005
0.08005
0.07946
0.08005
0.07888
0.07849
0.0779
0.07771
0.07654
0.07673
0.07595
0.07497
0.07478
0.07321
0.07263
0.07243
0.07126
0.07068
0.06989
0.06931
0.06833
0.06775
0.06696
0.06599
0.06521
0.06404
0.06364
0.06306
0.06228
0.06189
0.06091
0.06071
0.05993
0.05915
0.05818
0.05739
0.05603
0.05622
0.05505
0.05446
0.05329
0.0529
0.05232
0.05114
0.05036
0.05017
0.04939
0.0488
0.04802
0.04763
0.04724
0.04665
0.04587
0.04568
0.04529
0.04489
0.04431
0.04411
0.04314
0.04255
0.04177
0.04157
0.04079
0.0406
0.03962
0.03904
0.03864
0.03825
0.03767
0.03728
0.03669
0.03611
0.03591
0.03513
0.03493
0.03415
0.03396
0.03376
0.03357
0.03259
0.0322
0.032
0.03122
0.03122
0.03044
0.03044
0.02946
0.02946
0.02849
0.02849
0.02849
0.0279
0.02751
0.02751
0.02732
0.02693
0.02595
0.02575
0.02517
0.02536
0.02517
0.02536
0.02497
0.02458
0.02439
0.024
0.02341
0.02341
0.02282
0.02321
0.02224
0.02185
0.02126
0.02107
0.02126
0.02087
0.02048
0.02029
0.02029
0.01989
0.0195
0.0195
0.01872
0.01872
0.01853
0.01794
0.01755
0.01794
0.01716
0.01716
0.01657
0.01716
0.01677
0.01638
0.01618
0.0156
0.0154
0.0154
0.01521
0.0154
0.01521
0.01462
0.01462
0.01443
0.01404
0.01423
0.01384
0.01345
0.01345
0.01364
0.01325
0.01247
0.01306
0.01247
0.01247
0.01247
0.01189
0.01208
0.01189
0.01228
0.01189
0.0115
0.0115
0.0113
0.01091
0.0115
0.01052
0.0113
0.01032
0.01032
0.00993
0.00993
0.00993
0.00935
0.00896
0.00876
0.00935
0.00896
0.00896
0.00896
0.00876
0.00837
0.00857
0.00857
0.00837
0.00818
0.00818
0.00779
0.00779
0.00779
0.00739
0.00779
0.00739
0.00759
0.0072
0.007
0.00642
0.00622
0.00603
0.00603
0.00622
0.00642
0.00622
0.00622
0.00603
0.00661
0.00583
0.00564
0.00583
0.00583
0.00564
0.00603
0.00544
0.00564
0.00564
0.00583
0.00505
0.00486
0.00446
0.00466
0.00466
0.00486
0.00446
0.00427
0.00427
0.00427
0.00368
0.00349
0.00329
0.00329
0.00349
0.0031
0.0029
0.00271
0.00232
0.00251
0.0031
0.0029
0.00232
0.00251
0.00193
0.00212
0.00232
0.00212
0.00212
0.00251
0.00193
0.00212
0.00193
0.00173
0.00212
0.00193
0.00232
0.00251
0.00232
0.00212
0.00193
0.00251
0.00251
0.00251
0.00232
0.00212
0.00251
0.00212
0.00212
0.00193
0.00193
0.00193
0.00193
0.00271
0.00193
0.00232
0.00173
0.00193
0.00173
0.00173
0.00193
0.00173
0.00154
0.00173
0.00154
0.00173
0.00134
0.00114
0.00134
0.00134
0.00154
0.00056
0.00095
0.00036
0.00075
0.00075
0.00017
0.00036
0.00075
0.00075
0.00056
0.00036
0.00036
0.00017
0.00036
0.00017
0.00036
-0.00022
0.00017
0.00036
0.00056
0.00036
-0.00022
-0.00081
-0.00022
-0.00022
0.00017
-3e-05
0.00017
-0.00061
-0.00042
-0.00022
-0.00022
-0.00042
-3e-05
-0.00022
-0.00022
0.00017
-0.00061
-3e-05
-0.00042
-0.00022
-0.00042
-0.00042
-0.00022
-0.00042
-3e-05
0.00056
-0.00042
-0.00042
-0.00061
-0.00042
-0.00022
-0.00061
-0.00081
-0.001
-0.00061
-0.00061
-0.00061
-0.00081
-0.00081
-0.00081
-0.00081
-0.00061
-0.001
-0.0012
-0.001
-0.001
-0.00042
-0.00081
-0.00081
-0.00081
-0.00061
-0.00061
-0.00081
-0.001
-0.00061
-0.0012
-0.00081
-0.001
-0.00061
-0.001
-0.0012
-0.00081
-0.00081
-0.00081
-0.0012
-0.0012
-0.0012
-0.00159
-0.00198
-0.00139
-0.00139
-0.00159
-0.00218
-0.0012
-0.00179
-0.00159
-0.00159
-0.00159
-0.00159
-0.00139
-0.00159
-0.00218
-0.00198
-0.00159
-0.00159
-0.00198
-0.00198
-0.00179
-0.00159
-0.00198
-0.00179
-0.00159
-0.00179
-0.00179
-0.00198
-0.00179
-0.00198
-0.00179
-0.00198
-0.00179
-0.00159
-0.00218
-0.00139
-0.00179
-0.00139
-0.00159
-0.00179
-0.00198
-0.00179
-0.0012
-0.00159
-0.00159
-0.00159
-0.00179
-0.00198
-0.001
-0.0012
-0.00139
-0.00198
-0.00139
-0.00179
-0.00198
-0.00179
-0.00179
-0.00179
-0.00198
-0.00179
-0.00179
-0.00179
-0.00159
-0.00159
-0.00218
-0.00237
-0.00237
-0.00218
-0.00198
-0.00198
-0.00198
-0.00198
-0.00237
-0.00218
-0.00179
-0.00198
-0.00237
-0.00276
-0.00218
-0.00276
-0.00237
-0.00257
-0.00257
-0.00237
-0.00218
-0.00257
-0.00257
-0.00257
-0.00237
-0.00257
-0.00218
-0.00218
-0.00257
-0.00237
-0.00237
-0.00218
-0.00237
-0.00218
-0.00198
-0.00218
-0.00237
-0.00198
-0.00198
-0.00198
-0.00198
-0.00237
-0.00218
-0.00257
-0.00218
-0.00218
-0.00218
-0.00237
-0.00257
-0.00198
-0.00218
-0.00237
-0.00218
-0.00218
-0.00198
-0.00257
-0.00237
-0.00198
-0.00179
-0.00198
-0.00237
-0.00237
-0.00257
-0.00198
-0.00198
-0.00237
-0.00198
-0.00218
-0.00218
-0.00257
-0.00257
-0.00257
-0.00237
-0.00257
-0.00237
-0.00257
-0.00198
-0.00257
-0.00237
-0.00237
-0.00257
-0.00237
-0.00257
-0.00218
-0.00237
-0.00179
-0.00179
-0.00179
-0.00257
-0.00237
-0.00218
-0.00237
-0.00237
-0.00237
-0.00257
-0.00237
-0.00237
-0.00257
-0.00296
-0.00296
-0.00296
-0.00315
-0.00296
-0.00315
-0.00296
-0.00315
-0.00276
-0.00276
-0.00257
-0.00276
-0.00257
-0.00276
-0.00276
-0.00315
-0.00315
-0.00315
-0.00276
-0.00315
-0.00276
-0.00296
-0.00296
-0.00315
-0.00296
-0.00315
-0.00257
-0.00335
-0.00257
-0.00296
-0.00276
-0.00237
-0.00296
-0.00237
-0.00257
-0.00257
-0.00257
-0.00257
-0.00198
-0.00257
-0.00218
-0.00198
-0.00257
-0.00237
-0.00296
-0.00237
-0.00237
-0.00218
-0.00218
-0.00237
-0.00257
-0.00276
-0.00218
-0.00296
-0.00257
-0.00296
-0.00257
-0.00257
-0.00237
-0.00237
-0.00237
-0.00237
-0.00218
-0.00257
-0.00257
-0.00257
-0.00218
-0.00276
-0.00237
-0.00257
-0.00257
-0.00218
-0.00218
-0.00237
-0.00296
-0.00315
-0.00296
-0.00276
-0.00296
-0.00237
-0.00276
-0.00237
-0.00257
-0.00237
-0.00218
-0.00237
-0.00237
-0.00296
-0.00276
-0.00218
-0.00237
-0.00257
-0.00276
-0.00276
-0.00315
-0.00315
-0.00257
-0.00257
-0.00257
-0.00237
-0.00237
-0.00315
-0.00296
-0.00315
-0.00296
-0.00296
-0.00237
-0.00237
-0.00237
-0.00218
-0.00257
-0.00218
-0.00237
-0.00237
-0.00237
-0.00237
-0.00198
-0.00218
-0.00198
-0.00218
-0.00179
-0.00257
-0.00179
-0.00257
-0.00237
-0.00218
-0.00218
-0.00257
-0.00296
-0.00257
-0.00276
-0.00296
-0.00257
-0.00257
-0.00237
-0.00276
-0.00257
-0.00257
-0.00257
-0.00257
-0.00257
-0.00198
-0.00257
-0.00237
-0.00276
-0.00237
-0.00257
-0.00276
-0.00257
-0.00237
-0.00218
-0.00276
-0.00296
-0.00276
-0.00276
-0.00296
-0.00237
-0.00276
-0.00257
-0.00276
-0.00257
-0.00296
-0.00315
-0.00315
-0.00276
-0.00296
-0.00335
-0.00335
-0.00315
-0.00315
-0.00315
-0.00335
-0.00315
-0.00296
-0.00315
-0.00335
-0.00354
-0.00335
-0.00354
-0.00335
-0.00315
-0.00315
-0.00335
-0.00354
-0.00335
-0.00335
-0.00315
-0.00315
-0.00296
-0.00257
-0.00257
-0.00276
-0.00315
-0.00296
-0.00296
-0.00276
-0.00257
-0.00218
-0.00237
-0.00257
-0.00237
-0.00257
-0.00257
-0.00257
-0.00218
-0.00218
-0.00218
-0.00237
-0.00257
-0.00257
-0.00276
-0.00218
-0.00257
-0.00257
-0.00257
-0.00276
-0.00276
-0.00276
-0.00276
-0.00315
-0.00296
-0.00296
-0.00296
-0.00335
-0.00296
-0.00335
-0.00276
-0.00315
-0.00296
-0.00296
-0.00315
-0.00315
-0.00315
-0.00276
-0.00315
-0.00296
-0.00296
-0.00335
-0.00276
-0.00315
-0.00315
-0.00276
-0.00276
-0.00276
-0.00296
-0.00296
-0.00296
-0.00257
-0.00315
-0.00276
-0.00276
-0.00296
-0.00276
-0.00296
-0.00257
-0.00296
-0.00296
-0.00296
-0.00296
-0.00315
-0.00257
-0.00257
-0.00315
-0.00315
-0.00296
-0.00315
-0.00276
-0.00296
-0.00276
-0.00296
-0.00315
-0.00315
-0.00296
-0.00296
-0.00276
-0.00335
-0.00296
-0.00315
-0.00257
-0.00296
-0.00257
-0.00276
-0.00257
-0.00257
-0.00237
-0.00276
-0.00257
-0.00296
-0.00218
-0.00237
-0.00257
-0.00257
-0.00296
-0.00257
-0.00276
-0.00257
-0.00257
-0.00276
-0.00296
-0.00315
-0.00315
-0.00315
-0.00257
-0.00296
-0.00296
-0.00276
-0.00257
-0.00296
-0.00257
-0.00296
-0.00296
-0.00315
-0.00296
-0.00276
-0.00296
-0.00315
-0.00315
-0.00335
-0.00315
-0.00296
-0.00296
-0.00276
-0.00335
-0.00354
-0.00335
-0.00296
-0.00296
-0.00354
-0.00315
-0.00315
-0.00315
-0.00354
-0.00315
-0.00276
-0.00315
-0.00335
-0.00335
-0.00296
-0.00315
-0.00335
-0.00315
-0.00296
-0.00257
-0.00315
-0.00276
-0.00237
-0.00257
-0.00276
-0.00257
-0.00315
-0.00218
-0.00257
-0.00237
-0.00237
-0.00218
-0.00276
-0.00237
-0.00218
-0.00218
-0.00237
-0.00198
-0.00179
-0.00237
-0.00218
-0.00257
-0.00276
-0.00237
-0.00218
-0.00237
-0.00296
-0.00257
-0.00276
-0.00296
-0.00276
-0.00257
-0.00237
-0.00296
-0.00276
-0.00296
-0.00296
-0.00276
-0.00276
-0.00218
-0.00315
-0.00296
-0.00315
-0.00296
-0.00315
-0.00296
-0.00276
-0.00296
-0.00315
-0.00276
-0.00296
-0.00335
-0.00335
-0.00276
-0.00315
-0.00335
-0.00335
-0.00354
-0.00315
-0.00354
-0.00335
-0.00354
-0.00432
-0.00354
-0.00315
-0.00354
-0.00335
-0.00354
-0.00335
-0.00354
-0.00354
-0.00335
-0.00335
-0.00296
