-1.002000281600E+00

-0.00179
-0.00179
-0.00218
-0.00179
-0.00218
-0.00179
-0.00237
-0.00179
-0.00179
-0.00179
-0.00179
-0.00198
-0.00198
-0.00198
-0.00198
-0.00237
-0.00218
-0.00198
-0.00218
-0.00198
-0.00198
-0.00218
-0.00198
-0.00237
-0.00237
-0.00237
-0.00237
-0.00276
-0.00237
-0.00257
-0.00296
-0.00237
-0.00257
-0.00257
-0.00237
-0.00218
-0.00237
-0.00257
-0.00296
-0.00237
-0.00276
-0.00276
-0.00276
-0.00257
-0.00237
-0.00315
-0.00257
-0.00237
-0.00257
-0.00296
-0.00296
-0.00296
-0.00315
-0.00296
-0.00296
-0.00296
-0.00296
-0.00354
-0.00315
-0.00315
-0.00354
-0.00393
-0.00315
-0.00335
-0.00354
-0.00374
-0.00393
-0.00393
-0.00393
-0.00432
-0.00413
-0.00413
-0.00432
-0.00471
-0.00413
-0.00432
-0.00432
-0.00452
-0.00491
-0.00471
-0.00452
-0.00413
-0.00432
-0.00471
-0.00432
-0.00452
-0.00393
-0.00432
-0.00432
-0.00432
-0.00413
-0.00432
-0.00452
-0.00452
-0.00471
-0.00471
-0.00452
-0.00432
-0.00452
-0.00413
-0.00413
-0.00452
-0.00471
-0.00413
-0.00432
-0.00393
-0.00393
-0.00413
-0.00393
-0.00393
-0.00413
-0.00374
-0.00374
-0.00354
-0.00374
-0.00374
-0.00335
-0.00374
-0.00354
-0.00296
-0.00315
-0.00276
-0.00257
-0.00257
-0.00315
-0.00315
-0.00276
-0.00276
-0.00276
-0.00257
-0.00296
-0.00257
-0.00276
-0.00296
-0.00296
-0.00237
-0.00257
-0.00218
-0.00179
-0.00179
-0.00179
-0.00218
-0.00159
-0.00159
-0.00139
-0.00139
-0.00139
-0.00139
-0.00159
-0.00139
-0.00139
-0.00179
-0.00179
-0.00218
-0.00159
-0.00179
-0.00139
-0.00139
-0.00159
-0.00139
-0.00139
-0.0012
-0.00139
-0.00139
-0.00159
-0.00159
-0.00159
-0.00139
-0.00139
-0.00159
-0.00139
-0.00218
-0.00159
-0.00179
-0.00198
-0.00198
-0.00198
-0.00179
-0.00159
-0.00179
-0.00179
-0.00139
-0.00198
-0.00198
-0.00179
-0.00179
-0.00139
-0.00159
-0.0012
-0.00159
-0.0012
-0.00179
-0.00218
-0.00159
-0.00179
-0.00179
-0.00159
-0.00218
-0.00159
-0.0012
-0.0012
-0.00159
-0.00139
-0.00139
-0.00139
-0.00159
-0.00179
-0.00198
-0.00198
-0.00179
-0.00159
-0.00139
-0.00139
-0.00159
-0.00179
-0.00179
-0.00139
-0.00081
0.00056
0.00232
0.00427
0.00603
0.00818
0.01071
0.01364
0.01677
0.01989
0.02263
0.02614
0.03044
0.03415
0.03845
0.04314
0.04763
0.05193
0.05583
0.05974
0.06306
0.06579
0.06833
0.07087
0.07341
0.07595
0.07712
0.07888
0.08025
0.08161
0.08298
0.08415
0.08474
0.08552
0.0863
0.0865
0.0865
0.08728
0.08708
0.08728
0.08747
0.08669
0.08669
0.08669
0.08591
0.08571
0.08552
0.08474
0.08396
0.08357
0.08239
0.082
0.08142
0.08064
0.08005
0.07927
0.07849
0.07751
0.07693
0.07556
0.07497
0.07439
0.07321
0.07243
0.07146
0.07087
0.06989
0.0695
0.06833
0.06775
0.06696
0.06618
0.06521
0.06462
0.06423
0.06325
0.06228
0.0613
0.06091
0.06013
0.05935
0.05857
0.05759
0.057
0.05603
0.05544
0.05466
0.05407
0.05368
0.0531
0.05271
0.05193
0.05154
0.05095
0.04997
0.04958
0.0488
0.04861
0.04763
0.04763
0.04704
0.04665
0.04607
0.04548
0.04489
0.04489
0.04392
0.04314
0.04236
0.04196
0.04157
0.04099
0.0404
0.03982
0.03962
0.03884
0.03884
0.03825
0.03767
0.03728
0.03728
0.03689
0.0365
0.03591
0.03571
0.03493
0.03435
0.03396
0.03337
0.03357
0.03298
0.03298
0.032
0.03181
0.03142
0.03122
0.03044
0.03064
0.02986
0.02966
0.02927
0.02849
0.02849
0.02849
0.0281
0.0281
0.02771
0.02751
0.02732
0.02654
0.02614
0.02536
0.02556
0.02478
0.02439
0.02458
0.024
0.0238
0.02321
0.02321
0.02224
0.02282
0.02204
0.02126
0.02146
0.02087
0.02087
0.02009
0.0195
0.01931
0.0195
0.01911
0.01872
0.01833
0.01814
0.01755
0.01716
0.01696
0.01657
0.01657
0.01618
0.01579
0.0156
0.01521
0.01521
0.01482
0.01482
0.01462
0.01462
0.01404
0.01364
0.01345
0.01345
0.01325
0.01345
0.01247
0.01267
0.01247
0.01189
0.01208
0.01189
0.01169
0.01111
0.0115
0.01071
0.01071
0.01071
0.01071
0.01013
0.01071
0.00993
0.01032
0.00974
0.01013
0.00935
0.00954
0.00954
0.00857
0.00896
0.00857
0.00837
0.00818
0.00798
0.00818
0.00837
0.00779
0.00798
0.00779
0.00739
0.007
0.00739
0.00739
0.007
0.007
0.007
0.00642
0.00661
0.00622
0.00622
0.00603
0.00583
0.00564
0.00603
0.00544
0.00544
0.00525
0.00544
0.00505
0.00525
0.00486
0.00505
0.00486
0.00466
0.00466
0.00486
0.00446
0.00446
0.00427
0.00446
0.00446
0.00407
0.00407
0.00427
0.00407
0.00427
0.00368
0.00388
0.00388
0.00349
0.00368
0.00407
0.00407
0.00329
0.00349
0.00349
0.00368
0.00349
0.00349
0.00329
0.00388
0.00349
0.00368
0.00349
0.00349
0.00368
0.00368
0.00349
0.00368
0.00368
0.00407
0.00388
0.00388
0.00407
0.00407
0.00368
0.00388
0.00368
0.00368
0.00388
0.00388
0.00427
0.00368
0.00407
0.00388
0.00368
0.00427
0.00407
0.00388
0.00349
0.00368
0.00368
0.00388
0.00407
0.00388
0.00368
0.00329
0.00329
0.00329
0.00349
0.00329
0.0031
0.00329
0.0029
0.0029
0.0029
0.00271
0.0029
0.00271
0.00271
0.00271
0.00251
0.00212
0.00232
0.00251
0.00193
0.00232
0.00193
0.00173
0.00173
0.00173
0.00134
0.00134
0.00114
0.00134
0.00095
0.00075
0.00075
0.00075
0.00075
0.00075
0.00056
0.00056
-3e-05
0.00056
0.00017
0.00075
-3e-05
0.00017
0.00036
0.00017
0.00036
-3e-05
-0.00022
-0.00022
-0.00022
-3e-05
-0.00022
-0.00022
-0.00081
-0.00042
-0.00081
-0.001
-0.00081
-0.00081
-0.001
-0.001
-0.001
-0.001
-0.00139
-0.00139
-0.00159
-0.001
-0.0012
-0.0012
-0.0012
-0.0012
-0.00159
-0.00159
-0.00179
-0.00159
-0.00198
-0.00139
-0.00179
-0.00198
-0.00218
-0.00198
-0.00218
-0.00159
-0.00139
-0.00179
-0.00218
-0.00198
-0.00237
-0.00179
-0.00237
-0.00179
-0.00237
-0.00218
-0.00179
-0.00198
-0.00218
-0.00179
-0.00198
-0.00179
-0.00198
-0.00198
-0.00218
-0.00179
-0.00218
-0.00179
-0.00218
-0.00179
-0.00218
-0.00198
-0.00257
-0.00237
-0.00218
-0.00159
-0.00159
-0.00198
-0.00179
-0.00139
-0.00159
-0.00139
-0.00139
-0.001
-0.00179
-0.00159
-0.00159
-0.0012
-0.0012
-0.00139
-0.00139
-0.0012
-0.0012
-0.00081
-0.001
-0.001
-0.00081
-0.00081
-0.001
-0.00022
-0.00061
-0.00022
-3e-05
0.00017
0.00056
0.00036
0.00036
0.00056
-3e-05
0.00036
0.00036
0.00056
0.00075
0.00056
0.00017
0.00036
-0.00022
0.00017
0.00036
-3e-05
-0.00022
-3e-05
-0.00061
-0.00061
-3e-05
-3e-05
-0.00022
-0.00061
-0.00042
-0.00022
-0.00042
-0.00042
-0.00081
-0.00042
-0.00081
-0.00061
-0.00042
-0.00081
-0.00042
-0.001
-0.00081
-0.00081
-0.00061
-0.00081
-0.00081
-0.00081
-0.001
-0.001
-0.00081
-0.00081
-0.001
-0.00042
-0.00061
-0.001
-0.00061
-0.0012
-0.001
-0.001
-0.00159
-0.00159
-0.00159
-0.00159
-0.00139
-0.00139
-0.00159
-0.00159
-0.00218
-0.00237
-0.00237
-0.00276
-0.00257
-0.00276
-0.00296
-0.00237
-0.00296
-0.00296
-0.00296
-0.00276
-0.00296
-0.00296
-0.00374
-0.00354
-0.00374
-0.00335
-0.00393
-0.00354
-0.00335
-0.00354
-0.00393
-0.00354
-0.00374
-0.00354
-0.00374
-0.00335
-0.00374
-0.00374
-0.00374
-0.00393
-0.00354
-0.00315
-0.00393
-0.00374
-0.00354
-0.00335
-0.00354
-0.00335
-0.00354
-0.00374
-0.00393
-0.00374
-0.00393
-0.00315
-0.00393
-0.00354
-0.00393
-0.00335
-0.00393
-0.00393
-0.00413
-0.00393
-0.00432
-0.00432
-0.00413
-0.00393
-0.00452
-0.00452
-0.00413
-0.00393
-0.00413
-0.00452
-0.00432
-0.00413
-0.00471
-0.00413
-0.00393
-0.00393
-0.00374
-0.00413
-0.00413
-0.00393
-0.00374
-0.00335
-0.00354
-0.00335
-0.00354
-0.00354
-0.00335
-0.00335
-0.00335
-0.00354
-0.00335
-0.00296
-0.00257
-0.00276
-0.00237
-0.00257
-0.00237
-0.00218
-0.00237
-0.00218
-0.00237
-0.00218
-0.00198
-0.00179
-0.00218
-0.00198
-0.00179
-0.00218
-0.00257
-0.00218
-0.00159
-0.00179
-0.00198
-0.00159
-0.00159
-0.00159
-0.00159
-0.00159
-0.00159
-0.0012
-0.00159
-0.00179
-0.00159
-0.0012
-0.00159
-0.0012
-0.00198
-0.001
-0.0012
-0.0012
-0.00159
-0.001
-0.001
-0.0012
-0.00159
-0.00139
-0.0012
-0.00139
-0.00139
-0.00139
-0.00159
-0.0012
-0.0012
-0.00139
-0.00159
-0.0012
-0.00159
-0.001
-0.001
-0.00159
-0.00139
-0.00159
-0.00159
-0.00198
-0.00159
-0.00198
-0.00198
-0.00218
-0.00179
-0.00159
-0.00139
-0.00179
-0.00198
-0.00179
-0.00159
-0.00179
-0.00198
-0.00198
-0.00179
-0.00237
-0.00198
-0.00198
-0.00218
-0.00198
-0.00198
-0.00218
-0.00198
-0.00198
-0.00237
-0.00237
-0.00257
-0.00218
-0.00218
-0.00296
-0.00296
-0.00335
-0.00315
-0.00354
-0.00432
-0.00374
-0.00354
-0.00335
-0.00354
-0.00335
-0.00335
-0.00393
-0.00393
-0.00354
-0.00393
-0.00374
-0.00393
-0.00374
-0.00354
-0.00335
-0.00354
-0.00432
-0.00432
-0.00413
-0.00413
-0.00413
-0.00432
-0.00471
-0.00471
-0.00491
-0.00491
-0.00511
-0.00491
-0.00471
-0.00432
-0.00452
-0.00511
-0.00471
-0.00471
-0.00471
-0.00491
-0.00452
-0.00511
-0.00491
-0.00491
-0.00491
-0.00471
-0.00471
-0.00471
-0.00491
-0.00452
-0.00452
-0.00471
-0.00432
-0.00413
-0.00471
-0.00432
-0.00393
-0.00432
-0.00374
-0.00374
-0.00374
-0.00413
-0.00374
-0.00374
-0.00374
-0.00315
-0.00335
-0.00296
-0.00315
-0.00335
-0.00276
-0.00198
-0.00218
-0.00218
-0.00179
-0.00179
-0.00159
-0.00198
-0.00198
-0.00218
-0.00198
-0.00198
-0.00159
-0.00198
-0.00139
-0.00159
-0.00159
-0.00179
-0.00139
-0.00179
-0.00159
-0.00179
-0.00179
-0.00159
-0.00179
-0.00179
-0.00139
-0.00179
-0.00179
-0.00198
-0.00179
-0.00198
-0.00179
-0.00218
-0.00218
-0.00198
-0.00237
-0.00198
-0.00218
-0.00179
-0.00237
-0.00218
-0.00218
-0.00198
-0.00159
-0.00179
-0.00198
-0.00159
-0.00198
-0.00218
-0.00159
-0.00179
-0.00139
-0.00179
-0.00179
-0.00198
-0.00218
-0.00198
-0.00237
-0.00198
-0.00159
-0.00198
-0.00218
-0.00198
-0.00218
-0.00198
-0.00198
-0.00198
-0.00237
-0.00218
-0.00218
-0.00276
-0.00218
-0.00218
-0.00218
-0.00218
-0.00237
-0.00237
-0.00237
-0.00237
-0.00257
-0.00237
-0.00218
-0.00257
-0.00237
-0.00296
-0.00257
-0.00257
-0.00276
-0.00276
-0.00315
-0.00296
-0.00335
-0.00276
-0.00276
-0.00257
-0.00296
-0.00296
-0.00237
-0.00296
-0.00276
-0.00296
-0.00276
-0.00296
-0.00315
-0.00315
-0.00296
-0.00296
-0.00335
-0.00335
-0.00315
-0.00374
-0.00374
-0.00374
-0.00354
-0.00413
-0.00432
-0.00452
-0.00452
-0.00452
-0.00452
-0.00432
-0.00491
-0.00471
-0.00491
-0.00491
-0.00471
-0.00452
-0.00452
-0.00432
-0.00491
-0.00432
-0.00471
-0.00471
-0.00432
-0.00393
-0.00413
-0.00393
-0.00393
-0.00432
-0.00413
-0.00471
-0.00413
-0.00413
-0.00374
-0.00393
-0.00374
-0.00413
-0.00432
-0.00452
-0.00432
-0.00432
-0.00432
-0.00393
-0.00413
-0.00413
-0.00374
-0.00413
-0.00432
-0.00354
-0.00296
-0.00335
-0.00296
-0.00335
-0.00315
-0.00374
-0.00315
-0.00354
-0.00374
-0.00335
-0.00354
-0.00315
-0.00276
-0.00335
-0.00354
-0.00335
-0.00335
-0.00354
-0.00315
-0.00315
-0.00335
-0.00315
-0.00315
-0.00335
-0.00296
-0.00315
-0.00296
-0.00276
-0.00257
-0.00315
-0.00315
-0.00296
-0.00296
-0.00276
-0.00276
-0.00296
-0.00276
-0.00237
-0.00237
-0.00237
-0.00257
-0.00218
-0.00276
-0.00257
-0.00257
-0.00257
-0.00257
-0.00257
-0.00237
-0.00218
-0.00218
-0.00237
-0.00198
-0.00179
-0.00139
-0.00179
