-1.350000377600E+00

-0.00159
-0.00218
-0.00237
-0.00257
-0.00237
-0.00237
-0.00257
-0.00276
-0.00237
-0.00257
-0.00296
-0.00237
-0.00296
-0.00218
-0.00276
-0.00296
-0.00276
-0.00315
-0.00296
-0.00296
-0.00296
-0.00257
-0.00276
-0.00237
-0.00257
-0.00237
-0.00237
-0.00218
-0.00218
-0.00218
-0.00179
-0.00218
-0.00218
-0.00218
-0.00198
-0.00218
-0.00218
-0.00198
-0.00237
-0.00198
-0.00218
-0.00179
-0.00179
-0.00218
-0.00198
-0.00179
-0.00139
-0.00139
-0.0012
-0.00139
-0.00159
-0.00179
-0.00159
-0.00159
-0.00179
-0.00179
-0.00179
-0.00179
-0.00179
-0.00179
-0.00179
-0.0012
-0.00159
-0.00198
-0.00198
-0.00218
-0.00257
-0.00198
-0.00198
-0.00218
-0.00218
-0.00237
-0.00218
-0.00198
-0.00218
-0.00198
-0.00218
-0.00237
-0.00237
-0.00237
-0.00179
-0.00179
-0.00237
-0.00198
-0.00218
-0.00218
-0.00237
-0.00237
-0.00198
-0.00257
-0.00218
-0.00218
-0.00237
-0.00218
-0.00218
-0.00218
-0.00179
-0.00198
-0.00237
-0.00218
-0.00218
-0.00198
-0.00179
-0.00237
-0.00218
-0.00237
-0.00257
-0.00218
-0.00159
-0.00198
-0.00159
-0.00159
-0.00179
-0.00179
-0.00198
-0.00179
-0.00198
-0.0012
-0.00159
-0.00159
-0.00139
-0.00139
-0.00139
-0.00139
-0.001
-0.00081
-0.00081
-0.00139
-0.0012
-0.00198
-0.00198
-0.00159
-0.00159
-0.00198
-0.00257
-0.00237
-0.00179
-0.00218
-0.00218
-0.00218
-0.00218
-0.00218
-0.00237
-0.00276
-0.00218
-0.00257
-0.00237
-0.00276
-0.00276
-0.00237
-0.00296
-0.00276
-0.00315
-0.00315
-0.00296
-0.00315
-0.00315
-0.00296
-0.00276
-0.00257
-0.00257
-0.00257
-0.00237
-0.00257
-0.00257
-0.00237
-0.00179
-0.00198
-0.00218
-0.00218
-0.00179
-0.00237
-0.00198
-0.0012
-0.00218
-0.00218
-0.00179
-0.00159
-0.00179
-0.00179
-0.00159
-0.0012
-0.00159
-0.00139
-0.00159
-0.00139
-0.00139
-0.00139
-0.00179
-0.00159
-0.00159
-0.00179
-0.0012
-0.00198
-0.00139
-0.00159
-0.00198
-0.00198
-0.00159
-0.00159
-0.00198
-0.00159
-0.00179
-0.00237
-0.00257
-0.00198
-0.00139
-0.00042
0.00095
0.00193
0.00349
0.00583
0.00759
0.00993
0.01267
0.0156
0.01853
0.02165
0.02439
0.02829
0.03181
0.03493
0.03825
0.04138
0.04509
0.04802
0.05075
0.0531
0.05525
0.0572
0.05935
0.06071
0.06189
0.06384
0.06482
0.06599
0.06638
0.06755
0.06853
0.06892
0.0695
0.07009
0.06989
0.07029
0.07087
0.07029
0.07048
0.0695
0.0697
0.0695
0.06931
0.06931
0.06872
0.06814
0.06794
0.06716
0.06696
0.06599
0.0654
0.06462
0.06384
0.06364
0.06345
0.06228
0.06111
0.0613
0.06052
0.05935
0.05915
0.05837
0.05779
0.0572
0.05642
0.05583
0.05525
0.05486
0.05427
0.05349
0.0531
0.05251
0.05193
0.05154
0.05056
0.04958
0.049
0.04841
0.04782
0.04704
0.04665
0.04607
0.04529
0.04509
0.04411
0.04333
0.04294
0.04196
0.04196
0.04118
0.0404
0.03982
0.03982
0.03864
0.03864
0.03786
0.03728
0.03689
0.0363
0.03571
0.03571
0.03474
0.03415
0.03376
0.03376
0.03279
0.03279
0.03239
0.032
0.03161
0.03103
0.03064
0.03025
0.02986
0.02946
0.02849
0.0281
0.02771
0.02771
0.0279
0.02732
0.02693
0.02634
0.02673
0.02614
0.02595
0.02497
0.02536
0.02497
0.02458
0.02419
0.024
0.02361
0.02321
0.02282
0.02243
0.02243
0.02204
0.02204
0.02204
0.02185
0.02107
0.02048
0.02029
0.02029
0.01989
0.0195
0.01892
0.01892
0.01853
0.01833
0.01794
0.01775
0.01716
0.01677
0.01638
0.01638
0.01638
0.01618
0.01579
0.0156
0.0154
0.01521
0.01521
0.01521
0.01482
0.01501
0.01501
0.01462
0.01482
0.01443
0.01462
0.01423
0.01423
0.01364
0.01384
0.01364
0.01325
0.01306
0.01267
0.01286
0.01247
0.01247
0.01169
0.01189
0.0115
0.01169
0.01111
0.01169
0.01111
0.0115
0.01091
0.01111
0.01032
0.01052
0.01032
0.01013
0.00993
0.01013
0.00954
0.00974
0.00974
0.00896
0.00896
0.00935
0.00876
0.00876
0.00857
0.00857
0.00779
0.00818
0.00837
0.00837
0.00798
0.00798
0.00779
0.00759
0.00759
0.00798
0.00779
0.00759
0.00779
0.00759
0.00759
0.00779
0.00759
0.00759
0.0072
0.007
0.00661
0.00661
0.00642
0.00642
0.00661
0.00622
0.00642
0.00642
0.00622
0.00603
0.00603
0.00603
0.00622
0.00564
0.00525
0.00564
0.00525
0.00525
0.00544
0.00544
0.00603
0.00505
0.00505
0.00505
0.00505
0.00525
0.00446
0.00505
0.00466
0.00427
0.00427
0.00446
0.00427
0.00446
0.00407
0.00427
0.00446
0.00407
0.00427
0.00407
0.00368
0.00368
0.00349
0.00349
0.00329
0.00329
0.0031
0.00329
0.0029
0.00232
0.00251
0.00232
0.00251
0.00251
0.00251
0.00251
0.00251
0.00232
0.00193
0.00173
0.00193
0.00173
0.00173
0.00193
0.00173
0.00173
0.00154
0.00173
0.00173
0.00134
0.00212
0.00154
0.00173
0.00173
0.00173
0.00114
0.00095
0.00114
0.00134
0.00114
0.00134
0.00154
0.00114
0.00154
0.00114
0.00114
0.00095
0.00134
0.00056
0.00134
0.00114
0.00114
0.00134
0.00095
0.00036
0.00036
0.00075
0.00056
0.00075
0.00056
0.00056
0.00056
0.00056
0.00056
0.00036
0.00056
-3e-05
0.00036
-0.00042
-0.00022
-0.00022
-0.00042
-0.00081
-0.00081
-0.00081
-0.00042
-0.00042
-0.00061
-0.00081
-0.00061
-0.00042
-0.00022
0.00036
-0.00022
-0.00022
-0.00061
0.00017
0.00017
-0.00042
-3e-05
-0.00042
0.00017
-0.00022
0.00017
-0.00042
-0.00042
-3e-05
-3e-05
-0.00022
-3e-05
-0.00042
-0.00022
0.00017
-0.00022
-0.00022
-3e-05
0.00017
-3e-05
0.00017
0.00036
0.00075
0.00017
0.00017
0.00056
0.00036
0.00017
-0.00042
-0.00022
-0.00081
-0.00042
-0.00022
-3e-05
-0.00022
-0.00042
-0.00081
-0.00022
-3e-05
-0.00022
-0.00042
-0.00042
-3e-05
0.00036
-3e-05
-0.00022
-3e-05
-0.00061
-0.00042
-0.00042
-0.00022
-0.00022
-3e-05
0.00017
-3e-05
-0.00022
0.00017
-0.00042
-3e-05
0.00017
0.00017
-0.00022
-3e-05
-3e-05
-0.00042
-3e-05
-0.00022
-0.00061
-0.00042
-0.00061
-0.00061
-0.00061
-0.00042
-0.00061
-0.00061
-0.00042
-0.00022
-0.00022
-0.00042
-0.00042
-0.001
-0.00081
-0.001
-0.00061
-0.00081
-0.00061
-0.0012
-0.0012
-0.0012
-0.001
-0.001
-0.0012
-0.00179
-0.00179
-0.00159
-0.00159
-0.00139
-0.0012
-0.00139
-0.00139
-0.00159
-0.0012
-0.00139
-0.00159
-0.0012
-0.00179
-0.00179
-0.00159
-0.00139
-0.00179
-0.00179
-0.00159
-0.00198
-0.00179
-0.00179
-0.00159
-0.00139
-0.00179
-0.00179
-0.00139
-0.00159
-0.00139
-0.00159
-0.00159
-0.00139
-0.00159
-0.00139
-0.00159
-0.00159
-0.00159
-0.00159
-0.00159
-0.00139
-0.00139
-0.00159
-0.00159
-0.00159
-0.00139
-0.00159
-0.00139
-0.00179
-0.00159
-0.00198
-0.00159
-0.00198
-0.00179
-0.00179
-0.00139
-0.00179
-0.00198
-0.00198
-0.00198
-0.00198
-0.00159
-0.00237
-0.00179
-0.00218
-0.00198
-0.00218
-0.00218
-0.00198
-0.00218
-0.00237
-0.00237
-0.00257
-0.00237
-0.00237
-0.00218
-0.00198
-0.00237
-0.00237
-0.00198
-0.00198
-0.00218
-0.00237
-0.00218
-0.00198
-0.00159
-0.00198
-0.00179
-0.00179
-0.00179
-0.00159
-0.00198
-0.00159
-0.00159
-0.00139
-0.00159
-0.00159
-0.00179
-0.00198
-0.00198
-0.00218
-0.00179
-0.00179
-0.00218
-0.00218
-0.00237
-0.00218
-0.00198
-0.00218
-0.00198
-0.00159
-0.00159
-0.00179
-0.00159
-0.00179
-0.00179
-0.00139
-0.00179
-0.00159
-0.00179
-0.00198
-0.00159
-0.00218
-0.00179
-0.00179
-0.00198
-0.00198
-0.00198
-0.00179
-0.00198
-0.00198
-0.00218
-0.00218
-0.00237
-0.00237
-0.00237
-0.00198
-0.00179
-0.00218
-0.00198
-0.00198
-0.00159
-0.00198
-0.00198
-0.00257
-0.00218
-0.00218
-0.00179
-0.00198
-0.00218
-0.00198
-0.00237
-0.00198
-0.00218
-0.00237
-0.00276
-0.00237
-0.00218
-0.00237
-0.00257
-0.00276
-0.00276
-0.00218
-0.00237
-0.00218
-0.00237
-0.00218
-0.00257
-0.00257
-0.00198
-0.00198
-0.00198
-0.00218
-0.00179
-0.00179
-0.00179
-0.00159
-0.00179
-0.00198
-0.00159
-0.00159
-0.00139
-0.00198
-0.00198
-0.00198
-0.00159
-0.00198
-0.00237
-0.00198
-0.00218
-0.00159
-0.00218
-0.00179
-0.00198
-0.00237
-0.00198
-0.00179
-0.00218
-0.00218
-0.00257
-0.00218
-0.00218
-0.00237
-0.00218
-0.00218
-0.00237
-0.00218
-0.00257
-0.00257
-0.00257
-0.00237
-0.00218
-0.00218
-0.00257
-0.00276
-0.00257
-0.00276
-0.00257
-0.00315
-0.00296
-0.00276
-0.00237
-0.00276
-0.00237
-0.00276
-0.00237
-0.00257
-0.00296
-0.00257
-0.00257
-0.00218
-0.00237
-0.00257
-0.00237
-0.00237
-0.00237
-0.00237
-0.00237
-0.00218
-0.00218
-0.00218
-0.00179
-0.00198
-0.00218
-0.00159
-0.00198
-0.00139
-0.00139
-0.0012
-0.00139
-0.0012
-0.0012
-0.00139
-0.00179
-0.00179
-0.00139
-0.00179
-0.00159
-0.00218
-0.00179
-0.00198
-0.00218
-0.00237
-0.00237
-0.00237
-0.00237
-0.00237
-0.00257
-0.00237
-0.00237
-0.00276
-0.00218
-0.00237
-0.00257
-0.00276
-0.00257
-0.00237
-0.00237
-0.00218
-0.00218
-0.00257
-0.00257
-0.00296
-0.00257
-0.00257
-0.00296
-0.00296
-0.00296
-0.00335
-0.00276
-0.00315
-0.00237
-0.00315
-0.00276
-0.00276
-0.00257
-0.00257
-0.00237
-0.00257
-0.00179
-0.00198
-0.00218
-0.00218
-0.00218
-0.00198
-0.00198
-0.00159
-0.00179
-0.00198
-0.00179
-0.00179
-0.00237
-0.00198
-0.00198
-0.00218
-0.00198
-0.00237
-0.00237
-0.00296
-0.00218
-0.00237
-0.00276
-0.00237
-0.00257
-0.00276
-0.00237
-0.00257
-0.00237
-0.00237
-0.00237
-0.00276
-0.00237
-0.00237
-0.00179
-0.00218
-0.00237
-0.00218
-0.00237
-0.00218
-0.00237
-0.00237
-0.00237
-0.00218
-0.00237
-0.00257
-0.00237
-0.00257
-0.00257
-0.00237
-0.00237
-0.00218
-0.00198
-0.00179
-0.00198
-0.00198
-0.00218
-0.00218
-0.00179
-0.00237
-0.00257
-0.00276
-0.00237
-0.00257
-0.00218
-0.00237
-0.00257
-0.00237
-0.00218
-0.00257
-0.00257
-0.00296
-0.00257
-0.00276
-0.00257
-0.00218
-0.00237
-0.00218
-0.00179
-0.00276
-0.00276
-0.00237
-0.00179
-0.00218
-0.00218
-0.00218
-0.00198
-0.00257
-0.00276
-0.00218
-0.00257
-0.00179
-0.00218
-0.00218
-0.00218
-0.00237
-0.00198
-0.00198
-0.00198
-0.00179
-0.00218
-0.00257
-0.00198
-0.00198
-0.00218
-0.00237
-0.00198
-0.00257
-0.00257
-0.00257
-0.00257
-0.00237
-0.00218
-0.00257
-0.00237
-0.00237
-0.00257
-0.00257
-0.00276
-0.00257
-0.00257
-0.00218
-0.00257
-0.00257
-0.00237
-0.00198
-0.00179
-0.00218
-0.00198
-0.00237
-0.00237
-0.00237
-0.00218
-0.00276
-0.00237
-0.00218
-0.00237
-0.00237
-0.00257
-0.00276
-0.00257
-0.00218
-0.00237
-0.00315
-0.00276
-0.00237
-0.00296
-0.00296
-0.00257
-0.00257
-0.00257
-0.00237
-0.00257
-0.00237
-0.00276
-0.00315
-0.00276
-0.00315
-0.00276
-0.00296
-0.00276
-0.00315
-0.00296
-0.00276
-0.00296
-0.00315
-0.00315
-0.00335
-0.00276
-0.00276
-0.00296
-0.00296
-0.00257
-0.00218
-0.00237
-0.00257
-0.00257
-0.00276
-0.00257
-0.00257
-0.00257
-0.00276
-0.00276
-0.00257
-0.00296
-0.00315
-0.00276
-0.00276
-0.00257
-0.00237
-0.00237
-0.00218
-0.00179
-0.00198
-0.00237
-0.00218
-0.00218
-0.00179
-0.00218
-0.00198
-0.00218
-0.00198
-0.00179
-0.00218
-0.00198
-0.00179
-0.00257
-0.00237
-0.00257
-0.00257
-0.00218
-0.00237
-0.00257
-0.00237
-0.00257
-0.00237
-0.00237
-0.00218
-0.00237
-0.00237
-0.00257
-0.00218
-0.00198
-0.00237
-0.00237
-0.00276
-0.00257
-0.00257
-0.00257
-0.00296
-0.00315
-0.00276
-0.00237
-0.00257
-0.00257
-0.00257
-0.00296
-0.00237
-0.00237
-0.00296
-0.00276
-0.00276
-0.00296
-0.00257
