-4.940001408000E-01

-0.00257
-0.00218
-0.00237
-0.00237
-0.00218
-0.00237
-0.00237
-0.00237
-0.00198
-0.00218
-0.00198
-0.00257
-0.00198
-0.00218
-0.00276
-0.00198
-0.00257
-0.00257
-0.00218
-0.00237
-0.00218
-0.00179
-0.00198
-0.00179
-0.00179
-0.00218
-0.00179
-0.00179
-0.00198
-0.00198
-0.00159
-0.00159
-0.00218
-0.00198
-0.00218
-0.00159
-0.00237
-0.00198
-0.00237
-0.00237
-0.00198
-0.00198
-0.00198
-0.00218
-0.00276
-0.00218
-0.00218
-0.00237
-0.00218
-0.00198
-0.00198
-0.00179
-0.00198
-0.00179
-0.00198
-0.00198
-0.00198
-0.00237
-0.00237
-0.00237
-0.00296
-0.00237
-0.00257
-0.00237
-0.00257
-0.00257
-0.00237
-0.00218
-0.00218
-0.00198
-0.00257
-0.00198
-0.00179
-0.00198
-0.00159
-0.00179
-0.00198
-0.00198
-0.00198
-0.00159
-0.00139
-0.00237
-0.00179
-0.00159
-0.00179
-0.00218
-0.00218
-0.00198
-0.00179
-0.00179
-0.00198
-0.00198
-0.00179
-0.00237
-0.00218
-0.00179
-0.00179
-0.00198
-0.00257
-0.00198
-0.00218
-0.00237
-0.00257
-0.00237
-0.00218
-0.00218
-0.00218
-0.00237
-0.00276
-0.00276
-0.00257
-0.00198
-0.00237
-0.00198
-0.00257
-0.00218
-0.00237
-0.00315
-0.00257
-0.00257
-0.00237
-0.00257
-0.00257
-0.00257
-0.00276
-0.00276
-0.00257
-0.00276
-0.00257
-0.00276
-0.00237
-0.00296
-0.00237
-0.00276
-0.00276
-0.00276
-0.00276
-0.00276
-0.00257
-0.00296
-0.00354
-0.00315
-0.00335
-0.00276
-0.00315
-0.00315
-0.00276
-0.00276
-0.00257
-0.00257
-0.00296
-0.00237
-0.00237
-0.00237
-0.00237
-0.00335
-0.00296
-0.00315
-0.00276
-0.00276
-0.00257
-0.00315
-0.00335
-0.00335
-0.00276
-0.00315
-0.00257
-0.00315
-0.00257
-0.00276
-0.00237
-0.00315
-0.00315
-0.00315
-0.00296
-0.00276
-0.00315
-0.00257
-0.00237
-0.00218
-0.00218
-0.00257
-0.00237
-0.00237
-0.00198
-0.00237
-0.00218
-0.00237
-0.00237
-0.00218
-0.00237
-0.00218
-0.00218
-0.00237
-0.00237
-0.00237
-0.00237
-0.00237
-0.00237
-0.00257
-0.00296
-0.00296
-0.00257
-0.00257
-0.00257
-0.00198
-0.00179
-0.00022
0.00036
0.00173
0.00232
0.00407
0.00564
0.00622
0.00681
0.00779
0.00896
0.00993
0.01091
0.01228
0.01443
0.01716
0.02048
0.0238
0.02751
0.03142
0.03571
0.03904
0.04216
0.04548
0.04802
0.05095
0.05329
0.05564
0.05798
0.05915
0.0613
0.06247
0.06404
0.06462
0.06579
0.06696
0.06716
0.06775
0.06833
0.06853
0.06853
0.06892
0.06911
0.06892
0.06911
0.06892
0.06931
0.06892
0.06853
0.06872
0.06775
0.06755
0.06677
0.06657
0.0656
0.06501
0.06521
0.06482
0.06404
0.06325
0.06267
0.06228
0.0615
0.06032
0.05993
0.05935
0.05857
0.05798
0.05779
0.05642
0.05622
0.05564
0.05505
0.05446
0.05329
0.05349
0.05232
0.05154
0.05075
0.05056
0.04978
0.04919
0.04861
0.04802
0.04724
0.04704
0.04607
0.04607
0.04529
0.0445
0.04372
0.04333
0.04275
0.04236
0.04157
0.04118
0.0406
0.04001
0.03962
0.03884
0.03864
0.03825
0.03806
0.03747
0.0365
0.03591
0.03552
0.03513
0.03493
0.03435
0.03357
0.03376
0.03337
0.03279
0.032
0.03142
0.03142
0.03122
0.03064
0.02986
0.02927
0.02888
0.02829
0.02849
0.02849
0.0281
0.02751
0.02693
0.02712
0.02693
0.02712
0.02654
0.02614
0.02556
0.02575
0.02497
0.02517
0.02439
0.02419
0.02361
0.02361
0.02302
0.02263
0.02204
0.02204
0.02146
0.02107
0.02107
0.02087
0.02029
0.02029
0.01989
0.02009
0.0195
0.01931
0.01872
0.01853
0.01814
0.01814
0.01755
0.01736
0.01716
0.01677
0.01677
0.01657
0.01618
0.01599
0.01579
0.0156
0.01599
0.01462
0.01501
0.01482
0.01501
0.01443
0.01384
0.01384
0.01384
0.01364
0.01364
0.01364
0.01325
0.01325
0.01345
0.01306
0.01345
0.01306
0.01286
0.01306
0.01247
0.01267
0.01208
0.0115
0.0113
0.0113
0.0115
0.0113
0.01071
0.01052
0.01052
0.01071
0.01032
0.01013
0.00974
0.01013
0.00954
0.01032
0.00954
0.00954
0.00915
0.00896
0.00876
0.00896
0.00896
0.00818
0.00818
0.00779
0.00798
0.00779
0.00739
0.00739
0.007
0.0072
0.00661
0.007
0.00661
0.00661
0.00622
0.00603
0.00622
0.00564
0.00583
0.00603
0.00583
0.00583
0.00564
0.00603
0.00564
0.00564
0.00525
0.00583
0.00603
0.00544
0.00505
0.00505
0.00505
0.00486
0.00486
0.00486
0.00466
0.00446
0.00446
0.00466
0.00466
0.00446
0.00427
0.00427
0.00407
0.00466
0.00466
0.00466
0.00446
0.00446
0.00407
0.00407
0.00329
0.00368
0.00349
0.00407
0.00368
0.00329
0.0031
0.00329
0.00329
0.00329
0.0031
0.0031
0.0029
0.0029
0.00251
0.00271
0.00271
0.00271
0.0029
0.00271
0.00271
0.00232
0.00232
0.00271
0.00271
0.00232
0.00251
0.00212
0.00251
0.00232
0.00212
0.00193
0.00173
0.00173
0.00154
0.00173
0.00173
0.00154
0.00114
0.00134
0.00095
0.00114
0.00075
0.00036
0.00075
0.00056
0.00036
0.00075
0.00056
0.00056
0.00075
0.00056
0.00095
0.00056
0.00056
0.00075
0.00075
0.00036
0.00017
0.00017
0.00056
0.00056
0.00036
0.00056
0.00114
0.00056
0.00036
0.00036
0.00056
0.00056
0.00036
0.00075
0.00036
0.00075
0.00075
0.00075
0.00095
0.00075
0.00056
0.00036
0.00075
0.00036
0.00017
0.00036
0.00056
-3e-05
0.00036
-3e-05
0.00056
-3e-05
0.00036
-3e-05
0.00036
-0.00022
0.00036
-3e-05
-3e-05
-0.00022
0.00017
0.00036
-3e-05
-0.00022
-0.00022
-0.00061
-0.00042
-0.00042
-0.00042
-0.00022
-0.00022
-0.00022
-0.00042
-0.00081
-0.00061
-0.0012
-0.00081
-0.00022
-0.00061
-0.00022
-0.00042
-0.00061
-0.00061
-0.00081
-0.00061
-0.00061
-0.00081
-0.00061
-0.00061
-0.00061
-0.00061
-0.00042
-0.00042
-0.00061
-0.001
-0.00081
-0.00081
-0.00081
-0.00061
-0.001
-0.00081
-0.00081
-0.00081
-0.00061
-0.00081
-0.00061
-0.00061
-0.00081
-0.00022
-0.00081
-0.00061
-0.00061
-0.00081
-0.00081
-0.00061
-0.00061
-0.00042
-0.00081
-0.00081
-0.00081
-0.00081
-0.0012
-0.0012
-0.0012
-0.0012
-0.00061
-0.00061
-0.001
-0.0012
-0.00139
-0.001
-0.00081
-0.0012
-0.0012
-0.00081
-0.00081
-0.0012
-0.00139
-0.001
-0.00081
-0.001
-0.00081
-0.00139
-0.00179
-0.00159
-0.00179
-0.00159
-0.00159
-0.00159
-0.00159
-0.00179
-0.00218
-0.00218
-0.00218
-0.00237
-0.00218
-0.00237
-0.00179
-0.00179
-0.00237
-0.00237
-0.00276
-0.00218
-0.00179
-0.00237
-0.00218
-0.00218
-0.00237
-0.00296
-0.00257
-0.00296
-0.00257
-0.00257
-0.00257
-0.00257
-0.00218
-0.00237
-0.00237
-0.00198
-0.00198
-0.00237
-0.00237
-0.00276
-0.00218
-0.00198
-0.00159
-0.00198
-0.00179
-0.00179
-0.00179
-0.00179
-0.00198
-0.00198
-0.00179
-0.00139
-0.00159
-0.00139
-0.00198
-0.00198
-0.00139
-0.00179
-0.00198
-0.00179
-0.00159
-0.00159
-0.00179
-0.00198
-0.00159
-0.00198
-0.00159
-0.0012
-0.00159
-0.00218
-0.00198
-0.00159
-0.00179
-0.00198
-0.00237
-0.00179
-0.00139
-0.00198
-0.00198
-0.00218
-0.00198
-0.00237
-0.00218
-0.00218
-0.00237
-0.00237
-0.00179
-0.00218
-0.00179
-0.00237
-0.00198
-0.00237
-0.00237
-0.00237
-0.00218
-0.00257
-0.00198
-0.00237
-0.00198
-0.00218
-0.00179
-0.00218
-0.00198
-0.00198
-0.00237
-0.00237
-0.00198
-0.00237
-0.00237
-0.00179
-0.00198
-0.00218
-0.00237
-0.00237
-0.00218
-0.00198
-0.00198
-0.00218
-0.00198
-0.00198
-0.00237
-0.00237
-0.00198
-0.00237
-0.00218
-0.00218
-0.00218
-0.00218
-0.00218
-0.00257
-0.00276
-0.00257
-0.00257
-0.00218
-0.00237
-0.00218
-0.00218
-0.00218
-0.00257
-0.00237
-0.00237
-0.00276
-0.00276
-0.00296
-0.00257
-0.00315
-0.00276
-0.00257
-0.00257
-0.00257
-0.00257
-0.00218
-0.00237
-0.00296
-0.00237
-0.00276
-0.00218
-0.00237
-0.00218
-0.00237
-0.00218
-0.00257
-0.00257
-0.00237
-0.00218
-0.00218
-0.00218
-0.00257
-0.00237
-0.00237
-0.00296
-0.00296
-0.00276
-0.00257
-0.00218
-0.00257
-0.00257
-0.00276
-0.00296
-0.00257
-0.00237
-0.00237
-0.00257
-0.00276
-0.00257
-0.00296
-0.00276
-0.00296
-0.00257
-0.00296
-0.00257
-0.00257
-0.00276
-0.00257
-0.00257
-0.00237
-0.00257
-0.00237
-0.00218
-0.00198
-0.00179
-0.00179
-0.00218
-0.00237
-0.00218
-0.00198
-0.0012
-0.00179
-0.00198
-0.00139
-0.00198
-0.00198
-0.00179
-0.00198
-0.00198
-0.00198
-0.00179
-0.00198
-0.00179
-0.00198
-0.00159
-0.00218
-0.00179
-0.00198
-0.00218
-0.00237
-0.00218
-0.00218
-0.00237
-0.00257
-0.00237
-0.00296
-0.00237
-0.00276
-0.00296
-0.00296
-0.00296
-0.00296
-0.00276
-0.00315
-0.00335
-0.00354
-0.00276
-0.00296
-0.00315
-0.00296
-0.00276
-0.00276
-0.00296
-0.00315
-0.00315
-0.00276
-0.00276
-0.00276
-0.00237
-0.00276
-0.00257
-0.00276
-0.00257
-0.00257
-0.00257
-0.00296
-0.00276
-0.00257
-0.00237
-0.00276
-0.00237
-0.00257
-0.00257
-0.00237
-0.00237
-0.00218
-0.00237
-0.00237
-0.00218
-0.00237
-0.00237
-0.00237
-0.00257
-0.00315
-0.00257
-0.00257
-0.00218
-0.00257
-0.00218
-0.00218
-0.00198
-0.00237
-0.00237
-0.00276
-0.00257
-0.00257
-0.00257
-0.00257
-0.00218
-0.00257
-0.00237
-0.00218
-0.00198
-0.00257
-0.00237
-0.00257
-0.00218
-0.00257
-0.00257
-0.00237
-0.00237
-0.00237
-0.00257
-0.00218
-0.00257
-0.00296
-0.00276
-0.00257
-0.00237
-0.00257
-0.00218
-0.00237
-0.00237
-0.00257
-0.00257
-0.00296
-0.00218
-0.00257
-0.00237
-0.00237
-0.00276
-0.00257
-0.00296
-0.00296
-0.00296
-0.00276
-0.00257
-0.00276
-0.00257
-0.00296
-0.00276
-0.00276
-0.00296
-0.00335
-0.00315
-0.00296
-0.00296
-0.00354
-0.00335
-0.00335
-0.00315
-0.00276
-0.00257
-0.00276
-0.00276
-0.00296
-0.00257
-0.00276
-0.00296
-0.00257
-0.00276
-0.00296
-0.00257
-0.00315
-0.00237
-0.00257
-0.00257
-0.00257
-0.00257
-0.00276
-0.00237
-0.00257
-0.00257
-0.00276
-0.00257
-0.00218
-0.00257
-0.00218
-0.00276
-0.00198
-0.00179
-0.00218
-0.00198
-0.00218
-0.00218
-0.00276
-0.00218
-0.00257
-0.00218
-0.00257
-0.00257
-0.00276
-0.00257
-0.00296
-0.00276
-0.00276
-0.00257
-0.00315
-0.00276
-0.00276
-0.00257
-0.00315
-0.00296
-0.00296
-0.00315
-0.00335
-0.00335
-0.00335
-0.00296
-0.00296
-0.00315
-0.00315
-0.00335
-0.00374
-0.00335
-0.00296
-0.00315
-0.00296
-0.00335
-0.00296
-0.00315
-0.00296
-0.00315
-0.00276
-0.00315
-0.00276
-0.00276
-0.00296
-0.00315
-0.00257
-0.00296
-0.00296
-0.00276
-0.00218
-0.00237
-0.00257
-0.00237
-0.00257
-0.00257
-0.00257
-0.00237
-0.00276
-0.00296
-0.00257
-0.00276
-0.00257
-0.00237
-0.00237
-0.00237
-0.00257
-0.00198
-0.00257
-0.00237
-0.00237
-0.00276
-0.00237
-0.00276
-0.00276
-0.00257
-0.00237
-0.00218
-0.00198
-0.00218
-0.00218
-0.00237
-0.00257
-0.00218
-0.00257
-0.00218
-0.00198
-0.00198
-0.00198
-0.00257
-0.00218
-0.00237
-0.00198
-0.00218
-0.00218
-0.00257
-0.00276
-0.00237
-0.00296
-0.00276
-0.00296
-0.00257
-0.00237
-0.00218
-0.00218
-0.00257
-0.00276
-0.00257
-0.00257
-0.00296
-0.00296
-0.00335
-0.00296
-0.00296
-0.00296
-0.00296
-0.00296
-0.00335
-0.00315
-0.00335
-0.00335
-0.00296
-0.00296
-0.00276
-0.00296
-0.00276
-0.00296
-0.00296
-0.00257
-0.00237
-0.00276
-0.00257
-0.00276
-0.00179
-0.00198
-0.00159
-0.00198
-0.00237
-0.00218
-0.00257
-0.00257
-0.00218
-0.00179
-0.00237
-0.00218
-0.00257
-0.00237
-0.00218
-0.00198
-0.00198
-0.00198
-0.00198
-0.00179
-0.00179
-0.00198
-0.00179
-0.00159
-0.00218
-0.00237
-0.00198
-0.00218
-0.00159
-0.00237
-0.00257
-0.00257
-0.00296
-0.00276
-0.00218
-0.00296
