-9.190002560000E-01

-0.00237
-0.00315
-0.00315
-0.00335
-0.00315
-0.00237
-0.00257
-0.00296
-0.00257
-0.00257
-0.00296
-0.00276
-0.00276
-0.00276
-0.00237
-0.00218
-0.00179
-0.00179
-0.00198
-0.00237
-0.00218
-0.00218
-0.00237
-0.00218
-0.00237
-0.00198
-0.00257
-0.00276
-0.00257
-0.00237
-0.00257
-0.00237
-0.00276
-0.00276
-0.00296
-0.00296
-0.00257
-0.00257
-0.00257
-0.00237
-0.00257
-0.00218
-0.00237
-0.00237
-0.00257
-0.00198
-0.00257
-0.00237
-0.00218
-0.00257
-0.00276
-0.00276
-0.00257
-0.00237
-0.00257
-0.00315
-0.00276
-0.00257
-0.00237
-0.00237
-0.00257
-0.00257
-0.00257
-0.00276
-0.00218
-0.00237
-0.00237
-0.00237
-0.00257
-0.00257
-0.00237
-0.00276
-0.00237
-0.00276
-0.00237
-0.00296
-0.00296
-0.00296
-0.00218
-0.00296
-0.00276
-0.00296
-0.00276
-0.00296
-0.00315
-0.00276
-0.00276
-0.00335
-0.00296
-0.00257
-0.00237
-0.00296
-0.00257
-0.00257
-0.00257
-0.00257
-0.00198
-0.00198
-0.00198
-0.00198
-0.00198
-0.00198
-0.00179
-0.00218
-0.00237
-0.00237
-0.00179
-0.00257
-0.00276
-0.00296
-0.00257
-0.00237
-0.00237
-0.00257
-0.00237
-0.00276
-0.00257
-0.00276
-0.00276
-0.00257
-0.00276
-0.00276
-0.00237
-0.00315
-0.00276
-0.00296
-0.00276
-0.00315
-0.00296
-0.00354
-0.00296
-0.00315
-0.00257
-0.00276
-0.00315
-0.00296
-0.00315
-0.00296
-0.00315
-0.00237
-0.00257
-0.00296
-0.00315
-0.00276
-0.00276
-0.00276
-0.00315
-0.00257
-0.00276
-0.00237
-0.00276
-0.00276
-0.00257
-0.00276
-0.00257
-0.00276
-0.00257
-0.00237
-0.00237
-0.00276
-0.00237
-0.00257
-0.00276
-0.00276
-0.00296
-0.00257
-0.00276
-0.00257
-0.00296
-0.00198
-0.00237
-0.00237
-0.00218
-0.00257
-0.00218
-0.00218
-0.00198
-0.00237
-0.00237
-0.00179
-0.00198
-0.00218
-0.00179
-0.00237
-0.00218
-0.00257
-0.00237
-0.00257
-0.00237
-0.00237
-0.00179
-0.00198
-0.0012
-0.00022
0.00095
0.00251
0.00368
0.00525
0.00661
0.00798
0.01052
0.01247
0.01423
0.01579
0.01775
0.01931
0.02087
0.02243
0.0238
0.02497
0.02634
0.02673
0.02849
0.02888
0.02986
0.03083
0.03239
0.03474
0.03747
0.0406
0.04372
0.04821
0.05232
0.05739
0.06286
0.06833
0.0738
0.07849
0.08279
0.08689
0.09099
0.0945
0.09724
0.10056
0.10271
0.10525
0.10798
0.11071
0.11345
0.11638
0.11892
0.12126
0.12322
0.12439
0.12634
0.1279
0.12927
0.12946
0.13064
0.13181
0.13181
0.1322
0.1324
0.13259
0.1324
0.13259
0.13161
0.13142
0.13103
0.13025
0.12985
0.12907
0.12829
0.12673
0.12595
0.12556
0.124
0.12322
0.12224
0.12087
0.1197
0.11814
0.11736
0.11599
0.11443
0.11384
0.11228
0.1111
0.10954
0.10857
0.10759
0.10603
0.10466
0.1031
0.10193
0.10114
0.09958
0.09802
0.09685
0.09568
0.0945
0.09314
0.09177
0.09099
0.08962
0.08845
0.08747
0.0865
0.08552
0.08435
0.08376
0.08259
0.08142
0.08025
0.07946
0.07907
0.0779
0.07712
0.07634
0.07517
0.07419
0.07341
0.07263
0.07165
0.07126
0.0697
0.06892
0.06814
0.06716
0.06677
0.06579
0.06501
0.06443
0.06364
0.06325
0.06286
0.06189
0.06091
0.06052
0.05954
0.05896
0.05779
0.05739
0.05642
0.05603
0.05544
0.05466
0.05388
0.05329
0.05212
0.05154
0.05056
0.05036
0.04958
0.049
0.04861
0.04802
0.04724
0.04704
0.04626
0.04587
0.04489
0.04489
0.04372
0.04333
0.04314
0.04255
0.04196
0.04157
0.0406
0.0404
0.04021
0.03943
0.03923
0.03845
0.03767
0.03689
0.03689
0.0363
0.03611
0.03552
0.03552
0.03493
0.03454
0.03357
0.03337
0.03318
0.03318
0.03298
0.03239
0.032
0.03181
0.03083
0.03064
0.03064
0.02986
0.02966
0.02888
0.02888
0.0281
0.0281
0.02771
0.02732
0.02732
0.02673
0.02712
0.02614
0.02595
0.02556
0.02575
0.02517
0.02497
0.024
0.0238
0.02361
0.02341
0.02321
0.02282
0.02263
0.02263
0.02263
0.02185
0.02185
0.02068
0.02068
0.02068
0.02048
0.02009
0.01989
0.01911
0.0197
0.01911
0.01892
0.01892
0.01853
0.01853
0.01794
0.01814
0.01696
0.01677
0.01677
0.01618
0.01638
0.0154
0.0156
0.0154
0.0156
0.01521
0.01521
0.01521
0.01482
0.01482
0.01462
0.01443
0.01462
0.01404
0.01364
0.01404
0.01423
0.01364
0.01306
0.01345
0.01306
0.01306
0.01247
0.01247
0.01228
0.01208
0.01189
0.01169
0.0115
0.01111
0.0115
0.01111
0.01111
0.01052
0.01032
0.01032
0.01013
0.01013
0.00935
0.00935
0.00915
0.00954
0.00915
0.00896
0.00896
0.00857
0.00896
0.00837
0.00837
0.00857
0.00818
0.00818
0.00818
0.00779
0.00759
0.00759
0.00779
0.00759
0.0072
0.0072
0.007
0.0072
0.007
0.00661
0.007
0.0072
0.00681
0.00681
0.00661
0.00661
0.00622
0.00642
0.00583
0.00661
0.00583
0.00583
0.00583
0.00603
0.00583
0.00583
0.00583
0.00564
0.00564
0.00583
0.00525
0.00564
0.00544
0.00505
0.00505
0.00525
0.00564
0.00486
0.00466
0.00486
0.00486
0.00446
0.00427
0.00407
0.00407
0.00368
0.00368
0.00368
0.00368
0.00329
0.0029
0.00329
0.0029
0.0029
0.00271
0.0029
0.0029
0.00271
0.00271
0.00251
0.0031
0.00271
0.00251
0.00251
0.00232
0.00212
0.00212
0.00212
0.00232
0.00193
0.00173
0.00212
0.00212
0.00232
0.00173
0.00212
0.00212
0.00193
0.00251
0.00193
0.00251
0.00232
0.00232
0.00212
0.00193
0.00232
0.00193
0.00193
0.00173
0.00173
0.00193
0.00114
0.00173
0.00173
0.00134
0.00134
0.00134
0.00114
0.00134
0.00154
0.00134
0.00134
0.00154
0.00095
0.00114
0.00075
0.00114
0.00134
0.00134
0.00095
0.00095
0.00095
0.00075
0.00075
0.00056
0.00036
0.00036
0.00036
0.00017
-3e-05
-3e-05
0.00017
-0.00022
-0.00061
-0.00022
-0.00042
0.00017
-0.00061
-0.00042
-0.00042
-0.00022
-3e-05
-0.00022
0.00017
-0.00042
-0.00061
-0.00061
-0.00061
-0.00042
-0.00081
0.00017
-0.00042
-0.00022
-0.00042
-0.00022
-0.00042
-0.00081
-0.00081
-0.00022
-0.00081
-0.00081
-0.00042
-0.00061
-0.00022
-0.00081
-0.00081
-0.00042
-0.00061
-0.00022
-3e-05
-3e-05
-0.00042
-0.00042
0.00036
-0.00042
-0.00042
-0.00061
-0.00022
-0.00042
-0.00081
-0.00022
-0.001
-0.001
-0.00139
-0.00081
-0.001
-0.0012
-0.0012
-0.001
-0.00081
-0.001
-0.00139
-0.0012
-0.0012
-0.001
-0.00139
-0.0012
-0.00139
-0.001
-0.00139
-0.001
-0.00139
-0.001
-0.00159
-0.00139
-0.001
-0.001
-0.0012
-0.0012
-0.0012
-0.00159
-0.00159
-0.0012
-0.0012
-0.00139
-0.00159
-0.00139
-0.001
-0.00139
-0.00179
-0.00139
-0.00179
-0.00159
-0.00198
-0.00198
-0.00198
-0.00179
-0.00139
-0.00159
-0.00159
-0.00139
-0.00179
-0.00218
-0.00198
-0.00218
-0.00198
-0.00198
-0.00198
-0.00257
-0.00218
-0.00276
-0.00237
-0.00257
-0.00179
-0.00237
-0.00218
-0.00237
-0.00218
-0.00198
-0.00159
-0.00159
-0.0012
-0.00159
-0.00139
-0.00139
-0.00139
-0.0012
-0.00081
-0.0012
-0.0012
-0.00159
-0.00159
-0.00139
-0.00179
-0.0012
-0.00139
-0.00139
-0.00159
-0.00139
-0.00159
-0.00159
-0.00159
-0.00179
-0.00179
-0.00179
-0.00179
-0.0012
-0.00179
-0.00198
-0.00198
-0.00218
-0.00179
-0.00237
-0.00276
-0.00257
-0.00257
-0.00218
-0.00237
-0.00237
-0.00237
-0.00257
-0.00257
-0.00218
-0.00257
-0.00218
-0.00276
-0.00237
-0.00179
-0.00218
-0.00218
-0.00218
-0.00198
-0.00198
-0.00237
-0.00198
-0.00198
-0.00198
-0.00179
-0.00159
-0.00139
-0.00198
-0.00198
-0.00198
-0.00237
-0.00179
-0.00198
-0.00179
-0.00237
-0.00237
-0.00198
-0.00179
-0.00198
-0.00237
-0.00159
-0.00198
-0.00198
-0.00179
-0.00159
-0.00198
-0.00159
-0.00237
-0.00159
-0.00179
-0.00179
-0.00179
-0.00198
-0.00198
-0.00198
-0.00237
-0.00198
-0.00179
-0.00179
-0.00159
-0.00218
-0.00237
-0.00198
-0.00237
-0.00237
-0.00257
-0.00257
-0.00237
-0.00218
-0.00237
-0.00198
-0.00237
-0.00218
-0.00237
-0.00257
-0.00218
-0.00198
-0.00218
-0.00237
-0.00198
-0.00257
-0.00237
-0.00218
-0.00257
-0.00257
-0.00218
-0.00218
-0.00198
-0.00218
-0.00237
-0.00218
-0.00237
-0.00237
-0.00257
-0.00179
-0.00237
-0.00218
-0.00198
-0.00198
-0.00179
-0.00237
-0.00257
-0.00237
-0.00237
-0.00237
-0.00296
-0.00296
-0.00296
-0.00296
-0.00276
-0.00276
-0.00296
-0.00257
-0.00276
-0.00296
-0.00296
-0.00257
-0.00237
-0.00198
-0.00257
-0.00218
-0.00218
-0.00179
-0.00198
-0.00179
-0.00198
-0.00198
-0.00179
-0.00198
-0.00179
-0.00218
-0.00218
-0.00237
-0.00257
-0.00237
-0.00218
-0.00218
-0.00218
-0.00218
-0.00237
-0.00257
-0.00237
-0.00218
-0.00257
-0.00218
-0.00276
-0.00218
-0.00237
-0.00218
-0.00218
-0.00237
-0.00237
-0.00237
-0.00218
-0.00218
-0.00237
-0.00276
-0.00276
-0.00276
-0.00257
-0.00276
-0.00276
-0.00276
-0.00237
-0.00296
-0.00296
-0.00315
-0.00296
-0.00315
-0.00296
-0.00296
-0.00237
-0.00296
-0.00257
-0.00296
-0.00218
-0.00296
-0.00296
-0.00257
-0.00276
-0.00257
-0.00276
-0.00257
-0.00237
-0.00257
-0.00198
-0.00218
-0.00257
-0.00218
-0.00198
-0.00218
-0.00257
-0.00218
-0.00237
-0.00159
-0.00179
-0.00218
-0.00198
-0.00179
-0.00218
-0.00218
-0.00218
-0.00218
-0.00198
-0.00237
-0.00276
-0.00198
-0.00237
-0.00257
-0.00276
-0.00237
-0.00296
-0.00296
-0.00276
-0.00198
-0.00198
-0.00218
-0.00198
-0.00198
-0.00218
-0.00179
-0.00218
-0.00179
-0.00218
-0.00198
-0.00179
-0.00179
-0.00218
-0.00218
-0.00179
-0.00237
-0.00198
-0.00218
-0.00198
-0.00237
-0.00198
-0.00237
-0.00218
-0.00218
-0.00218
-0.00276
-0.00237
-0.00296
-0.00257
-0.00276
-0.00257
-0.00257
-0.00296
-0.00296
-0.00276
-0.00315
-0.00257
-0.00315
-0.00296
-0.00315
-0.00296
-0.00315
-0.00354
-0.00315
-0.00335
-0.00335
-0.00354
-0.00354
-0.00335
-0.00315
-0.00296
-0.00335
-0.00315
-0.00354
-0.00374
-0.00393
-0.00296
-0.00315
-0.00296
-0.00296
-0.00276
-0.00296
-0.00296
-0.00276
-0.00257
-0.00237
-0.00218
-0.00237
-0.00237
-0.00276
-0.00296
-0.00296
-0.00315
-0.00237
-0.00237
-0.00315
-0.00257
-0.00296
-0.00276
-0.00276
-0.00296
-0.00257
-0.00257
-0.00335
-0.00276
-0.00296
-0.00335
-0.00335
-0.00315
-0.00335
-0.00296
-0.00257
-0.00296
-0.00335
-0.00296
-0.00354
-0.00315
-0.00296
-0.00296
-0.00276
-0.00296
-0.00335
-0.00315
-0.00335
-0.00276
-0.00315
-0.00315
-0.00315
-0.00335
-0.00296
-0.00276
-0.00257
-0.00296
-0.00315
-0.00276
-0.00276
-0.00257
-0.00257
-0.00237
-0.00276
-0.00296
-0.00257
-0.00296
-0.00276
-0.00296
-0.00315
-0.00335
-0.00315
-0.00315
-0.00335
-0.00335
-0.00315
-0.00296
-0.00315
-0.00315
-0.00296
-0.00315
-0.00354
-0.00315
-0.00315
-0.00335
-0.00237
-0.00276
-0.00296
-0.00276
-0.00276
-0.00257
-0.00276
-0.00237
-0.00237
-0.00276
-0.00276
-0.00296
-0.00296
-0.00276
-0.00315
-0.00296
-0.00257
-0.00276
-0.00296
-0.00296
-0.00276
-0.00257
-0.00257
-0.00257
-0.00257
-0.00276
-0.00296
-0.00276
-0.00276
-0.00296
-0.00296
-0.00296
-0.00315
-0.00276
-0.00237
-0.00257
-0.00276
-0.00276
-0.00276
-0.00257
-0.00315
-0.00237
-0.00276
-0.00257
-0.00257
-0.00296
-0.00257
-0.00296
-0.00315
-0.00296
-0.00335
-0.00257
-0.00315
-0.00296
-0.00315
-0.00296
-0.00315
-0.00296
-0.00354
-0.00354
-0.00296
-0.00315
-0.00354
-0.00335
-0.00335
-0.00354
-0.00354
-0.00335
-0.00335
-0.00315
-0.00315
-0.00296
-0.00276
-0.00257
-0.00296
-0.00257
-0.00296
-0.00276
-0.00296
-0.00257
-0.00237
-0.00237
-0.00237
-0.00257
-0.00237
