-8.620002432000E-01

-0.00315
-0.00315
-0.00335
-0.00315
-0.00335
-0.00296
-0.00257
-0.00257
-0.00296
-0.00296
-0.00276
-0.00335
-0.00296
-0.00257
-0.00276
-0.00257
-0.00237
-0.00257
-0.00237
-0.00179
-0.00257
-0.00257
-0.00257
-0.00237
-0.00237
-0.00237
-0.00198
-0.00198
-0.00257
-0.00218
-0.00218
-0.00198
-0.00237
-0.00257
-0.00257
-0.00237
-0.00237
-0.00218
-0.00218
-0.00198
-0.00257
-0.00257
-0.00257
-0.00218
-0.00257
-0.00218
-0.00218
-0.00237
-0.00218
-0.00257
-0.00276
-0.00237
-0.00257
-0.00257
-0.00257
-0.00237
-0.00257
-0.00218
-0.00276
-0.00237
-0.00257
-0.00257
-0.00257
-0.00257
-0.00218
-0.00257
-0.00237
-0.00237
-0.00257
-0.00257
-0.00257
-0.00198
-0.00218
-0.00218
-0.00257
-0.00218
-0.00257
-0.00237
-0.00237
-0.00296
-0.00296
-0.00296
-0.00276
-0.00257
-0.00276
-0.00237
-0.00257
-0.00335
-0.00276
-0.00257
-0.00276
-0.00296
-0.00315
-0.00296
-0.00315
-0.00296
-0.00257
-0.00315
-0.00276
-0.00237
-0.00296
-0.00315
-0.00296
-0.00335
-0.00315
-0.00296
-0.00296
-0.00315
-0.00315
-0.00276
-0.00257
-0.00237
-0.00296
-0.00296
-0.00276
-0.00237
-0.00257
-0.00218
-0.00198
-0.00237
-0.00218
-0.00218
-0.00257
-0.00257
-0.00237
-0.00257
-0.00315
-0.00315
-0.00315
-0.00276
-0.00257
-0.00257
-0.00276
-0.00237
-0.00257
-0.00257
-0.00276
-0.00257
-0.00257
-0.00237
-0.00315
-0.00296
-0.00237
-0.00296
-0.00276
-0.00257
-0.00296
-0.00257
-0.00315
-0.00296
-0.00296
-0.00276
-0.00276
-0.00237
-0.00237
-0.00276
-0.00315
-0.00257
-0.00276
-0.00315
-0.00315
-0.00296
-0.00257
-0.00257
-0.00257
-0.00257
-0.00218
-0.00218
-0.00218
-0.00179
-0.00218
-0.00218
-0.00237
-0.00218
-0.00218
-0.00237
-0.00198
-0.00218
-0.00198
-0.00237
-0.00237
-0.00218
-0.00198
-0.00179
-0.00218
-0.00218
-0.00218
-0.00198
-0.00198
-0.00218
-0.00198
-0.00237
-0.00179
-0.00198
-0.00179
-0.00198
-0.00237
-0.00198
-0.00198
-0.00179
-0.00198
-0.00218
-0.00276
-0.00276
-0.00315
-0.00296
-0.00296
-0.00296
-0.00296
-0.00296
-0.00276
-0.00315
-0.00354
-0.00354
-0.00315
-0.00296
-0.00276
-0.00198
-0.00159
-0.00081
0.00017
0.00154
0.00329
0.00446
0.00505
0.00642
0.0072
0.00876
0.00993
0.01208
0.01462
0.01755
0.02087
0.02497
0.02849
0.0322
0.03571
0.03923
0.04216
0.04548
0.04841
0.05095
0.05349
0.05544
0.05798
0.05915
0.06071
0.06208
0.06325
0.06443
0.06501
0.06638
0.06638
0.06794
0.06794
0.06833
0.06833
0.06853
0.06931
0.06892
0.06872
0.06794
0.06814
0.06892
0.06833
0.06814
0.06775
0.06794
0.06696
0.06696
0.06579
0.06521
0.06501
0.06443
0.06364
0.06384
0.06345
0.06267
0.06208
0.0615
0.06071
0.06032
0.05974
0.05876
0.05779
0.05739
0.05681
0.05583
0.05505
0.05427
0.05349
0.0531
0.05193
0.05193
0.05095
0.05036
0.04978
0.04919
0.04861
0.04763
0.04665
0.04646
0.04607
0.04529
0.04431
0.04392
0.04275
0.04255
0.04196
0.04118
0.0404
0.04021
0.03982
0.03943
0.03884
0.03806
0.03747
0.03728
0.03747
0.0365
0.03591
0.03552
0.03532
0.03532
0.03474
0.03435
0.03376
0.03337
0.03279
0.03298
0.03239
0.03181
0.03142
0.03103
0.03103
0.03064
0.03044
0.02966
0.02907
0.02849
0.02868
0.0281
0.02771
0.02751
0.02732
0.02693
0.02634
0.02575
0.02517
0.02536
0.02536
0.02478
0.02458
0.02419
0.0238
0.02341
0.02321
0.02282
0.02204
0.02185
0.02204
0.02185
0.02146
0.02146
0.02107
0.02068
0.02029
0.0197
0.01989
0.02009
0.0195
0.01911
0.01853
0.01833
0.01814
0.01833
0.01775
0.01833
0.01814
0.01794
0.01755
0.01755
0.01677
0.01677
0.01657
0.01618
0.01638
0.01579
0.01599
0.0154
0.0154
0.01482
0.01462
0.01462
0.01423
0.01404
0.01364
0.01364
0.01345
0.01345
0.01267
0.01247
0.01267
0.01247
0.01208
0.01247
0.01228
0.01208
0.01169
0.0115
0.0113
0.01189
0.0115
0.01071
0.01032
0.01071
0.00993
0.01032
0.00974
0.00993
0.00974
0.00993
0.00915
0.00935
0.00935
0.00935
0.00915
0.00915
0.00896
0.00876
0.00896
0.00857
0.00915
0.00837
0.00876
0.00837
0.00837
0.00818
0.00798
0.00779
0.00779
0.00798
0.00798
0.00739
0.00739
0.007
0.0072
0.00681
0.00603
0.00603
0.00603
0.00564
0.00564
0.00583
0.00564
0.00525
0.00525
0.00525
0.00505
0.00544
0.00525
0.00486
0.00446
0.00446
0.00446
0.00446
0.00446
0.00446
0.00388
0.00407
0.00388
0.00368
0.00329
0.00388
0.00349
0.00349
0.00329
0.00349
0.00329
0.00368
0.00329
0.00329
0.00329
0.00349
0.0031
0.0031
0.0031
0.0031
0.0031
0.0029
0.00271
0.00251
0.0029
0.00271
0.0029
0.00271
0.00271
0.00271
0.00271
0.00251
0.00271
0.00271
0.00251
0.00212
0.00251
0.0029
0.00212
0.00232
0.00232
0.00232
0.00173
0.00173
0.00154
0.00173
0.00212
0.00212
0.00193
0.00232
0.00193
0.00173
0.00193
0.00193
0.00114
0.00114
0.00114
0.00134
0.00134
0.00075
0.00114
0.00134
0.00154
0.00114
0.00075
0.00056
0.00075
0.00075
0.00095
0.00056
0.00036
0.00056
0.00075
0.00095
0.00075
0.00114
0.00075
0.00056
0.00134
0.00095
0.00056
0.00056
0.00017
-0.00022
-3e-05
0.00075
0.00056
0.00056
0.00036
0.00036
0.00017
0.00017
0.00017
-3e-05
0.00056
0.00056
0.00017
0.00017
-3e-05
-0.00022
0.00017
-0.00022
-0.00022
-0.00042
-0.00042
-0.00042
-0.00061
-0.00022
-0.00061
-0.00022
-3e-05
-0.00022
-0.00042
-0.00022
-0.00042
-0.00061
-0.00022
-0.00022
-0.00042
-0.00042
-0.00042
-0.00042
-0.00081
-3e-05
-0.00061
-0.00022
-0.00022
-0.00042
-0.00061
-0.00061
-0.00042
-0.001
-0.001
-0.00061
-0.001
-0.001
-0.00061
-0.00061
-0.001
-0.00139
-0.00179
-0.00139
-0.00139
-0.00139
-0.00159
-0.00139
-0.00139
-0.00159
-0.00179
-0.00139
-0.00179
-0.00139
-0.00139
-0.00159
-0.0012
-0.00139
-0.00159
-0.00159
-0.00179
-0.00139
-0.00159
-0.00179
-0.0012
-0.00139
-0.00179
-0.00198
-0.00218
-0.00198
-0.00159
-0.00159
-0.00159
-0.00179
-0.00159
-0.00139
-0.00139
-0.00159
-0.00179
-0.00198
-0.00218
-0.00159
-0.00159
-0.001
-0.00179
-0.00198
-0.00198
-0.00179
-0.00198
-0.00139
-0.00179
-0.00237
-0.00198
-0.00179
-0.00179
-0.00179
-0.00198
-0.00179
-0.00198
-0.00218
-0.00198
-0.00198
-0.00198
-0.00159
-0.00139
-0.00139
-0.00159
-0.00159
-0.00139
-0.00198
-0.00198
-0.00218
-0.00218
-0.00198
-0.00159
-0.0012
-0.00179
-0.00139
-0.00159
-0.00159
-0.00198
-0.00179
-0.00198
-0.00159
-0.00159
-0.00179
-0.00159
-0.00198
-0.00179
-0.00159
-0.00198
-0.00159
-0.00179
-0.00159
-0.00218
-0.00218
-0.00218
-0.00179
-0.00218
-0.00179
-0.00218
-0.00218
-0.00276
-0.00257
-0.00237
-0.00257
-0.00237
-0.00257
-0.00218
-0.00237
-0.00218
-0.00237
-0.00257
-0.00237
-0.00257
-0.00315
-0.00218
-0.00237
-0.00198
-0.00257
-0.00276
-0.00276
-0.00276
-0.00276
-0.00315
-0.00296
-0.00276
-0.00276
-0.00276
-0.00276
-0.00296
-0.00237
-0.00237
-0.00218
-0.00257
-0.00198
-0.00237
-0.00218
-0.00237
-0.00198
-0.00218
-0.00218
-0.00218
-0.00179
-0.00198
-0.00218
-0.00198
-0.00237
-0.00257
-0.00218
-0.00237
-0.00198
-0.00218
-0.00276
-0.00276
-0.00257
-0.00276
-0.00257
-0.00276
-0.00237
-0.00296
-0.00276
-0.00257
-0.00257
-0.00237
-0.00218
-0.00237
-0.00237
-0.00237
-0.00257
-0.00276
-0.00276
-0.00276
-0.00296
-0.00296
-0.00276
-0.00218
-0.00257
-0.00257
-0.00276
-0.00276
-0.00296
-0.00257
-0.00315
-0.00237
-0.00257
-0.00296
-0.00237
-0.00276
-0.00257
-0.00276
-0.00218
-0.00257
-0.00257
-0.00257
-0.00218
-0.00198
-0.00237
-0.00276
-0.00257
-0.00296
-0.00257
-0.00237
-0.00257
-0.00257
-0.00315
-0.00315
-0.00296
-0.00315
-0.00257
-0.00276
-0.00218
-0.00237
-0.00237
-0.00237
-0.00237
-0.00257
-0.00218
-0.00296
-0.00257
-0.00276
-0.00296
-0.00296
-0.00276
-0.00257
-0.00257
-0.00296
-0.00276
-0.00237
-0.00296
-0.00276
-0.00296
-0.00257
-0.00315
-0.00276
-0.00296
-0.00296
-0.00237
-0.00296
-0.00237
-0.00198
-0.00257
-0.00296
-0.00237
-0.00257
-0.00257
-0.00296
-0.00257
-0.00198
-0.00257
-0.00276
-0.00296
-0.00296
-0.00257
-0.00296
-0.00335
-0.00315
-0.00296
-0.00315
-0.00296
-0.00296
-0.00296
-0.00296
-0.00276
-0.00276
-0.00296
-0.00296
-0.00296
-0.00296
-0.00315
-0.00335
-0.00296
-0.00276
-0.00296
-0.00335
-0.00335
-0.00296
-0.00315
-0.00315
-0.00315
-0.00296
-0.00237
-0.00237
-0.00296
-0.00296
-0.00276
-0.00296
-0.00276
-0.00237
-0.00276
-0.00257
-0.00198
-0.00218
-0.00218
-0.00198
-0.00198
-0.00257
-0.00218
-0.00159
-0.00198
-0.00237
-0.00218
-0.00218
-0.00237
-0.00198
-0.00218
-0.00198
-0.00179
-0.00237
-0.00218
-0.00257
-0.00237
-0.00237
-0.00218
-0.00237
-0.00218
-0.00257
-0.00218
-0.00257
-0.00257
-0.00257
-0.00276
-0.00276
-0.00276
-0.00296
-0.00296
-0.00315
-0.00315
-0.00335
-0.00276
-0.00315
-0.00276
-0.00257
-0.00276
-0.00315
-0.00354
-0.00296
-0.00276
-0.00257
-0.00257
-0.00296
-0.00296
-0.00296
-0.00296
-0.00315
-0.00257
-0.00257
-0.00257
-0.00276
-0.00257
-0.00276
-0.00257
-0.00276
-0.00257
-0.00276
-0.00257
-0.00257
-0.00276
-0.00296
-0.00257
-0.00237
-0.00218
-0.00276
-0.00296
-0.00315
-0.00296
-0.00315
-0.00296
-0.00315
-0.00276
-0.00296
-0.00296
-0.00296
-0.00335
-0.00296
-0.00276
-0.00296
-0.00237
-0.00257
-0.00257
-0.00335
-0.00296
-0.00315
-0.00335
-0.00335
-0.00257
-0.00218
-0.00296
-0.00257
-0.00296
-0.00335
-0.00335
-0.00315
-0.00296
-0.00276
-0.00315
-0.00315
-0.00315
-0.00276
-0.00257
-0.00237
-0.00257
-0.00237
-0.00257
-0.00218
-0.00276
-0.00276
-0.00315
-0.00276
-0.00257
-0.00257
-0.00237
-0.00218
-0.00218
-0.00218
-0.00276
-0.00276
-0.00276
-0.00276
-0.00218
-0.00257
-0.00276
-0.00296
-0.00237
-0.00276
-0.00257
-0.00315
-0.00237
-0.00276
-0.00315
-0.00315
-0.00257
-0.00237
-0.00257
-0.00276
-0.00257
-0.00218
-0.00237
-0.00218
-0.00276
-0.00237
-0.00276
-0.00276
-0.00315
-0.00296
-0.00296
-0.00296
-0.00257
-0.00276
-0.00257
-0.00257
-0.00257
-0.00257
-0.00257
-0.00296
-0.00237
-0.00237
-0.00218
-0.00257
-0.00218
-0.00218
-0.00218
-0.00257
-0.00237
-0.00257
-0.00237
-0.00257
-0.00257
-0.00257
-0.00237
-0.00276
-0.00218
-0.00198
-0.00237
-0.00237
-0.00257
-0.00276
-0.00237
-0.00257
-0.00296
-0.00296
-0.00354
-0.00315
-0.00257
-0.00257
-0.00276
-0.00315
-0.00315
-0.00315
-0.00276
-0.00335
-0.00315
-0.00315
-0.00257
-0.00315
-0.00315
-0.00335
-0.00354
-0.00393
-0.00335
-0.00315
-0.00335
-0.00374
-0.00335
-0.00335
-0.00335
-0.00296
-0.00276
-0.00296
-0.00296
-0.00296
-0.00257
-0.00276
-0.00315
-0.00296
-0.00276
-0.00257
-0.00296
-0.00335
-0.00296
-0.00296
-0.00237
-0.00296
-0.00276
-0.00296
-0.00296
-0.00296
-0.00335
-0.00276
-0.00276
-0.00296
-0.00276
-0.00257
-0.00257
-0.00315
-0.00315
-0.00296
-0.00335
-0.00335
-0.00296
-0.00257
-0.00296
-0.00315
-0.00296
-0.00276
-0.00296
-0.00296
-0.00296
-0.00257
-0.00315
-0.00257
-0.00276
-0.00257
-0.00276
-0.00276
-0.00237
-0.00296
-0.00257
-0.00315
-0.00296
-0.00276
-0.00257
-0.00257
-0.00257
-0.00257
-0.00276
-0.00276
-0.00276
-0.00257
-0.00296
-0.00276
-0.00296
-0.00276
-0.00237
-0.00237
-0.00257
-0.00296
-0.00315
-0.00296
-0.00315
-0.00296
-0.00296
-0.00315
-0.00296
-0.00296
-0.00296
-0.00335
-0.00315
-0.00315
-0.00315
-0.00335
-0.00296
-0.00335
-0.00335
