-4.640001312000E-01

-0.00354
-0.00354
-0.00296
-0.00296
-0.00315
-0.00296
-0.00296
-0.00276
-0.00315
-0.00315
-0.00354
-0.00354
-0.00393
-0.00413
-0.00432
-0.00374
-0.00393
-0.00413
-0.00413
-0.00413
-0.00413
-0.00413
-0.00374
-0.00413
-0.00432
-0.00393
-0.00413
-0.00374
-0.00354
-0.00335
-0.00354
-0.00354
-0.00335
-0.00374
-0.00335
-0.00335
-0.00374
-0.00315
-0.00374
-0.00335
-0.00354
-0.00354
-0.00354
-0.00354
-0.00335
-0.00374
-0.00335
-0.00354
-0.00315
-0.00374
-0.00296
-0.00315
-0.00335
-0.00315
-0.00335
-0.00315
-0.00296
-0.00276
-0.00257
-0.00276
-0.00296
-0.00257
-0.00335
-0.00276
-0.00237
-0.00257
-0.00276
-0.00276
-0.00276
-0.00237
-0.00218
-0.00257
-0.00237
-0.00296
-0.00257
-0.00257
-0.00237
-0.00257
-0.00198
-0.00237
-0.00237
-0.00257
-0.00237
-0.00257
-0.00237
-0.00218
-0.00257
-0.00198
-0.00237
-0.00198
-0.00237
-0.00237
-0.00218
-0.00296
-0.00276
-0.00257
-0.00276
-0.00218
-0.00257
-0.00237
-0.00276
-0.00218
-0.00257
-0.00276
-0.00237
-0.00257
-0.00218
-0.00198
-0.00159
-0.00139
-0.00179
-0.00159
-0.00198
-0.00139
-0.00159
-0.00139
-0.00198
-0.00179
-0.00198
-0.00198
-0.00179
-0.00218
-0.00218
-0.00237
-0.00179
-0.00218
-0.00198
-0.00218
-0.00159
-0.00237
-0.00198
-0.00218
-0.00179
-0.00159
-0.00159
-0.00179
-0.00218
-0.00257
-0.00237
-0.00237
-0.00218
-0.00218
-0.00276
-0.00296
-0.00296
-0.00257
-0.00315
-0.00276
-0.00335
-0.00257
-0.00315
-0.00315
-0.00276
-0.00296
-0.00315
-0.00276
-0.00276
-0.00276
-0.00315
-0.00296
-0.00315
-0.00276
-0.00296
-0.00257
-0.00335
-0.00335
-0.00335
-0.00393
-0.00335
-0.00335
-0.00296
-0.00296
-0.00315
-0.00315
-0.00315
-0.00315
-0.00354
-0.00315
-0.00296
-0.00335
-0.00354
-0.00296
-0.00335
-0.00315
-0.00315
-0.00335
-0.00315
-0.00276
-0.00296
-0.00276
-0.00315
-0.00257
-0.00276
-0.00276
-0.00276
-0.00276
-0.00296
-0.00257
-0.00296
-0.00296
-0.00257
-0.00276
-0.00257
-0.00315
-0.00335
-0.00335
-0.00315
-0.00296
-0.00276
-0.00315
-0.00296
-0.00257
-0.00257
-0.00198
-0.00139
-0.00022
0.00075
0.00193
0.00349
0.00486
0.00622
0.00818
0.01091
0.01247
0.01501
0.01716
0.01892
0.02087
0.02361
0.02673
0.02986
0.03357
0.03728
0.04196
0.04607
0.04997
0.05407
0.05779
0.06169
0.06521
0.06775
0.07048
0.07341
0.07497
0.07614
0.0781
0.08025
0.08142
0.08279
0.08357
0.08454
0.08552
0.08552
0.0863
0.08669
0.08708
0.08708
0.08728
0.08728
0.08728
0.08689
0.0865
0.0863
0.0863
0.08571
0.08493
0.08435
0.08376
0.08298
0.08239
0.08181
0.08122
0.08005
0.07966
0.07907
0.07849
0.07771
0.07693
0.07595
0.07458
0.07458
0.07361
0.07282
0.07224
0.07126
0.07029
0.07029
0.0695
0.06872
0.06794
0.06677
0.06618
0.06501
0.06404
0.06325
0.06325
0.06228
0.06169
0.06052
0.05974
0.05876
0.05798
0.05739
0.05603
0.05544
0.05446
0.05407
0.05329
0.0529
0.05173
0.05095
0.05036
0.04939
0.04919
0.0488
0.04802
0.04724
0.04704
0.04607
0.04568
0.04529
0.0447
0.04392
0.04294
0.04236
0.04255
0.04177
0.04099
0.04021
0.03962
0.03923
0.03864
0.03806
0.03806
0.03728
0.03728
0.03669
0.0363
0.03591
0.03532
0.03493
0.03474
0.03454
0.03396
0.03337
0.03279
0.03298
0.0322
0.0322
0.03122
0.03122
0.03064
0.03025
0.02986
0.02946
0.02868
0.02849
0.0281
0.0279
0.02732
0.02732
0.02693
0.02614
0.02614
0.02556
0.02575
0.02556
0.02517
0.02517
0.02458
0.0238
0.02361
0.02361
0.02302
0.02263
0.02204
0.02185
0.02087
0.02068
0.02087
0.02009
0.02009
0.02009
0.0197
0.02009
0.0197
0.01931
0.01892
0.01853
0.01853
0.01794
0.01794
0.01755
0.01775
0.01775
0.01696
0.01638
0.01579
0.01599
0.01579
0.01579
0.01482
0.01482
0.01462
0.01462
0.01462
0.01384
0.01384
0.01345
0.01325
0.01286
0.01306
0.01267
0.01228
0.01247
0.01267
0.01247
0.01228
0.01189
0.01208
0.01228
0.01228
0.01208
0.01169
0.0115
0.0113
0.0113
0.01111
0.0113
0.01091
0.01071
0.01032
0.01013
0.01013
0.01013
0.00993
0.00935
0.00954
0.00974
0.00935
0.00935
0.00915
0.00954
0.00935
0.00915
0.00896
0.00915
0.00876
0.00896
0.00837
0.00857
0.00837
0.00759
0.00818
0.0072
0.00818
0.00798
0.00739
0.0072
0.00681
0.00681
0.00642
0.00642
0.00603
0.00622
0.00622
0.00603
0.00544
0.00603
0.00564
0.00603
0.00544
0.00583
0.00564
0.00564
0.00564
0.00544
0.00544
0.00544
0.00583
0.00525
0.00525
0.00525
0.00505
0.00505
0.00505
0.00446
0.00505
0.00446
0.00407
0.00407
0.00427
0.00427
0.00427
0.00446
0.00388
0.00427
0.00388
0.00368
0.00349
0.0031
0.00388
0.00349
0.00349
0.00271
0.0031
0.0029
0.0031
0.00232
0.00232
0.0029
0.00251
0.00251
0.00251
0.00232
0.00212
0.00232
0.00212
0.00232
0.00251
0.00212
0.00193
0.00251
0.00251
0.00232
0.00173
0.00212
0.00212
0.00173
0.00193
0.00173
0.00154
0.00134
0.00154
0.00114
0.00134
0.00134
0.00114
0.00134
0.00134
0.00134
0.00095
0.00075
0.00114
0.00075
0.00056
0.00075
0.00075
0.00056
0.00114
0.00056
0.00075
0.00095
0.00036
0.00075
0.00017
0.00036
0.00036
-3e-05
-0.00022
-0.00042
-0.00022
-0.00022
-0.00061
-0.00042
-3e-05
-0.00022
-0.00061
-0.00042
-0.00061
-0.001
-0.001
-0.001
-0.001
-0.00042
-0.00022
-0.00061
-0.00061
-0.00042
-0.00061
-0.00042
-0.00042
-0.00042
-0.00042
-0.00022
-0.00042
-0.00022
-0.00081
-0.00042
-0.00042
-0.00042
-0.00042
-0.00061
-0.00042
-0.00042
-3e-05
-0.00042
-0.00042
-0.00042
-0.00042
-0.00022
-0.00042
-0.00022
-0.00061
-0.00061
-0.00061
-0.00081
-0.00042
-0.00081
-0.001
-0.00061
-0.00042
-0.00081
-0.00061
-0.001
-0.0012
-0.0012
-0.0012
-0.00139
-0.00139
-0.001
-0.00159
-0.00139
-0.00159
-0.0012
-0.0012
-0.0012
-0.0012
-0.0012
-0.00139
-0.00159
-0.0012
-0.001
-0.00139
-0.001
-0.00081
-0.001
-0.0012
-0.0012
-0.001
-0.001
-0.00081
-0.0012
-0.00139
-0.00179
-0.00179
-0.00179
-0.00139
-0.00159
-0.00159
-0.00159
-0.00139
-0.00139
-0.00159
-0.00159
-0.00179
-0.00179
-0.00198
-0.00139
-0.00159
-0.00159
-0.00198
-0.00218
-0.00179
-0.00159
-0.00179
-0.00179
-0.00218
-0.00257
-0.00198
-0.00198
-0.00198
-0.00237
-0.00237
-0.00237
-0.00218
-0.00198
-0.00218
-0.00257
-0.00237
-0.00237
-0.00218
-0.00257
-0.00237
-0.00237
-0.00237
-0.00218
-0.00218
-0.00218
-0.00257
-0.00179
-0.00198
-0.00218
-0.00218
-0.00198
-0.00257
-0.00276
-0.00315
-0.00257
-0.00257
-0.00257
-0.00237
-0.00198
-0.00218
-0.00237
-0.00257
-0.00237
-0.00237
-0.00237
-0.00257
-0.00257
-0.00315
-0.00315
-0.00296
-0.00296
-0.00296
-0.00296
-0.00257
-0.00276
-0.00257
-0.00315
-0.00296
-0.00296
-0.00257
-0.00276
-0.00276
-0.00335
-0.00276
-0.00276
-0.00276
-0.00257
-0.00276
-0.00257
-0.00257
-0.00296
-0.00276
-0.00276
-0.00276
-0.00296
-0.00237
-0.00276
-0.00237
-0.00237
-0.00198
-0.00218
-0.00257
-0.00257
-0.00257
-0.00257
-0.00257
-0.00198
-0.00198
-0.00218
-0.00198
-0.00198
-0.00159
-0.00218
-0.00159
-0.00179
-0.00237
-0.00237
-0.00257
-0.00276
-0.00257
-0.00218
-0.00257
-0.00218
-0.00276
-0.00257
-0.00218
-0.00257
-0.00257
-0.00237
-0.00218
-0.00276
-0.00296
-0.00335
-0.00296
-0.00315
-0.00296
-0.00315
-0.00257
-0.00354
-0.00276
-0.00354
-0.00335
-0.00315
-0.00296
-0.00335
-0.00257
-0.00315
-0.00296
-0.00315
-0.00276
-0.00257
-0.00237
-0.00257
-0.00257
-0.00218
-0.00218
-0.00237
-0.00276
-0.00276
-0.00276
-0.00218
-0.00218
-0.00218
-0.00257
-0.00276
-0.00237
-0.00296
-0.00257
-0.00276
-0.00296
-0.00237
-0.00218
-0.00237
-0.00296
-0.00276
-0.00257
-0.00276
-0.00218
-0.00257
-0.00276
-0.00257
-0.00257
-0.00179
-0.00237
-0.00257
-0.00198
-0.00198
-0.00198
-0.00257
-0.00237
-0.00218
-0.00237
-0.00276
-0.00218
-0.00257
-0.00257
-0.00237
-0.00315
-0.00276
-0.00276
-0.00257
-0.00296
-0.00315
-0.00257
-0.00276
-0.00296
-0.00296
-0.00276
-0.00296
-0.00276
-0.00296
-0.00276
-0.00276
-0.00257
-0.00276
-0.00257
-0.00296
-0.00276
-0.00276
-0.00276
-0.00296
-0.00257
-0.00257
-0.00218
-0.00296
-0.00218
-0.00296
-0.00276
-0.00296
-0.00315
-0.00276
-0.00257
-0.00296
-0.00315
-0.00315
-0.00257
-0.00315
-0.00335
-0.00315
-0.00354
-0.00335
-0.00315
-0.00315
-0.00315
-0.00315
-0.00374
-0.00374
-0.00374
-0.00374
-0.00315
-0.00296
-0.00315
-0.00315
-0.00335
-0.00315
-0.00354
-0.00276
-0.00276
-0.00276
-0.00296
-0.00296
-0.00276
-0.00276
-0.00315
-0.00296
-0.00315
-0.00315
-0.00257
-0.00315
-0.00315
-0.00296
-0.00296
-0.00276
-0.00276
-0.00276
-0.00257
-0.00315
-0.00276
-0.00335
-0.00237
-0.00335
-0.00315
-0.00335
-0.00276
-0.00296
-0.00257
-0.00257
-0.00237
-0.00237
-0.00276
-0.00296
-0.00335
-0.00335
-0.00276
-0.00257
-0.00354
-0.00354
-0.00296
-0.00315
-0.00296
-0.00335
-0.00315
-0.00354
-0.00335
-0.00335
-0.00296
-0.00335
-0.00335
-0.00354
-0.00335
-0.00276
-0.00296
-0.00296
-0.00257
-0.00296
-0.00237
-0.00237
-0.00276
-0.00257
-0.00276
-0.00315
-0.00257
-0.00296
-0.00296
-0.00315
-0.00315
-0.00257
-0.00257
-0.00218
-0.00257
-0.00257
-0.00276
-0.00276
-0.00257
-0.00257
-0.00257
-0.00257
-0.00257
-0.00237
-0.00257
-0.00296
-0.00276
-0.00276
-0.00257
-0.00257
-0.00237
-0.00257
-0.00296
-0.00315
-0.00296
-0.00237
-0.00296
-0.00315
-0.00276
-0.00276
-0.00315
-0.00276
-0.00296
-0.00276
-0.00315
-0.00315
-0.00276
-0.00237
-0.00257
-0.00237
-0.00257
-0.00237
-0.00257
-0.00257
-0.00218
-0.00218
-0.00198
-0.00237
-0.00257
-0.00276
-0.00257
-0.00296
-0.00296
-0.00218
-0.00257
-0.00257
-0.00335
-0.00257
-0.00296
-0.00276
-0.00296
-0.00296
-0.00296
-0.00335
-0.00335
-0.00335
-0.00335
-0.00296
-0.00335
-0.00276
-0.00296
-0.00354
-0.00354
-0.00315
-0.00354
-0.00335
-0.00315
-0.00315
-0.00296
-0.00315
-0.00354
-0.00335
-0.00354
-0.00315
-0.00354
-0.00315
-0.00335
-0.00315
-0.00335
-0.00296
-0.00335
-0.00276
-0.00296
-0.00276
-0.00315
-0.00315
-0.00335
-0.00296
-0.00276
-0.00276
-0.00257
-0.00237
-0.00257
-0.00257
-0.00257
-0.00276
-0.00315
-0.00335
-0.00257
-0.00335
-0.00315
-0.00315
-0.00354
-0.00315
-0.00296
-0.00315
-0.00354
-0.00315
-0.00335
-0.00354
-0.00374
-0.00335
-0.00315
-0.00315
-0.00315
-0.00354
-0.00335
-0.00374
-0.00374
-0.00335
-0.00354
-0.00374
-0.00335
-0.00374
-0.00374
-0.00354
-0.00354
-0.00354
-0.00296
-0.00315
-0.00315
-0.00354
-0.00354
-0.00315
-0.00296
-0.00335
-0.00315
-0.00296
-0.00335
-0.00315
-0.00315
-0.00335
-0.00354
-0.00296
-0.00315
-0.00296
-0.00276
-0.00276
-0.00257
-0.00315
-0.00276
-0.00276
-0.00276
-0.00296
-0.00296
-0.00296
-0.00276
-0.00296
-0.00276
-0.00237
-0.00257
-0.00296
-0.00296
-0.00315
-0.00218
-0.00296
-0.00276
-0.00296
-0.00315
-0.00315
-0.00335
-0.00335
-0.00335
-0.00335
-0.00315
-0.00237
-0.00335
-0.00257
-0.00276
-0.00276
-0.00276
-0.00276
-0.00237
-0.00276
-0.00218
-0.00237
-0.00218
-0.00237
-0.00179
-0.00237
-0.00218
-0.00179
-0.00218
-0.00218
-0.00198
-0.00218
-0.00257
-0.00257
-0.00218
-0.00198
-0.00237
-0.00257
-0.00296
-0.00257
-0.00237
-0.00276
-0.00296
-0.00354
-0.00315
-0.00354
-0.00296
-0.00315
-0.00296
-0.00354
-0.00354
-0.00374
-0.00335
-0.00354
-0.00315
-0.00315
-0.00335
