-1.630000457600E+00

-0.00296
-0.00257
-0.00296
-0.00296
-0.00276
-0.00296
-0.00315
-0.00296
-0.00335
-0.00296
-0.00276
-0.00296
-0.00335
-0.00257
-0.00276
-0.00315
-0.00315
-0.00296
-0.00335
-0.00276
-0.00257
-0.00257
-0.00257
-0.00296
-0.00257
-0.00257
-0.00257
-0.00276
-0.00315
-0.00276
-0.00257
-0.00276
-0.00296
-0.00257
-0.00237
-0.00257
-0.00257
-0.00315
-0.00296
-0.00276
-0.00296
-0.00335
-0.00296
-0.00296
-0.00257
-0.00276
-0.00257
-0.00296
-0.00257
-0.00315
-0.00315
-0.00276
-0.00257
-0.00257
-0.00257
-0.00296
-0.00296
-0.00296
-0.00296
-0.00315
-0.00276
-0.00335
-0.00335
-0.00315
-0.00354
-0.00296
-0.00335
-0.00335
-0.00276
-0.00276
-0.00296
-0.00296
-0.00296
-0.00276
-0.00296
-0.00335
-0.00315
-0.00315
-0.00276
-0.00276
-0.00296
-0.00276
-0.00237
-0.00218
-0.00218
-0.00257
-0.00257
-0.00257
-0.00276
-0.00198
-0.00218
-0.00198
-0.00257
-0.00218
-0.00257
-0.00257
-0.00296
-0.00257
-0.00296
-0.00257
-0.00276
-0.00276
-0.00237
-0.00276
-0.00218
-0.00218
-0.00257
-0.00276
-0.00276
-0.00276
-0.00218
-0.00276
-0.00257
-0.00296
-0.00257
-0.00315
-0.00315
-0.00315
-0.00276
-0.00276
-0.00276
-0.00257
-0.00296
-0.00276
-0.00276
-0.00276
-0.00257
-0.00237
-0.00315
-0.00257
-0.00237
-0.00237
-0.00218
-0.00276
-0.00257
-0.00296
-0.00218
-0.00198
-0.00179
-0.00237
-0.00198
-0.00276
-0.00237
-0.00237
-0.00198
-0.00237
-0.00198
-0.00179
-0.00159
-0.00218
-0.00237
-0.00237
-0.00218
-0.00198
-0.00237
-0.00237
-0.00237
-0.00237
-0.00218
-0.00237
-0.00257
-0.00237
-0.00276
-0.00257
-0.00237
-0.00257
-0.00257
-0.00276
-0.00276
-0.00315
-0.00315
-0.00315
-0.00276
-0.00315
-0.00296
-0.00354
-0.00335
-0.00257
-0.00218
-0.00296
-0.00257
-0.00315
-0.00257
-0.00296
-0.00237
-0.00276
-0.00237
-0.00315
-0.00296
-0.00335
-0.00257
-0.00276
-0.00315
-0.00276
-0.00315
-0.00296
-0.00276
-0.00218
-0.00159
-0.00061
0.00075
0.00173
0.0031
0.00466
0.00544
0.007
0.00779
0.00837
0.00915
0.01013
0.01111
0.01208
0.01325
0.01443
0.01579
0.01716
0.01892
0.02009
0.02185
0.02321
0.02517
0.02693
0.02868
0.03064
0.03318
0.03532
0.03767
0.03962
0.04275
0.04509
0.04685
0.04958
0.05212
0.05427
0.05642
0.05876
0.06111
0.06345
0.0656
0.06794
0.06989
0.07204
0.07361
0.07556
0.07693
0.07849
0.07907
0.08025
0.08161
0.0822
0.08259
0.08376
0.08435
0.08493
0.08513
0.08591
0.08591
0.0863
0.0865
0.0865
0.0865
0.08669
0.08708
0.08728
0.08728
0.08747
0.08747
0.08708
0.08728
0.08708
0.08708
0.08669
0.08611
0.08591
0.08552
0.08513
0.08454
0.08396
0.08396
0.08298
0.08279
0.08181
0.08142
0.08083
0.07986
0.07946
0.07868
0.07849
0.07771
0.07673
0.07595
0.07536
0.07478
0.07361
0.07302
0.07165
0.07126
0.07029
0.0697
0.06892
0.06833
0.06716
0.06638
0.0656
0.06482
0.06384
0.06325
0.06267
0.06228
0.0613
0.06091
0.05974
0.05915
0.05876
0.05798
0.05681
0.05622
0.05564
0.05466
0.05407
0.05388
0.0529
0.05212
0.05134
0.05075
0.04978
0.049
0.04821
0.04841
0.04743
0.04685
0.04626
0.04607
0.04489
0.0445
0.04411
0.04372
0.04314
0.04255
0.04196
0.04157
0.0404
0.04021
0.03982
0.03884
0.03884
0.03864
0.03825
0.03747
0.03689
0.03669
0.03611
0.03532
0.03493
0.03474
0.03435
0.03435
0.03337
0.03376
0.03239
0.032
0.0322
0.03142
0.03122
0.03083
0.03064
0.03005
0.02966
0.02927
0.02888
0.02888
0.02849
0.02771
0.02771
0.02732
0.02673
0.02614
0.02595
0.02575
0.02556
0.02478
0.02458
0.02439
0.02439
0.02458
0.02419
0.024
0.02341
0.02361
0.02282
0.02243
0.02224
0.02224
0.02185
0.02185
0.02107
0.02087
0.02087
0.02029
0.02009
0.0197
0.0195
0.01892
0.01892
0.01814
0.01794
0.01775
0.01716
0.01716
0.01657
0.01677
0.01657
0.01657
0.01677
0.01638
0.01618
0.0156
0.0156
0.01521
0.01501
0.01521
0.01501
0.01443
0.01404
0.01364
0.01345
0.01306
0.01267
0.01286
0.01306
0.01267
0.01267
0.01247
0.01228
0.01189
0.01169
0.01208
0.01169
0.01169
0.01169
0.0113
0.01111
0.01091
0.01091
0.01091
0.01071
0.01091
0.01071
0.01071
0.01032
0.01052
0.00954
0.01013
0.01052
0.00993
0.00954
0.00974
0.00915
0.00935
0.00935
0.00857
0.00935
0.00876
0.00915
0.00876
0.00896
0.00837
0.00818
0.00837
0.00779
0.00798
0.00798
0.00739
0.007
0.0072
0.00681
0.00661
0.00622
0.00681
0.00622
0.00642
0.00583
0.00603
0.00603
0.00622
0.00564
0.00583
0.00583
0.00525
0.00525
0.00544
0.00525
0.00544
0.00525
0.00505
0.00525
0.00544
0.00525
0.00505
0.00486
0.00525
0.00486
0.00427
0.00407
0.00427
0.00407
0.00388
0.00407
0.00368
0.00388
0.00388
0.00368
0.00388
0.00329
0.00368
0.00329
0.00407
0.00349
0.00368
0.00329
0.00368
0.00368
0.00349
0.00329
0.0031
0.0029
0.00329
0.00349
0.00271
0.0029
0.00251
0.00212
0.00271
0.00251
0.00232
0.00193
0.00232
0.00193
0.00212
0.00232
0.00232
0.00212
0.00154
0.00193
0.00154
0.00173
0.00193
0.00193
0.00173
0.00212
0.00251
0.00193
0.00251
0.00173
0.00193
0.00193
0.00193
0.00154
0.00134
0.00134
0.00154
0.00134
0.00114
0.00095
0.00134
0.00134
0.00134
0.00095
0.00075
0.00095
0.00075
0.00075
0.00095
0.00056
0.00056
0.00056
0.00056
0.00056
0.00036
-3e-05
0.00036
0.00017
0.00017
-3e-05
-3e-05
-0.00022
-0.00042
-0.00061
-0.00061
-0.00022
-0.00022
-0.00081
-3e-05
-0.00022
-0.00022
-0.00061
-3e-05
-3e-05
-3e-05
0.00017
-0.00022
-3e-05
-0.00022
-0.00042
-3e-05
0.00017
0.00036
-0.00022
-0.00022
-0.00022
-0.00061
-0.00042
-3e-05
-3e-05
-3e-05
0.00017
-0.00022
0.00017
-0.00022
-0.00042
-0.00022
-0.00042
-3e-05
-0.00042
-0.00061
-0.00061
-0.00061
-0.00061
-0.00022
-0.001
-0.00042
-0.00042
-0.00081
-0.00061
-0.00081
-0.0012
-0.0012
-0.00139
-0.00139
-0.00139
-0.0012
-0.00139
-0.00139
-0.00159
-0.001
-0.00159
-0.00159
-0.00179
-0.00139
-0.00139
-0.00139
-0.00139
-0.00198
-0.00139
-0.00139
-0.00139
-0.00139
-0.0012
-0.001
-0.00139
-0.001
-0.0012
-0.00081
-0.0012
-0.0012
-0.00139
-0.001
-0.00139
-0.00139
-0.001
-0.001
-0.00179
-0.00159
-0.0012
-0.00139
-0.00081
-0.00139
-0.0012
-0.00139
-0.00159
-0.00159
-0.00218
-0.00159
-0.00139
-0.00139
-0.00159
-0.00139
-0.00159
-0.00159
-0.00198
-0.00218
-0.00218
-0.00218
-0.00198
-0.00198
-0.00198
-0.00198
-0.00218
-0.00218
-0.00257
-0.00218
-0.00159
-0.00159
-0.00179
-0.00139
-0.00139
-0.00139
-0.001
-0.00081
-0.00139
-0.0012
-0.00159
-0.00139
-0.001
-0.00139
-0.0012
-0.00139
-0.00139
-0.00218
-0.00218
-0.00179
-0.00198
-0.00179
-0.00198
-0.00179
-0.00198
-0.00237
-0.00218
-0.00218
-0.00198
-0.00179
-0.00198
-0.00218
-0.00198
-0.00218
-0.00218
-0.00218
-0.00237
-0.00257
-0.00296
-0.00218
-0.00218
-0.00237
-0.00257
-0.00237
-0.00237
-0.00296
-0.00315
-0.00296
-0.00296
-0.00237
-0.00257
-0.00257
-0.00218
-0.00237
-0.00198
-0.00218
-0.00218
-0.00218
-0.00237
-0.00198
-0.00179
-0.00179
-0.00159
-0.00159
-0.00159
-0.00179
-0.0012
-0.00179
-0.00159
-0.00159
-0.00139
-0.00198
-0.00198
-0.00159
-0.00198
-0.00159
-0.00198
-0.00159
-0.00198
-0.00198
-0.00198
-0.00237
-0.00237
-0.00218
-0.00218
-0.00237
-0.00237
-0.00237
-0.00218
-0.00237
-0.00257
-0.00276
-0.00237
-0.00315
-0.00276
-0.00257
-0.00237
-0.00237
-0.00296
-0.00315
-0.00335
-0.00276
-0.00296
-0.00296
-0.00257
-0.00315
-0.00296
-0.00257
-0.00276
-0.00276
-0.00296
-0.00257
-0.00257
-0.00257
-0.00276
-0.00315
-0.00257
-0.00257
-0.00218
-0.00257
-0.00257
-0.00257
-0.00276
-0.00276
-0.00237
-0.00237
-0.00237
-0.00257
-0.00198
-0.00237
-0.00257
-0.00237
-0.00237
-0.00198
-0.00218
-0.00218
-0.00218
-0.00237
-0.00237
-0.00276
-0.00257
-0.00257
-0.00237
-0.00276
-0.00276
-0.00276
-0.00218
-0.00218
-0.00257
-0.00257
-0.00276
-0.00237
-0.00218
-0.00257
-0.00257
-0.00276
-0.00257
-0.00237
-0.00257
-0.00218
-0.00218
-0.00218
-0.00218
-0.00198
-0.00237
-0.00218
-0.00276
-0.00218
-0.00218
-0.00257
-0.00237
-0.00257
-0.00198
-0.00257
-0.00257
-0.00257
-0.00237
-0.00237
-0.00218
-0.00257
-0.00218
-0.00218
-0.00257
-0.00218
-0.00257
-0.00218
-0.00257
-0.00257
-0.00237
-0.00198
-0.00296
-0.00257
-0.00257
-0.00276
-0.00296
-0.00257
-0.00276
-0.00257
-0.00276
-0.00335
-0.00257
-0.00315
-0.00296
-0.00276
-0.00296
-0.00257
-0.00276
-0.00257
-0.00296
-0.00296
-0.00315
-0.00257
-0.00237
-0.00218
-0.00237
-0.00198
-0.00276
-0.00237
-0.00257
-0.00218
-0.00198
-0.00257
-0.00296
-0.00296
-0.00237
-0.00237
-0.00179
-0.00276
-0.00257
-0.00276
-0.00237
-0.00276
-0.00198
-0.00218
-0.00237
-0.00276
-0.00198
-0.00237
-0.00218
-0.00218
-0.00198
-0.00218
-0.00257
-0.00237
-0.00276
-0.00257
-0.00237
-0.00257
-0.00237
-0.00276
-0.00315
-0.00296
-0.00276
-0.00296
-0.00335
-0.00315
-0.00315
-0.00296
-0.00296
-0.00315
-0.00335
-0.00315
-0.00335
-0.00276
-0.00296
-0.00276
-0.00315
-0.00276
-0.00257
-0.00257
-0.00296
-0.00296
-0.00296
-0.00276
-0.00257
-0.00315
-0.00296
-0.00335
-0.00315
-0.00335
-0.00315
-0.00276
-0.00296
-0.00276
-0.00276
-0.00296
-0.00276
-0.00276
-0.00276
-0.00276
-0.00257
-0.00237
-0.00237
-0.00237
-0.00257
-0.00257
-0.00257
-0.00237
-0.00296
-0.00354
-0.00257
-0.00257
-0.00237
-0.00257
-0.00257
-0.00276
-0.00276
-0.00237
-0.00237
-0.00257
-0.00276
-0.00237
-0.00257
-0.00198
-0.00218
-0.00257
-0.00237
-0.00218
-0.00237
-0.00257
-0.00198
-0.00218
-0.00257
-0.00237
-0.00237
-0.00198
-0.00237
-0.00276
-0.00257
-0.00257
-0.00276
-0.00276
-0.00276
-0.00276
-0.00296
-0.00276
-0.00296
-0.00276
-0.00257
-0.00237
-0.00296
-0.00237
-0.00257
-0.00257
-0.00296
-0.00296
-0.00335
-0.00335
-0.00276
-0.00276
-0.00276
-0.00296
-0.00276
-0.00296
-0.00296
-0.00315
-0.00296
-0.00354
-0.00354
-0.00335
-0.00335
-0.00354
-0.00354
-0.00315
-0.00296
-0.00257
-0.00257
-0.00257
-0.00218
-0.00276
-0.00296
-0.00237
-0.00237
-0.00237
-0.00296
-0.00276
-0.00257
-0.00276
-0.00237
-0.00276
-0.00198
-0.00237
-0.00218
-0.00296
-0.00257
-0.00257
-0.00276
-0.00257
-0.00218
-0.00237
-0.00276
-0.00257
-0.00276
-0.00237
-0.00237
-0.00237
-0.00237
-0.00257
-0.00257
-0.00276
-0.00257
-0.00257
-0.00296
-0.00296
-0.00276
-0.00237
-0.00296
-0.00276
-0.00257
-0.00315
-0.00335
-0.00315
-0.00296
-0.00354
-0.00354
-0.00335
-0.00354
-0.00335
-0.00315
-0.00354
-0.00296
-0.00354
-0.00315
-0.00276
-0.00315
-0.00315
-0.00335
-0.00315
-0.00296
-0.00315
-0.00315
-0.00335
-0.00315
-0.00354
-0.00315
-0.00315
-0.00276
-0.00315
-0.00257
-0.00257
-0.00257
-0.00237
-0.00257
-0.00218
-0.00257
-0.00237
-0.00237
-0.00237
-0.00198
-0.00218
-0.00198
-0.00218
-0.00237
-0.00237
-0.00218
-0.00237
-0.00218
-0.00237
-0.00276
-0.00218
-0.00237
-0.00218
-0.00198
-0.00218
-0.00276
-0.00296
-0.00276
-0.00257
-0.00257
-0.00276
-0.00276
-0.00218
-0.00257
-0.00257
-0.00257
-0.00315
-0.00276
-0.00276
-0.00296
-0.00276
-0.00237
-0.00257
-0.00276
-0.00257
-0.00257
-0.00276
-0.00276
-0.00237
-0.00257
-0.00296
-0.00315
-0.00335
-0.00276
-0.00257
-0.00257
-0.00276
-0.00276
-0.00296
-0.00335
