-1.125000313600E+00

-0.00237
-0.00237
-0.00257
-0.00218
-0.00237
-0.00218
-0.00296
-0.00237
-0.00296
-0.00276
-0.00257
-0.00237
-0.00257
-0.00276
-0.00276
-0.00237
-0.00276
-0.00237
-0.00237
-0.00276
-0.00276
-0.00296
-0.00296
-0.00257
-0.00257
-0.00296
-0.00296
-0.00335
-0.00296
-0.00296
-0.00296
-0.00257
-0.00276
-0.00276
-0.00315
-0.00276
-0.00296
-0.00257
-0.00315
-0.00315
-0.00296
-0.00335
-0.00374
-0.00354
-0.00354
-0.00354
-0.00315
-0.00315
-0.00296
-0.00315
-0.00315
-0.00276
-0.00296
-0.00276
-0.00276
-0.00296
-0.00257
-0.00257
-0.00237
-0.00257
-0.00296
-0.00276
-0.00276
-0.00276
-0.00296
-0.00296
-0.00276
-0.00296
-0.00257
-0.00257
-0.00257
-0.00276
-0.00276
-0.00276
-0.00276
-0.00276
-0.00276
-0.00257
-0.00257
-0.00198
-0.00218
-0.00198
-0.00179
-0.00198
-0.00159
-0.00159
-0.00139
-0.00159
-0.00198
-0.0012
-0.0012
-0.0012
-0.00139
-0.00159
-0.0012
-0.001
-0.0012
-0.00159
-0.00139
-0.00159
-0.00139
-0.00139
-0.00139
-0.00139
-0.00139
-0.00159
-0.00139
-0.0012
-0.0012
-0.00139
-0.00179
-0.00218
-0.00179
-0.00198
-0.00198
-0.00179
-0.00237
-0.00257
-0.00315
-0.00296
-0.00276
-0.00257
-0.00257
-0.00257
-0.00257
-0.00296
-0.00296
-0.00276
-0.00276
-0.00218
-0.00237
-0.00218
-0.00237
-0.00257
-0.00237
-0.00179
-0.00237
-0.00237
-0.00237
-0.00257
-0.00257
-0.00276
-0.00257
-0.00218
-0.00237
-0.00237
-0.00237
-0.00218
-0.00276
-0.00257
-0.00296
-0.00237
-0.00257
-0.00257
-0.00276
-0.00218
-0.00237
-0.00198
-0.00218
-0.00257
-0.00218
-0.00257
-0.00237
-0.00257
-0.00218
-0.00198
-0.00276
-0.00218
-0.00257
-0.00218
-0.00257
-0.00276
-0.00296
-0.00276
-0.00315
-0.00257
-0.00315
-0.00276
-0.00354
-0.00335
-0.00335
-0.00315
-0.00276
-0.00257
-0.00257
-0.00257
-0.00296
-0.00257
-0.00237
-0.00237
-0.00315
-0.00276
-0.00257
-0.00276
-0.00296
-0.00315
-0.00276
-0.00218
-0.00139
-0.00042
0.00056
0.00173
0.0031
0.00427
0.00525
0.00603
0.00681
0.00837
0.00915
0.00974
0.01052
0.01091
0.01228
0.01364
0.01501
0.01677
0.01833
0.0195
0.02146
0.02321
0.02536
0.02712
0.02986
0.03298
0.0363
0.0406
0.04431
0.04939
0.05388
0.05876
0.06404
0.06931
0.07497
0.07946
0.08415
0.08864
0.09294
0.09626
0.09997
0.1031
0.10583
0.10798
0.10993
0.11189
0.11403
0.11521
0.11599
0.11716
0.11853
0.11872
0.11931
0.1199
0.12029
0.12048
0.12029
0.12048
0.12009
0.1197
0.11911
0.11892
0.11814
0.11736
0.11657
0.11657
0.1154
0.11482
0.11325
0.11247
0.1115
0.11052
0.10954
0.10837
0.107
0.10583
0.10486
0.10388
0.1031
0.10173
0.10036
0.09958
0.09841
0.09724
0.09626
0.0947
0.09392
0.09275
0.09157
0.09079
0.09001
0.08845
0.08728
0.08611
0.08532
0.08435
0.08337
0.08161
0.08122
0.07986
0.07849
0.07771
0.07693
0.07595
0.07497
0.07361
0.07263
0.07185
0.07107
0.07029
0.06892
0.06853
0.06716
0.06657
0.06618
0.06501
0.06423
0.06345
0.06267
0.06169
0.06111
0.06032
0.05935
0.05857
0.05818
0.05759
0.05681
0.05622
0.05505
0.05446
0.05407
0.05329
0.05251
0.05134
0.05095
0.05017
0.04958
0.0488
0.0488
0.04802
0.04724
0.04685
0.04665
0.04568
0.04509
0.04489
0.0445
0.04372
0.04314
0.04255
0.04216
0.04138
0.04079
0.04021
0.04001
0.03962
0.03904
0.03825
0.03747
0.03747
0.03669
0.03591
0.03532
0.03513
0.03513
0.03474
0.03396
0.03337
0.03318
0.03259
0.0322
0.032
0.03161
0.03122
0.03025
0.02986
0.02966
0.02966
0.02888
0.02849
0.02829
0.0281
0.0281
0.02751
0.02693
0.02634
0.02614
0.02614
0.02575
0.02556
0.02517
0.02536
0.02517
0.02497
0.02478
0.02439
0.024
0.0238
0.024
0.02361
0.02302
0.02302
0.02263
0.02185
0.02146
0.02204
0.02126
0.02146
0.02126
0.02146
0.02068
0.02068
0.0197
0.01931
0.01911
0.01892
0.01892
0.01872
0.01872
0.01853
0.01814
0.01794
0.01736
0.01736
0.01716
0.01716
0.01696
0.01638
0.01599
0.0154
0.0156
0.0154
0.01521
0.01501
0.01482
0.01423
0.01443
0.01423
0.01462
0.01423
0.01384
0.01384
0.01404
0.01384
0.01306
0.01325
0.01325
0.01286
0.01286
0.01286
0.01247
0.01228
0.01228
0.01189
0.01228
0.01208
0.0115
0.0115
0.01169
0.0115
0.01111
0.01091
0.01071
0.01013
0.01013
0.00974
0.00993
0.00993
0.00935
0.00954
0.00954
0.00935
0.00915
0.00876
0.00896
0.00876
0.00896
0.00896
0.00857
0.00837
0.00798
0.00818
0.00798
0.00779
0.00739
0.00759
0.0072
0.0072
0.00681
0.00661
0.00622
0.00642
0.00642
0.00603
0.00603
0.00603
0.00603
0.00603
0.00564
0.00544
0.00603
0.00583
0.00564
0.00525
0.00564
0.00505
0.00544
0.00525
0.00525
0.00525
0.00446
0.00466
0.00446
0.00466
0.00466
0.00466
0.00427
0.00388
0.00486
0.00427
0.00427
0.00388
0.00368
0.00349
0.0031
0.0031
0.00329
0.0031
0.0031
0.0031
0.00271
0.00251
0.00251
0.00251
0.00232
0.00232
0.00232
0.00232
0.00251
0.00271
0.00232
0.00154
0.00212
0.00173
0.00193
0.00212
0.00193
0.00212
0.00173
0.00193
0.00193
0.00173
0.00212
0.00154
0.00212
0.00212
0.00154
0.00154
0.00173
0.00173
0.00193
0.00232
0.00193
0.00154
0.00212
0.00173
0.00173
0.00212
0.00193
0.00232
0.00193
0.00154
0.00075
0.00173
0.00154
0.00154
0.00114
0.00154
0.00095
0.00154
0.00173
0.00134
0.00114
0.00075
0.00075
0.00095
0.00095
0.00095
0.00075
0.00056
0.00056
0.00056
0.00056
0.00095
0.00095
0.00036
0.00056
0.00036
0.00056
0.00036
0.00075
0.00075
0.00095
0.00056
0.00075
0.00075
0.00075
0.00075
0.00075
0.00114
0.00056
0.00095
0.00114
0.00095
0.00134
0.00075
0.00095
0.00056
0.00095
0.00095
0.00134
0.00134
0.00134
0.00114
0.00114
0.00095
0.00095
0.00075
0.00095
0.00095
0.00134
0.00095
0.00134
0.00134
0.00134
0.00075
-3e-05
0.00017
-3e-05
0.00056
-3e-05
0.00056
0.00017
0.00036
0.00017
0.00017
-0.00022
-0.00042
-0.00042
0.00017
-0.00022
-3e-05
0.00017
-0.00061
-0.00061
-0.00061
-3e-05
-3e-05
-0.00042
-0.00042
-0.00081
-0.00061
-0.00081
-0.00081
-0.001
-0.001
-0.0012
-0.00061
-0.001
-0.001
-0.00061
-0.00081
-0.00081
-0.001
-0.00139
-0.001
-0.0012
-0.00139
-0.0012
-0.00179
-0.00159
-0.00179
-0.00139
-0.00159
-0.00198
-0.00218
-0.00159
-0.00237
-0.00237
-0.00198
-0.00237
-0.00237
-0.00257
-0.00237
-0.00296
-0.00257
-0.00237
-0.00296
-0.00218
-0.00218
-0.00237
-0.00237
-0.00276
-0.00237
-0.00218
-0.00218
-0.00257
-0.00179
-0.00179
-0.00218
-0.00257
-0.00237
-0.00257
-0.00237
-0.00198
-0.00237
-0.00237
-0.00257
-0.00218
-0.00179
-0.00198
-0.00237
-0.00198
-0.00198
-0.00218
-0.00218
-0.00218
-0.00218
-0.00218
-0.00198
-0.00159
-0.00237
-0.00237
-0.00198
-0.00218
-0.00179
-0.00218
-0.00218
-0.00257
-0.00218
-0.00218
-0.00198
-0.00198
-0.00237
-0.00237
-0.00179
-0.00198
-0.00179
-0.00159
-0.00179
-0.00198
-0.001
-0.0012
-0.001
-0.00159
-0.001
-0.00139
-0.0012
-0.00179
-0.00139
-0.00159
-0.00159
-0.00159
-0.00159
-0.00139
-0.0012
-0.00061
-0.0012
-0.001
-0.00081
-0.00081
-0.00081
-0.001
-0.00081
-0.00042
-0.00022
-0.001
-0.00081
-0.00081
-0.00061
-0.00081
-0.001
-0.00081
-0.001
-0.00081
-0.001
-0.0012
-0.001
-0.001
-0.00061
-0.001
-0.00139
-0.00159
-0.00139
-0.0012
-0.00081
-0.00159
-0.00139
-0.00159
-0.00179
-0.00159
-0.0012
-0.00198
-0.00257
-0.00179
-0.00179
-0.00179
-0.00159
-0.00159
-0.00179
-0.00179
-0.00218
-0.00237
-0.00237
-0.00218
-0.00198
-0.00198
-0.00159
-0.00179
-0.00139
-0.00139
-0.00159
-0.00159
-0.00159
-0.00159
-0.00179
-0.00179
-0.00179
-0.00218
-0.00198
-0.00198
-0.00276
-0.00218
-0.00218
-0.00276
-0.00296
-0.00276
-0.00276
-0.00315
-0.00335
-0.00335
-0.00296
-0.00335
-0.00296
-0.00335
-0.00315
-0.00335
-0.00315
-0.00296
-0.00276
-0.00296
-0.00315
-0.00335
-0.00296
-0.00335
-0.00354
-0.00315
-0.00354
-0.00354
-0.00335
-0.00354
-0.00335
-0.00296
-0.00315
-0.00335
-0.00257
-0.00296
-0.00276
-0.00276
-0.00257
-0.00257
-0.00237
-0.00276
-0.00237
-0.00218
-0.00237
-0.00218
-0.00315
-0.00257
-0.00237
-0.00276
-0.00237
-0.00315
-0.00315
-0.00335
-0.00276
-0.00276
-0.00315
-0.00296
-0.00335
-0.00315
-0.00315
-0.00315
-0.00354
-0.00354
-0.00296
-0.00315
-0.00315
-0.00315
-0.00315
-0.00276
-0.00276
-0.00296
-0.00276
-0.00296
-0.00276
-0.00296
-0.00296
-0.00276
-0.00296
-0.00276
-0.00296
-0.00276
-0.00276
-0.00276
-0.00296
-0.00276
-0.00276
-0.00257
-0.00315
-0.00257
-0.00198
-0.00218
-0.00237
-0.00276
-0.00237
-0.00237
-0.00218
-0.00218
-0.00179
-0.00198
-0.00218
-0.00257
-0.00218
-0.00218
-0.00218
-0.00237
-0.00237
-0.00218
-0.00218
-0.00237
-0.00198
-0.00218
-0.00179
-0.00179
-0.00159
-0.00218
-0.00198
-0.00198
-0.00218
-0.00159
-0.00218
-0.00218
-0.00179
-0.00198
-0.00198
-0.00198
-0.00218
-0.00179
-0.00218
-0.00218
-0.00198
-0.00218
-0.00198
-0.00139
-0.00159
-0.0012
-0.00179
-0.00198
-0.00198
-0.00139
-0.0012
-0.00139
-0.0012
-0.00159
-0.00179
-0.00159
-0.00139
-0.0012
-0.00159
-0.00179
-0.00218
-0.00198
-0.00179
-0.00218
-0.00179
-0.00198
-0.00179
-0.00198
-0.00218
-0.00237
-0.00218
-0.00218
-0.00218
-0.00257
-0.00237
-0.00315
-0.00218
-0.00257
-0.00257
-0.00257
-0.00296
-0.00276
-0.00237
-0.00315
-0.00296
-0.00276
-0.00276
-0.00296
-0.00296
-0.00296
-0.00257
-0.00296
-0.00257
-0.00218
-0.00237
-0.00237
-0.00257
-0.00257
-0.00237
-0.00237
-0.00257
-0.00237
-0.00237
-0.00218
-0.00237
-0.00237
-0.00198
-0.00257
-0.00257
-0.00237
-0.00218
-0.00218
-0.00218
-0.00257
-0.00276
-0.00257
-0.00276
-0.00276
-0.00276
-0.00276
-0.00218
-0.00257
-0.00237
-0.00237
-0.00257
-0.00257
-0.00315
-0.00296
-0.00315
-0.00296
-0.00296
-0.00296
-0.00237
-0.00276
-0.00315
-0.00257
-0.00237
-0.00276
-0.00276
-0.00276
-0.00315
-0.00315
-0.00354
-0.00296
-0.00315
-0.00315
-0.00296
-0.00296
-0.00276
-0.00315
-0.00276
-0.00296
-0.00335
-0.00335
-0.00296
-0.00296
-0.00335
-0.00315
-0.00296
-0.00335
-0.00276
-0.00276
-0.00257
-0.00296
-0.00276
-0.00296
-0.00276
-0.00276
-0.00257
-0.00237
-0.00276
-0.00276
-0.00296
-0.00276
-0.00296
-0.00237
-0.00257
-0.00296
-0.00296
-0.00296
-0.00296
-0.00257
-0.00276
-0.00296
-0.00315
-0.00257
-0.00296
-0.00296
-0.00296
-0.00276
-0.00315
-0.00296
-0.00276
-0.00257
-0.00237
-0.00296
-0.00237
-0.00257
-0.00257
-0.00257
-0.00237
-0.00218
-0.00237
-0.00237
-0.00296
-0.00276
-0.00237
-0.00237
-0.00218
-0.00218
-0.00198
-0.00198
-0.00198
-0.00179
-0.00198
-0.00179
-0.00179
-0.00179
-0.00179
-0.0012
-0.00179
-0.00198
-0.00159
-0.00139
-0.0012
-0.00179
-0.00218
-0.00237
-0.00198
-0.00218
-0.00237
-0.00257
-0.00218
-0.00237
-0.00218
-0.00237
-0.00198
-0.00198
-0.00218
-0.00218
-0.00257
-0.00257
-0.00237
-0.00237
-0.00257
-0.00237
-0.00257
-0.00276
-0.00276
-0.00296
-0.00296
-0.00296
-0.00276
-0.00237
-0.00257
-0.00257
-0.00276
-0.00276
-0.00257
-0.00257
-0.00237
-0.00257
-0.00218
-0.00257
-0.00198
-0.00179
-0.00179
-0.00159
-0.00218
-0.00198
-0.00198
-0.00179
-0.00179
-0.00179
-0.00237
-0.00257
-0.00257
-0.00218
-0.00237
-0.00276
-0.00218
