-1.314000368000E+00

-0.00257
-0.00257
-0.00237
-0.00257
-0.00296
-0.00296
-0.00257
-0.00276
-0.00237
-0.00257
-0.00218
-0.00237
-0.00218
-0.00276
-0.00257
-0.00218
-0.00296
-0.00237
-0.00257
-0.00237
-0.00276
-0.00257
-0.00276
-0.00276
-0.00237
-0.00257
-0.00276
-0.00257
-0.00237
-0.00237
-0.00237
-0.00218
-0.00179
-0.00218
-0.00218
-0.00257
-0.00315
-0.00276
-0.00257
-0.00276
-0.00218
-0.00237
-0.00296
-0.00296
-0.00296
-0.00315
-0.00296
-0.00335
-0.00276
-0.00335
-0.00257
-0.00296
-0.00296
-0.00296
-0.00296
-0.00335
-0.00354
-0.00374
-0.00296
-0.00296
-0.00237
-0.00315
-0.00257
-0.00335
-0.00335
-0.00315
-0.00296
-0.00296
-0.00315
-0.00315
-0.00296
-0.00335
-0.00335
-0.00335
-0.00296
-0.00315
-0.00354
-0.00296
-0.00315
-0.00296
-0.00257
-0.00354
-0.00296
-0.00296
-0.00257
-0.00276
-0.00276
-0.00276
-0.00276
-0.00315
-0.00335
-0.00315
-0.00335
-0.00315
-0.00296
-0.00276
-0.00276
-0.00315
-0.00276
-0.00315
-0.00296
-0.00315
-0.00237
-0.00335
-0.00257
-0.00257
-0.00237
-0.00276
-0.00257
-0.00276
-0.00237
-0.00237
-0.00257
-0.00257
-0.00276
-0.00315
-0.00257
-0.00296
-0.00276
-0.00257
-0.00257
-0.00296
-0.00257
-0.00315
-0.00296
-0.00257
-0.00315
-0.00257
-0.00276
-0.00276
-0.00257
-0.00218
-0.00296
-0.00257
-0.00237
-0.00276
-0.00257
-0.00296
-0.00296
-0.00315
-0.00276
-0.00237
-0.00257
-0.00257
-0.00276
-0.00257
-0.00276
-0.00257
-0.00354
-0.00335
-0.00354
-0.00296
-0.00257
-0.00276
-0.00296
-0.00296
-0.00335
-0.00296
-0.00315
-0.00315
-0.00276
-0.00296
-0.00296
-0.00315
-0.00296
-0.00296
-0.00257
-0.00276
-0.00276
-0.00296
-0.00276
-0.00296
-0.00296
-0.00276
-0.00257
-0.00257
-0.00276
-0.00218
-0.00198
-0.00237
-0.00257
-0.00218
-0.00276
-0.00276
-0.00218
-0.00257
-0.00257
-0.00218
-0.00237
-0.00276
-0.00237
-0.00237
-0.00257
-0.00257
-0.00296
-0.00335
-0.00315
-0.00315
-0.00257
-0.00276
-0.00315
-0.00296
-0.00296
-0.00237
-0.0012
-3e-05
0.00056
0.00134
0.00329
0.00427
0.00505
0.00564
0.00681
0.00798
0.00896
0.01013
0.01208
0.01345
0.01521
0.01775
0.02126
0.02458
0.0279
0.032
0.0363
0.0406
0.04431
0.04841
0.05193
0.05583
0.05974
0.06286
0.06579
0.06872
0.07107
0.07302
0.07497
0.07654
0.0781
0.07966
0.08064
0.082
0.08298
0.08396
0.08454
0.08493
0.08552
0.08571
0.08591
0.08552
0.08591
0.08552
0.08571
0.08571
0.08532
0.08474
0.08435
0.08396
0.08337
0.08298
0.08239
0.082
0.08122
0.08064
0.07986
0.07907
0.07829
0.07751
0.07654
0.07614
0.07478
0.07419
0.07361
0.07321
0.07243
0.07146
0.07009
0.06911
0.06892
0.06755
0.06716
0.06579
0.0654
0.06443
0.06384
0.06286
0.06228
0.06071
0.06091
0.05954
0.05876
0.05798
0.0572
0.05681
0.05603
0.05525
0.05446
0.05388
0.0531
0.05212
0.05154
0.05075
0.05036
0.04919
0.049
0.04821
0.04743
0.04724
0.04626
0.04568
0.04489
0.04431
0.04411
0.04353
0.04294
0.04236
0.04177
0.04157
0.04138
0.0404
0.04001
0.03962
0.03904
0.03923
0.03786
0.03728
0.03689
0.03669
0.0365
0.03571
0.03552
0.03493
0.03493
0.03435
0.03318
0.03298
0.03298
0.03279
0.03239
0.032
0.03161
0.03122
0.03025
0.03005
0.02946
0.02927
0.02907
0.02829
0.0281
0.0279
0.02751
0.02712
0.02693
0.02634
0.02614
0.02575
0.02517
0.02517
0.02458
0.02439
0.024
0.0238
0.0238
0.02282
0.02263
0.02224
0.02224
0.02146
0.02185
0.02146
0.02087
0.02068
0.02048
0.02068
0.02068
0.0197
0.01989
0.01989
0.0195
0.01911
0.01911
0.01853
0.01853
0.01794
0.01775
0.01716
0.01677
0.01657
0.01638
0.01638
0.01638
0.01579
0.01599
0.01599
0.01521
0.0154
0.01501
0.01482
0.01482
0.01443
0.01443
0.01443
0.01443
0.01404
0.01325
0.01364
0.01306
0.01325
0.01286
0.01306
0.01247
0.01228
0.01228
0.01189
0.01208
0.0113
0.01111
0.01111
0.01052
0.01052
0.01052
0.00993
0.00974
0.00974
0.00993
0.00974
0.00974
0.00915
0.00915
0.00915
0.00896
0.00896
0.00857
0.00896
0.00876
0.00818
0.00876
0.00818
0.00818
0.00818
0.00818
0.00759
0.0072
0.00739
0.0072
0.007
0.00739
0.00681
0.00661
0.00681
0.00661
0.00622
0.00603
0.00603
0.00661
0.00622
0.00642
0.00603
0.00564
0.00564
0.00525
0.00583
0.00544
0.00544
0.00505
0.00525
0.00486
0.00486
0.00486
0.00466
0.00466
0.00486
0.00466
0.00466
0.00388
0.00446
0.00427
0.00427
0.00388
0.00466
0.00446
0.00466
0.00446
0.00427
0.00446
0.00486
0.00407
0.00388
0.00407
0.00407
0.00427
0.00368
0.00388
0.00368
0.00427
0.00368
0.00349
0.00329
0.00251
0.0031
0.0031
0.0031
0.0031
0.0031
0.0031
0.00271
0.00251
0.00251
0.00193
0.00232
0.00212
0.00212
0.00251
0.00212
0.00212
0.00193
0.00154
0.00173
0.00134
0.00095
0.00095
0.00095
0.00075
0.00036
0.00056
0.00095
0.00075
0.00056
0.00095
0.00056
0.00075
-3e-05
0.00036
0.00095
0.00134
0.00095
0.00095
0.00114
0.00095
0.00056
0.00036
0.00036
0.00056
0.00036
0.00017
0.00036
0.00075
0.00017
0.00056
0.00036
0.00056
0.00036
0.00036
-0.00022
0.00017
0.00036
0.00095
0.00056
0.00075
0.00056
0.00075
0.00075
0.00056
0.00036
0.00056
0.00036
0.00036
0.00017
-3e-05
0.00017
-0.00022
-0.00042
-0.00042
-3e-05
-3e-05
-0.00081
-0.00061
-0.00042
-0.00022
-0.00022
-3e-05
-0.00081
-0.00061
-3e-05
-0.00022
-3e-05
-0.00022
-0.00042
-0.00022
-3e-05
-0.00061
-0.00022
-0.00061
-0.00081
-0.00061
-0.0012
-0.0012
-0.001
-0.00081
-0.00159
-0.0012
-0.00159
-0.00159
-0.00139
-0.0012
-0.001
-0.0012
-0.0012
-0.00081
-0.00159
-0.00139
-0.00139
-0.00139
-0.0012
-0.00081
-0.0012
-0.001
-0.00179
-0.001
-0.00179
-0.00139
-0.00159
-0.00218
-0.00218
-0.00198
-0.00198
-0.00218
-0.00198
-0.00218
-0.00179
-0.00198
-0.00218
-0.00198
-0.00179
-0.00159
-0.00159
-0.00179
-0.00139
-0.00179
-0.00139
-0.00179
-0.00179
-0.0012
-0.00159
-0.0012
-0.0012
-0.00179
-0.00159
-0.00198
-0.00159
-0.00159
-0.00237
-0.00218
-0.00159
-0.00179
-0.00198
-0.00179
-0.00179
-0.00179
-0.00159
-0.00237
-0.00159
-0.00159
-0.00198
-0.00159
-0.00179
-0.00159
-0.00159
-0.00159
-0.00159
-0.00218
-0.00198
-0.00198
-0.00257
-0.00179
-0.00218
-0.00218
-0.00198
-0.00198
-0.00237
-0.00257
-0.00257
-0.00276
-0.00237
-0.00257
-0.00276
-0.00237
-0.00257
-0.00237
-0.00179
-0.00218
-0.00218
-0.00198
-0.00218
-0.00218
-0.00296
-0.00237
-0.00276
-0.00296
-0.00296
-0.00218
-0.00257
-0.00257
-0.00257
-0.00257
-0.00335
-0.00296
-0.00276
-0.00276
-0.00296
-0.00296
-0.00296
-0.00257
-0.00257
-0.00257
-0.00276
-0.00257
-0.00237
-0.00257
-0.00257
-0.00257
-0.00257
-0.00276
-0.00257
-0.00257
-0.00257
-0.00237
-0.00237
-0.00237
-0.00296
-0.00296
-0.00296
-0.00296
-0.00315
-0.00315
-0.00296
-0.00296
-0.00296
-0.00276
-0.00296
-0.00296
-0.00276
-0.00276
-0.00257
-0.00257
-0.00296
-0.00257
-0.00218
-0.00218
-0.00218
-0.00296
-0.00257
-0.00276
-0.00218
-0.00257
-0.00296
-0.00276
-0.00276
-0.00296
-0.00276
-0.00218
-0.00296
-0.00257
-0.00296
-0.00276
-0.00237
-0.00237
-0.00296
-0.00276
-0.00257
-0.00276
-0.00276
-0.00276
-0.00296
-0.00257
-0.00276
-0.00296
-0.00335
-0.00296
-0.00315
-0.00296
-0.00276
-0.00296
-0.00296
-0.00257
-0.00276
-0.00257
-0.00296
-0.00276
-0.00218
-0.00237
-0.00218
-0.00218
-0.00237
-0.00257
-0.00237
-0.00218
-0.00237
-0.00198
-0.00179
-0.00257
-0.00218
-0.00237
-0.00237
-0.00198
-0.00198
-0.00237
-0.00198
-0.00159
-0.00218
-0.00218
-0.00237
-0.00237
-0.00218
-0.00257
-0.00237
-0.00237
-0.00257
-0.00237
-0.00276
-0.00237
-0.00237
-0.00237
-0.00276
-0.00257
-0.00296
-0.00296
-0.00315
-0.00276
-0.00315
-0.00315
-0.00335
-0.00296
-0.00296
-0.00335
-0.00296
-0.00335
-0.00296
-0.00296
-0.00296
-0.00315
-0.00276
-0.00315
-0.00296
-0.00335
-0.00276
-0.00296
-0.00296
-0.00315
-0.00276
-0.00296
-0.00296
-0.00315
-0.00276
-0.00354
-0.00276
-0.00276
-0.00296
-0.00296
-0.00315
-0.00335
-0.00296
-0.00296
-0.00257
-0.00257
-0.00257
-0.00237
-0.00237
-0.00296
-0.00335
-0.00296
-0.00315
-0.00237
-0.00276
-0.00296
-0.00257
-0.00257
-0.00257
-0.00257
-0.00257
-0.00315
-0.00296
-0.00296
-0.00276
-0.00276
-0.00276
-0.00218
-0.00218
-0.00237
-0.00237
-0.00257
-0.00296
-0.00276
-0.00276
-0.00296
-0.00296
-0.00296
-0.00276
-0.00237
-0.00257
-0.00276
-0.00257
-0.00257
-0.00276
-0.00315
-0.00276
-0.00237
-0.00237
-0.00257
-0.00276
-0.00257
-0.00276
-0.00237
-0.00218
-0.00276
-0.00257
-0.00276
-0.00296
-0.00276
-0.00315
-0.00296
-0.00296
-0.00296
-0.00315
-0.00257
-0.00296
-0.00315
-0.00296
-0.00296
-0.00315
-0.00315
-0.00276
-0.00257
-0.00257
-0.00315
-0.00257
-0.00237
-0.00257
-0.00257
-0.00276
-0.00257
-0.00257
-0.00237
-0.00296
-0.00257
-0.00276
-0.00257
-0.00257
-0.00296
-0.00276
-0.00296
-0.00257
-0.00237
-0.00257
-0.00237
-0.00237
-0.00218
-0.00218
-0.00237
-0.00237
-0.00276
-0.00237
-0.00296
-0.00276
-0.00276
-0.00257
-0.00237
-0.00296
-0.00237
-0.00296
-0.00296
-0.00296
-0.00257
-0.00276
-0.00257
-0.00237
-0.00296
-0.00237
-0.00257
-0.00296
-0.00335
-0.00296
-0.00276
-0.00276
-0.00257
-0.00335
-0.00335
-0.00354
-0.00335
-0.00296
-0.00315
-0.00296
-0.00315
-0.00335
-0.00335
-0.00315
-0.00354
-0.00296
-0.00315
-0.00335
-0.00296
-0.00296
-0.00335
-0.00374
-0.00335
-0.00335
-0.00315
-0.00296
-0.00296
-0.00296
-0.00276
-0.00296
-0.00335
-0.00257
-0.00315
-0.00354
-0.00315
-0.00315
-0.00296
-0.00296
-0.00315
-0.00296
-0.00354
-0.00296
-0.00237
-0.00257
-0.00296
-0.00296
-0.00257
-0.00276
-0.00276
-0.00257
-0.00237
-0.00257
-0.00296
-0.00276
-0.00276
-0.00296
-0.00315
-0.00296
-0.00276
-0.00276
-0.00296
-0.00354
-0.00354
-0.00296
-0.00315
-0.00374
-0.00354
-0.00354
-0.00354
-0.00374
-0.00335
-0.00335
-0.00276
-0.00315
-0.00335
-0.00315
-0.00315
-0.00315
-0.00335
-0.00354
-0.00354
-0.00335
-0.00296
-0.00315
-0.00374
-0.00315
-0.00335
-0.00315
-0.00315
-0.00315
-0.00296
-0.00315
-0.00237
-0.00315
-0.00276
-0.00335
-0.00315
-0.00354
-0.00315
-0.00335
-0.00296
-0.00354
-0.00296
-0.00335
-0.00354
-0.00393
-0.00335
-0.00354
-0.00335
-0.00354
-0.00374
-0.00335
-0.00354
-0.00335
-0.00315
-0.00354
-0.00315
-0.00335
-0.00296
-0.00315
-0.00315
-0.00354
-0.00315
-0.00315
-0.00315
-0.00315
-0.00296
-0.00257
-0.00237
-0.00237
-0.00257
-0.00257
-0.00296
-0.00276
-0.00218
-0.00218
-0.00237
-0.00218
-0.00257
-0.00218
-0.00276
-0.00218
-0.00276
-0.00237
-0.00198
-0.00218
-0.00218
-0.00257
-0.00237
-0.00237
-0.00218
-0.00198
-0.00257
-0.00237
-0.00218
-0.00315
-0.00296
-0.00276
-0.00315
-0.00374
-0.00354
-0.00276
-0.00296
-0.00276
-0.00335
-0.00354
-0.00354
-0.00276
-0.00335
-0.00257
-0.00296
-0.00296
-0.00276
-0.00296
-0.00257
-0.00296
-0.00276
-0.00276
-0.00218
-0.00237
-0.00237
-0.00276
-0.00276
-0.00257
-0.00257
-0.00218
-0.00257
-0.00257
-0.00276
-0.00276
-0.00276
-0.00296
-0.00257
-0.00237
-0.00257
-0.00296
-0.00257
-0.00296
-0.00237
-0.00257
-0.00257
-0.00237
-0.00257
-0.00257
-0.00237
-0.00257
-0.00257
-0.00257
-0.00237
-0.00296
-0.00276
-0.00276
-0.00296
-0.00296
-0.00296
-0.00335
-0.00296
-0.00296
