-1.300000364800E+00

-0.00315
-0.00296
-0.00237
-0.00257
-0.00296
-0.00335
-0.00315
-0.00335
-0.00296
-0.00315
-0.00296
-0.00296
-0.00296
-0.00315
-0.00335
-0.00296
-0.00315
-0.00315
-0.00257
-0.00296
-0.00276
-0.00296
-0.00335
-0.00315
-0.00315
-0.00296
-0.00276
-0.00276
-0.00296
-0.00276
-0.00315
-0.00257
-0.00257
-0.00257
-0.00257
-0.00276
-0.00276
-0.00257
-0.00237
-0.00257
-0.00237
-0.00218
-0.00159
-0.00159
-0.00198
-0.00179
-0.00198
-0.00179
-0.00198
-0.00257
-0.00218
-0.00198
-0.00198
-0.00198
-0.00218
-0.00198
-0.00257
-0.00218
-0.00198
-0.00218
-0.00218
-0.00237
-0.00257
-0.00257
-0.00237
-0.00237
-0.00179
-0.00257
-0.00218
-0.00237
-0.00257
-0.00179
-0.00237
-0.00218
-0.00257
-0.00198
-0.00179
-0.00198
-0.00218
-0.00198
-0.00257
-0.00198
-0.00237
-0.00237
-0.00237
-0.00218
-0.00218
-0.00179
-0.00198
-0.00198
-0.00198
-0.00198
-0.00218
-0.00218
-0.00198
-0.00237
-0.00198
-0.00257
-0.00218
-0.00237
-0.00237
-0.00237
-0.00218
-0.00237
-0.00218
-0.00257
-0.00237
-0.00179
-0.00218
-0.00198
-0.00179
-0.00198
-0.00179
-0.00218
-0.00198
-0.00218
-0.00218
-0.00218
-0.00237
-0.00257
-0.00257
-0.00276
-0.00276
-0.00218
-0.00218
-0.00218
-0.00257
-0.00218
-0.00237
-0.00257
-0.00218
-0.00218
-0.00198
-0.00237
-0.00257
-0.00237
-0.00237
-0.00218
-0.00237
-0.00237
-0.00218
-0.00198
-0.00257
-0.00218
-0.00198
-0.00218
-0.00218
-0.00218
-0.00257
-0.00218
-0.00237
-0.00218
-0.00237
-0.00237
-0.00198
-0.00257
-0.00257
-0.00296
-0.00257
-0.00257
-0.00257
-0.00237
-0.00276
-0.00276
-0.00257
-0.00257
-0.00296
-0.00257
-0.00237
-0.00237
-0.00257
-0.00315
-0.00296
-0.00296
-0.00296
-0.00237
-0.00276
-0.00296
-0.00315
-0.00296
-0.00296
-0.00296
-0.00276
-0.00296
-0.00276
-0.00257
-0.00237
-0.00276
-0.00237
-0.00218
-0.00237
-0.00218
-0.00237
-0.00257
-0.00276
-0.00276
-0.00218
-0.00237
-0.00198
-0.00237
-0.00237
-0.00218
-0.0012
-0.00061
-0.00042
0.00134
0.00232
0.00349
0.00466
0.00622
0.00681
0.00798
0.00915
0.01013
0.01032
0.0115
0.01189
0.01286
0.01404
0.0154
0.01696
0.0195
0.02224
0.02536
0.02868
0.03279
0.03591
0.03904
0.04196
0.04509
0.04821
0.05075
0.05368
0.05564
0.05915
0.06189
0.06443
0.06716
0.07009
0.07185
0.0738
0.07536
0.07693
0.07849
0.07927
0.08025
0.08161
0.08239
0.08259
0.08259
0.08415
0.08435
0.08435
0.08435
0.08493
0.08474
0.08454
0.08474
0.08454
0.08474
0.08493
0.08454
0.08474
0.08454
0.08415
0.08376
0.08376
0.08337
0.08318
0.08279
0.082
0.08103
0.07986
0.07946
0.07966
0.07868
0.07829
0.0779
0.07732
0.07654
0.07556
0.07517
0.07497
0.07458
0.07439
0.07419
0.07419
0.074
0.07361
0.07321
0.07341
0.07263
0.07224
0.07204
0.07224
0.07126
0.07087
0.06989
0.06989
0.06911
0.06853
0.06794
0.06736
0.06736
0.06657
0.06599
0.0656
0.06521
0.06443
0.06364
0.06306
0.06267
0.06228
0.06091
0.06052
0.05935
0.05896
0.05837
0.05818
0.05739
0.05681
0.05583
0.05505
0.05427
0.05427
0.05329
0.05271
0.05251
0.05114
0.05056
0.04978
0.04939
0.049
0.0488
0.04802
0.04782
0.04646
0.04607
0.04548
0.04489
0.04489
0.04392
0.04333
0.04314
0.04196
0.04177
0.04138
0.04099
0.0406
0.04021
0.03943
0.03923
0.03825
0.03786
0.03767
0.03728
0.03689
0.0365
0.0363
0.03552
0.03532
0.03493
0.03396
0.03415
0.03318
0.03298
0.0322
0.03181
0.03122
0.03103
0.03025
0.02986
0.02946
0.02907
0.02907
0.02868
0.02888
0.02829
0.0279
0.02751
0.02712
0.02673
0.02673
0.02575
0.02536
0.02517
0.02517
0.02439
0.0238
0.0238
0.02302
0.02282
0.02263
0.02243
0.02185
0.02165
0.02107
0.02126
0.02107
0.02107
0.02087
0.02048
0.02048
0.01989
0.0197
0.0195
0.0197
0.01931
0.01872
0.01833
0.01833
0.01814
0.01794
0.01755
0.01696
0.01716
0.01657
0.01618
0.01638
0.01618
0.01638
0.01579
0.01599
0.0156
0.0156
0.0156
0.0156
0.01501
0.0154
0.01501
0.01482
0.01423
0.01423
0.01384
0.01404
0.01384
0.01306
0.01345
0.01345
0.01345
0.01306
0.01286
0.01267
0.01247
0.01228
0.01247
0.01228
0.01247
0.01208
0.01228
0.0115
0.01111
0.01111
0.01091
0.01091
0.01091
0.01091
0.01052
0.00993
0.00974
0.00974
0.01013
0.00974
0.00974
0.00935
0.00896
0.00915
0.00857
0.00837
0.00857
0.00857
0.00837
0.00798
0.00798
0.00798
0.00798
0.00739
0.00759
0.00739
0.00779
0.00739
0.00739
0.0072
0.00681
0.00661
0.00661
0.00642
0.00642
0.00564
0.00661
0.00603
0.00583
0.00583
0.00603
0.00525
0.00525
0.00544
0.00525
0.00486
0.00505
0.00505
0.00525
0.00564
0.00544
0.00505
0.00486
0.00525
0.00525
0.00486
0.00505
0.00466
0.00466
0.00486
0.00446
0.00486
0.00466
0.00466
0.00427
0.00446
0.00427
0.00446
0.00427
0.00407
0.00407
0.00368
0.00407
0.00368
0.00368
0.00329
0.00349
0.00329
0.00349
0.0031
0.0031
0.0031
0.00349
0.0029
0.0029
0.00271
0.00251
0.00232
0.00251
0.00251
0.00212
0.00251
0.00232
0.00251
0.00212
0.00193
0.00193
0.00193
0.00173
0.00173
0.00154
0.00193
0.00173
0.00193
0.00212
0.00212
0.00193
0.00134
0.00193
0.00193
0.00173
0.00212
0.00134
0.00173
0.00193
0.00154
0.00154
0.00173
0.00193
0.00134
0.00154
0.00154
0.00134
0.00193
0.00154
0.00134
0.00095
0.00154
0.00134
0.00114
0.00134
0.00114
0.00095
0.00095
0.00075
0.00075
0.00056
0.00095
0.00134
0.00075
0.00056
0.00036
0.00036
0.00017
0.00017
0.00017
0.00056
-0.00042
0.00017
-0.00022
-0.00022
-0.00061
0.00036
-0.00022
0.00036
0.00017
0.00017
0.00036
0.00036
0.00036
0.00017
0.00075
0.00036
0.00017
0.00036
0.00036
0.00056
0.00036
0.00036
0.00017
-3e-05
-0.00022
-0.00022
-0.00081
-0.00022
-0.00042
-0.00022
-0.00022
-0.00081
-0.00081
-0.00081
-0.0012
-0.00081
-0.00061
-0.00022
-0.00081
-0.00139
-0.00081
-0.00139
-0.00139
-0.00139
-0.001
-0.00081
-0.00081
-0.001
-0.0012
-0.0012
-0.00061
-0.0012
-0.0012
-0.001
-0.00081
-0.001
-0.00081
-0.00042
-0.00081
-0.00042
-0.00061
-0.00061
-3e-05
-0.00022
-3e-05
-3e-05
-3e-05
-0.00022
-0.00042
-0.00022
-0.00042
-3e-05
0.00017
-3e-05
-0.00022
-0.00042
-0.00081
-0.00061
-0.00042
-0.00061
-0.00061
-0.00061
-0.00061
-0.001
-0.00081
-0.00042
-0.00042
-0.001
-0.00081
-0.001
-0.00042
-0.00061
-0.001
-0.00081
-0.001
-0.00061
-0.00042
-0.001
-0.00061
-0.001
-0.0012
-0.001
-0.0012
-0.0012
-0.00159
-0.0012
-0.00139
-0.00139
-0.001
-0.0012
-0.001
-0.00139
-0.00159
-0.00159
-0.00179
-0.0012
-0.00159
-0.001
-0.00159
-0.0012
-0.00139
-0.00179
-0.0012
-0.00139
-0.001
-0.00179
-0.0012
-0.00179
-0.00159
-0.00179
-0.0012
-0.00139
-0.001
-0.0012
-0.00139
-0.0012
-0.00139
-0.00159
-0.00198
-0.00159
-0.00159
-0.00139
-0.0012
-0.001
-0.00139
-0.0012
-0.00179
-0.00139
-0.00139
-0.0012
-0.00179
-0.00198
-0.00159
-0.00159
-0.00139
-0.00139
-0.0012
-0.00179
-0.00179
-0.00179
-0.00159
-0.00179
-0.00159
-0.00139
-0.00198
-0.00179
-0.00179
-0.00179
-0.00179
-0.00179
-0.00159
-0.00179
-0.00159
-0.00179
-0.00139
-0.00179
-0.00198
-0.00198
-0.00179
-0.00237
-0.00198
-0.00218
-0.00218
-0.00257
-0.00257
-0.00296
-0.00276
-0.00296
-0.00315
-0.00276
-0.00257
-0.00276
-0.00296
-0.00276
-0.00257
-0.00257
-0.00237
-0.00257
-0.00335
-0.00276
-0.00276
-0.00276
-0.00335
-0.00335
-0.00335
-0.00315
-0.00296
-0.00335
-0.00296
-0.00354
-0.00296
-0.00276
-0.00296
-0.00276
-0.00276
-0.00237
-0.00276
-0.00257
-0.00198
-0.00237
-0.00237
-0.00237
-0.00198
-0.00218
-0.00296
-0.00315
-0.00276
-0.00257
-0.00257
-0.00257
-0.00276
-0.00237
-0.00237
-0.00257
-0.00179
-0.00237
-0.00257
-0.00257
-0.00218
-0.00237
-0.00237
-0.00198
-0.00198
-0.00198
-0.00179
-0.00159
-0.00198
-0.00159
-0.00198
-0.00198
-0.00198
-0.00179
-0.00198
-0.00218
-0.00198
-0.00198
-0.00218
-0.00218
-0.00198
-0.00218
-0.00237
-0.00159
-0.00218
-0.00198
-0.00237
-0.00237
-0.00159
-0.00179
-0.00218
-0.00179
-0.00179
-0.00139
-0.00159
-0.00139
-0.00179
-0.00139
-0.00198
-0.00159
-0.00179
-0.00159
-0.00198
-0.00159
-0.00139
-0.00218
-0.00218
-0.00218
-0.00198
-0.00218
-0.00198
-0.00198
-0.00159
-0.00179
-0.00159
-0.00139
-0.00159
-0.00139
-0.00179
-0.00159
-0.00139
-0.00139
-0.00159
-0.00179
-0.00159
-0.00198
-0.00198
-0.00198
-0.00179
-0.00179
-0.00159
-0.00218
-0.00257
-0.00218
-0.00198
-0.00218
-0.00179
-0.00179
-0.00198
-0.00198
-0.00218
-0.00198
-0.00198
-0.00198
-0.00159
-0.00198
-0.00198
-0.00179
-0.00198
-0.00159
-0.00179
-0.00179
-0.00179
-0.00198
-0.00218
-0.00237
-0.00257
-0.00179
-0.00218
-0.00198
-0.00237
-0.00218
-0.00198
-0.00218
-0.00218
-0.00198
-0.00237
-0.00218
-0.00198
-0.00257
-0.00198
-0.00218
-0.00198
-0.00218
-0.00257
-0.00218
-0.00237
-0.00257
-0.00276
-0.00276
-0.00276
-0.00218
-0.00218
-0.00218
-0.00257
-0.00237
-0.00237
-0.00218
-0.00179
-0.00237
-0.00237
-0.00257
-0.00218
-0.00237
-0.00218
-0.00198
-0.00198
-0.00198
-0.00179
-0.00218
-0.00179
-0.00198
-0.00159
-0.00179
-0.00179
-0.00237
-0.00237
-0.00198
-0.00218
-0.00218
-0.00218
-0.00218
-0.00198
-0.00198
-0.00198
-0.00237
-0.00198
-0.00179
-0.00198
-0.00159
-0.00218
-0.00218
-0.00237
-0.00198
-0.00218
-0.00198
-0.00257
-0.00257
-0.00257
-0.00237
-0.00237
-0.00296
-0.00315
-0.00257
-0.00296
-0.00296
-0.00296
-0.00276
-0.00296
-0.00296
-0.00257
-0.00276
-0.00276
-0.00237
-0.00296
-0.00296
-0.00276
-0.00257
-0.00276
-0.00257
-0.00257
-0.00218
-0.00237
-0.00237
-0.00237
-0.00257
-0.00218
-0.00218
-0.00218
-0.00218
-0.00218
-0.00198
-0.00198
-0.00218
-0.00198
-0.00159
-0.00159
-0.00179
-0.00179
-0.00179
-0.00198
-0.00198
-0.00198
-0.00218
-0.00179
-0.00179
-0.00198
-0.00218
-0.00218
-0.00257
-0.00198
-0.00198
-0.00198
-0.00218
-0.00218
-0.00237
-0.00218
-0.00237
-0.00257
-0.00218
-0.00218
-0.00198
-0.00237
-0.00237
-0.00237
-0.00218
-0.00237
-0.00237
-0.00257
-0.00237
-0.00237
-0.00218
-0.00257
-0.00237
-0.00257
-0.00237
-0.00257
-0.00218
-0.00198
-0.00159
-0.00179
-0.00198
-0.00198
-0.00198
-0.00237
-0.00179
-0.00179
-0.00159
-0.00198
-0.00198
-0.00218
-0.00218
-0.00198
-0.00218
-0.00218
-0.00218
-0.00179
-0.00198
-0.00198
-0.00218
-0.00218
-0.00237
-0.00218
-0.00237
-0.00198
-0.00237
-0.00218
-0.00237
-0.00237
-0.00198
-0.00237
-0.00218
-0.00257
-0.00237
-0.00257
-0.00179
-0.00159
-0.00237
-0.00237
-0.00218
-0.00218
-0.00218
-0.00179
-0.00218
-0.00218
-0.00198
-0.00237
-0.00218
-0.00218
-0.00179
-0.00198
-0.00218
-0.00237
-0.00179
-0.00179
-0.00198
-0.00257
-0.00296
-0.00237
-0.00257
-0.00237
-0.00198
-0.00257
-0.00257
-0.00257
-0.00276
-0.00257
-0.00237
-0.00237
-0.00257
-0.00218
-0.00257
-0.00257
-0.00257
-0.00257
-0.00237
-0.00237
-0.00257
-0.00296
-0.00257
-0.00276
-0.00276
-0.00237
-0.00296
-0.00237
-0.00276
-0.00276
-0.00296
-0.00354
-0.00335
-0.00315
-0.00276
-0.00315
-0.00257
-0.00296
-0.00257
-0.00296
-0.00276
-0.00276
-0.00296
-0.00335
-0.00315
-0.00296
-0.00296
-0.00315
-0.00296
-0.00296
-0.00296
-0.00276
-0.00296
-0.00296
-0.00276
