-1.630000480000E-01

-0.00335
-0.00335
-0.00296
-0.00335
-0.00315
-0.00335
-0.00354
-0.00335
-0.00354
-0.00354
-0.00315
-0.00276
-0.00335
-0.00335
-0.00354
-0.00374
-0.00354
-0.00296
-0.00315
-0.00335
-0.00335
-0.00354
-0.00354
-0.00315
-0.00374
-0.00393
-0.00393
-0.00374
-0.00393
-0.00413
-0.00452
-0.00452
-0.00452
-0.00413
-0.00393
-0.00432
-0.00374
-0.00374
-0.00354
-0.00315
-0.00296
-0.00296
-0.00276
-0.00257
-0.00257
-0.00296
-0.00257
-0.00237
-0.00237
-0.00237
-0.00218
-0.00296
-0.00218
-0.00276
-0.00257
-0.00218
-0.00237
-0.00276
-0.00237
-0.00237
-0.00257
-0.00257
-0.00237
-0.00237
-0.00296
-0.00276
-0.00257
-0.00257
-0.00257
-0.00257
-0.00237
-0.00237
-0.00296
-0.00296
-0.00315
-0.00276
-0.00315
-0.00315
-0.00335
-0.00315
-0.00335
-0.00315
-0.00276
-0.00257
-0.00315
-0.00315
-0.00257
-0.00296
-0.00257
-0.00276
-0.00296
-0.00315
-0.00296
-0.00296
-0.00315
-0.00257
-0.00237
-0.00257
-0.00257
-0.00276
-0.00296
-0.00296
-0.00296
-0.00315
-0.00315
-0.00315
-0.00296
-0.00335
-0.00296
-0.00315
-0.00315
-0.00296
-0.00296
-0.00257
-0.00257
-0.00296
-0.00315
-0.00257
-0.00296
-0.00257
-0.00296
-0.00296
-0.00257
-0.00296
-0.00276
-0.00237
-0.00257
-0.00257
-0.00296
-0.00374
-0.00276
-0.00315
-0.00354
-0.00315
-0.00354
-0.00315
-0.00296
-0.00276
-0.00276
-0.00257
-0.00296
-0.00276
-0.00296
-0.00296
-0.00296
-0.00315
-0.00296
-0.00315
-0.00257
-0.00257
-0.00257
-0.00276
-0.00296
-0.00296
-0.00296
-0.00296
-0.00315
-0.00296
-0.00315
-0.00296
-0.00276
-0.00296
-0.00315
-0.00296
-0.00296
-0.00335
-0.00354
-0.00335
-0.00315
-0.00354
-0.00296
-0.00315
-0.00354
-0.00354
-0.00354
-0.00335
-0.00335
-0.00296
-0.00335
-0.00315
-0.00315
-0.00276
-0.00139
-0.00061
0.00036
0.00173
0.0029
0.00388
0.00505
0.00583
0.00681
0.00779
0.00876
0.00935
0.01013
0.01071
0.0113
0.01228
0.01247
0.01286
0.01286
0.01364
0.01384
0.01443
0.01443
0.01443
0.01501
0.0156
0.01501
0.01521
0.01521
0.01501
0.0156
0.01521
0.0156
0.01638
0.01755
0.01794
0.0195
0.02068
0.02282
0.02497
0.02634
0.02849
0.03064
0.03279
0.03493
0.0365
0.03747
0.03864
0.04021
0.04118
0.04294
0.0445
0.04607
0.04782
0.04958
0.05173
0.05329
0.05407
0.05564
0.05642
0.05759
0.05876
0.05974
0.06032
0.0613
0.06169
0.06208
0.06247
0.06306
0.06306
0.06286
0.06286
0.06306
0.06267
0.06286
0.06267
0.06228
0.06228
0.06228
0.06189
0.0615
0.0615
0.0613
0.0615
0.06111
0.06071
0.06052
0.06013
0.05954
0.05896
0.05896
0.05896
0.05857
0.05779
0.05798
0.05681
0.05622
0.05603
0.05505
0.05486
0.05388
0.05329
0.05271
0.05193
0.05173
0.05075
0.05036
0.04939
0.049
0.04861
0.04802
0.04724
0.04665
0.04607
0.04568
0.0447
0.04431
0.04353
0.04372
0.04294
0.04236
0.04196
0.04177
0.04079
0.0406
0.04001
0.03962
0.03884
0.03884
0.03825
0.03825
0.03689
0.0365
0.0363
0.03591
0.03552
0.03454
0.03435
0.03357
0.03337
0.03298
0.03298
0.03239
0.03181
0.03161
0.03103
0.03103
0.03005
0.02986
0.02986
0.02946
0.02849
0.02829
0.02751
0.02771
0.02693
0.02654
0.02634
0.02634
0.02556
0.02536
0.02517
0.02458
0.02361
0.0238
0.02341
0.02341
0.02321
0.02282
0.02282
0.02282
0.02185
0.02204
0.02204
0.02146
0.02126
0.02087
0.02048
0.01989
0.02009
0.0197
0.0195
0.01892
0.01853
0.01833
0.01814
0.01775
0.01775
0.01814
0.01755
0.01775
0.01696
0.01657
0.01599
0.01618
0.01579
0.01579
0.0156
0.0156
0.01501
0.01501
0.01482
0.01404
0.01404
0.01384
0.01384
0.01345
0.01325
0.01286
0.01247
0.01247
0.01228
0.01228
0.01247
0.0115
0.01169
0.01189
0.01169
0.01169
0.01169
0.0113
0.01111
0.01111
0.01111
0.01111
0.01071
0.01052
0.01071
0.01013
0.01032
0.00993
0.00954
0.00954
0.00896
0.00915
0.00896
0.00915
0.00857
0.00857
0.00857
0.00818
0.00837
0.00857
0.00818
0.00798
0.00818
0.00798
0.00779
0.00779
0.00759
0.007
0.007
0.00739
0.0072
0.0072
0.00661
0.00681
0.00642
0.00642
0.00642
0.00622
0.00603
0.00622
0.00583
0.00603
0.00583
0.00603
0.00603
0.00603
0.00603
0.00583
0.00505
0.00564
0.00544
0.00544
0.00544
0.00544
0.00583
0.00564
0.00544
0.00486
0.00505
0.00486
0.00486
0.00446
0.00427
0.00407
0.00466
0.00427
0.00466
0.00407
0.00427
0.00446
0.00407
0.00407
0.00368
0.00407
0.00349
0.00368
0.0031
0.0031
0.0029
0.00271
0.0031
0.00271
0.00251
0.00232
0.00193
0.00212
0.00193
0.00193
0.00193
0.00154
0.00212
0.00193
0.00232
0.00232
0.00154
0.00212
0.00173
0.00193
0.00154
0.00212
0.00193
0.00232
0.00212
0.00193
0.00193
0.00154
0.00212
0.00193
0.00173
0.00173
0.00134
0.00173
0.00114
0.00134
0.00095
0.00114
0.00036
0.00056
0.00056
0.00075
0.00017
0.00056
0.00017
0.00075
0.00036
0.00095
0.00036
0.00017
-3e-05
0.00017
0.00017
0.00017
0.00017
-3e-05
-3e-05
0.00017
0.00036
-0.00022
-3e-05
0.00017
0.00017
-3e-05
-3e-05
-3e-05
-0.00081
-0.00022
-0.00061
-0.00022
-0.00042
-3e-05
-0.00042
0.00017
-0.00042
-0.00081
-0.00022
-0.00061
-0.00042
-0.00022
-0.001
-0.00042
-0.00081
-0.00081
-0.00139
-0.00159
-0.0012
-0.00081
-0.0012
-0.0012
-0.0012
-0.001
-0.00139
-0.0012
-0.00218
-0.00139
-0.00179
-0.00159
-0.0012
-0.00061
-0.00139
-0.0012
-0.001
-0.0012
-0.001
-0.001
-0.0012
-0.001
-0.00081
-0.0012
-0.001
-0.00081
-0.001
-0.0012
-0.00139
-0.00061
-0.00042
-0.00081
-0.001
-0.00159
-0.001
-0.001
-0.0012
-0.00139
-0.001
-0.001
-0.00159
-0.00159
-0.00179
-0.00218
-0.00237
-0.00179
-0.00159
-0.00159
-0.00218
-0.00159
-0.00159
-0.001
-0.00159
-0.00159
-0.00139
-0.0012
-0.0012
-0.00159
-0.00179
-0.00139
-0.00159
-0.00139
-0.00179
-0.00159
-0.00159
-0.00139
-0.00139
-0.0012
-0.00139
-0.0012
-0.00139
-0.00159
-0.00139
-0.0012
-0.00159
-0.001
-0.00179
-0.00179
-0.00179
-0.00159
-0.00139
-0.00139
-0.00179
-0.00179
-0.00198
-0.00218
-0.00198
-0.00159
-0.00218
-0.00139
-0.00218
-0.00159
-0.00179
-0.00159
-0.00179
-0.00179
-0.00198
-0.00198
-0.00218
-0.00198
-0.00179
-0.00198
-0.00139
-0.00179
-0.00159
-0.0012
-0.00139
-0.00159
-0.00159
-0.00159
-0.00179
-0.00179
-0.00159
-0.00179
-0.00179
-0.00159
-0.00159
-0.00139
-0.0012
-0.00139
-0.0012
-0.00139
-0.00179
-0.00179
-0.00179
-0.00179
-0.00198
-0.00179
-0.00159
-0.00179
-0.00159
-0.00179
-0.00198
-0.00179
-0.00179
-0.00159
-0.00218
-0.00179
-0.00257
-0.00237
-0.00237
-0.00257
-0.00257
-0.00257
-0.00296
-0.00257
-0.00237
-0.00198
-0.00218
-0.00237
-0.00218
-0.00276
-0.00257
-0.00237
-0.00218
-0.00237
-0.00257
-0.00257
-0.00237
-0.00276
-0.00296
-0.00276
-0.00257
-0.00257
-0.00257
-0.00257
-0.00218
-0.00218
-0.00218
-0.00218
-0.00237
-0.00237
-0.00296
-0.00276
-0.00276
-0.00237
-0.00237
-0.00257
-0.00296
-0.00296
-0.00276
-0.00276
-0.00257
-0.00296
-0.00276
-0.00257
-0.00276
-0.00218
-0.00276
-0.00296
-0.00237
-0.00257
-0.00276
-0.00296
-0.00257
-0.00257
-0.00296
-0.00237
-0.00335
-0.00296
-0.00296
-0.00296
-0.00296
-0.00296
-0.00276
-0.00276
-0.00276
-0.00257
-0.00276
-0.00237
-0.00218
-0.00218
-0.00257
-0.00276
-0.00257
-0.00237
-0.00218
-0.00198
-0.00257
-0.00237
-0.00198
-0.00218
-0.00276
-0.00218
-0.00296
-0.00257
-0.00276
-0.00315
-0.00335
-0.00276
-0.00335
-0.00276
-0.00276
-0.00296
-0.00335
-0.00335
-0.00315
-0.00315
-0.00315
-0.00335
-0.00354
-0.00276
-0.00335
-0.00335
-0.00374
-0.00354
-0.00296
-0.00296
-0.00276
-0.00276
-0.00354
-0.00335
-0.00335
-0.00257
-0.00276
-0.00315
-0.00315
-0.00257
-0.00315
-0.00296
-0.00296
-0.00315
-0.00315
-0.00296
-0.00257
-0.00237
-0.00296
-0.00257
-0.00296
-0.00276
-0.00296
-0.00296
-0.00257
-0.00257
-0.00257
-0.00276
-0.00296
-0.00276
-0.00296
-0.00354
-0.00296
-0.00315
-0.00335
-0.00315
-0.00335
-0.00354
-0.00276
-0.00296
-0.00335
-0.00315
-0.00335
-0.00354
-0.00335
-0.00335
-0.00315
-0.00354
-0.00296
-0.00315
-0.00315
-0.00335
-0.00335
-0.00276
-0.00315
-0.00315
-0.00315
-0.00276
-0.00257
-0.00257
-0.00257
-0.00335
-0.00354
-0.00276
-0.00237
-0.00276
-0.00296
-0.00276
-0.00296
-0.00276
-0.00257
-0.00296
-0.00276
-0.00315
-0.00315
-0.00257
-0.00315
-0.00315
-0.00315
-0.00276
-0.00276
-0.00257
-0.00315
-0.00257
-0.00257
-0.00257
-0.00257
-0.00257
-0.00237
-0.00257
-0.00276
-0.00218
-0.00237
-0.00276
-0.00276
-0.00237
-0.00237
-0.00276
-0.00257
-0.00237
-0.00276
-0.00237
-0.00276
-0.00276
-0.00276
-0.00296
-0.00315
-0.00296
-0.00315
-0.00335
-0.00296
-0.00315
-0.00296
-0.00257
-0.00257
-0.00218
-0.00257
-0.00276
-0.00218
-0.00257
-0.00257
-0.00257
-0.00257
-0.00218
-0.00315
-0.00354
-0.00276
-0.00257
-0.00276
-0.00276
-0.00315
-0.00315
-0.00335
-0.00296
-0.00296
-0.00335
-0.00354
-0.00335
-0.00354
-0.00374
-0.00374
-0.00315
-0.00354
-0.00354
-0.00335
-0.00354
-0.00354
-0.00354
-0.00315
-0.00296
-0.00335
-0.00315
-0.00296
-0.00354
-0.00315
-0.00354
-0.00354
-0.00374
-0.00335
-0.00296
-0.00315
-0.00296
-0.00374
-0.00354
-0.00276
-0.00296
-0.00237
-0.00237
-0.00276
-0.00257
-0.00257
-0.00257
-0.00296
-0.00296
-0.00296
-0.00276
-0.00296
-0.00296
-0.00296
-0.00315
-0.00276
-0.00315
-0.00296
-0.00296
-0.00315
-0.00315
-0.00315
-0.00315
-0.00354
-0.00354
-0.00335
-0.00296
-0.00354
-0.00393
-0.00335
-0.00393
-0.00374
-0.00335
-0.00354
-0.00315
-0.00315
-0.00296
-0.00315
-0.00296
-0.00335
-0.00315
-0.00315
-0.00276
-0.00276
-0.00257
-0.00276
-0.00257
-0.00315
-0.00276
-0.00276
-0.00315
-0.00296
-0.00276
-0.00257
-0.00296
-0.00296
-0.00296
-0.00257
-0.00237
-0.00218
-0.00198
-0.00179
-0.00198
-0.00218
-0.00257
-0.00237
-0.00257
-0.00276
-0.00237
-0.00276
-0.00237
-0.00276
-0.00237
-0.00218
-0.00218
-0.00237
-0.00257
-0.00257
-0.00296
-0.00296
-0.00296
-0.00257
-0.00257
-0.00296
-0.00276
-0.00198
-0.00257
-0.00296
-0.00296
-0.00296
-0.00257
-0.00276
-0.00257
-0.00315
-0.00315
-0.00335
-0.00315
-0.00315
-0.00374
-0.00335
-0.00335
-0.00354
-0.00335
-0.00354
-0.00354
-0.00354
-0.00315
-0.00315
-0.00315
-0.00374
-0.00374
-0.00354
-0.00354
-0.00335
-0.00315
-0.00354
-0.00315
-0.00374
-0.00354
-0.00354
-0.00374
-0.00413
-0.00354
-0.00374
-0.00354
-0.00354
-0.00393
-0.00413
-0.00432
-0.00413
-0.00413
-0.00413
-0.00354
-0.00354
-0.00413
-0.00374
-0.00374
-0.00374
-0.00354
-0.00393
-0.00354
-0.00374
-0.00374
-0.00354
-0.00354
-0.00354
-0.00335
-0.00335
-0.00393
-0.00354
-0.00335
-0.00393
-0.00393
-0.00374
-0.00335
-0.00374
-0.00335
-0.00315
-0.00335
-0.00335
-0.00257
-0.00335
-0.00296
-0.00315
-0.00257
-0.00257
-0.00237
-0.00237
-0.00198
-0.00198
-0.00257
-0.00218
-0.00218
-0.00198
-0.00237
-0.00237
-0.00218
-0.00218
-0.00257
-0.00218
-0.00257
-0.00218
-0.00276
-0.00257
-0.00296
-0.00218
-0.00257
-0.00257
-0.00237
-0.00218
-0.00237
-0.00218
-0.00237
-0.00276
-0.00257
-0.00296
-0.00257
-0.00237
-0.00237
-0.00257
-0.00276
-0.00276
-0.00237
-0.00276
-0.00257
-0.00276
-0.00315
-0.00354
-0.00296
-0.00276
-0.00296
-0.00296
-0.00276
-0.00276
-0.00276
-0.00315
-0.00276
-0.00296
