-1.047000294400E+00

-0.00276
-0.00276
-0.00257
-0.00237
-0.00276
-0.00257
-0.00237
-0.00218
-0.00218
-0.00257
-0.00257
-0.00257
-0.00237
-0.00276
-0.00257
-0.00257
-0.00296
-0.00257
-0.00296
-0.00257
-0.00296
-0.00296
-0.00296
-0.00257
-0.00276
-0.00218
-0.00218
-0.00257
-0.00257
-0.00257
-0.00276
-0.00276
-0.00315
-0.00315
-0.00276
-0.00257
-0.00315
-0.00276
-0.00335
-0.00276
-0.00276
-0.00257
-0.00257
-0.00276
-0.00354
-0.00315
-0.00335
-0.00296
-0.00315
-0.00335
-0.00315
-0.00335
-0.00296
-0.00237
-0.00237
-0.00237
-0.00237
-0.00218
-0.00218
-0.00237
-0.00237
-0.00198
-0.00218
-0.00218
-0.00237
-0.00296
-0.00257
-0.00257
-0.00276
-0.00276
-0.00296
-0.00257
-0.00276
-0.00296
-0.00335
-0.00257
-0.00296
-0.00257
-0.00257
-0.00257
-0.00296
-0.00276
-0.00237
-0.00276
-0.00257
-0.00276
-0.00296
-0.00315
-0.00296
-0.00296
-0.00276
-0.00296
-0.00354
-0.00315
-0.00296
-0.00315
-0.00354
-0.00374
-0.00315
-0.00296
-0.00296
-0.00296
-0.00296
-0.00276
-0.00237
-0.00237
-0.00257
-0.00276
-0.00257
-0.00257
-0.00257
-0.00218
-0.00276
-0.00257
-0.00257
-0.00237
-0.00276
-0.00296
-0.00296
-0.00296
-0.00335
-0.00218
-0.00296
-0.00257
-0.00237
-0.00198
-0.00257
-0.00257
-0.00296
-0.00237
-0.00276
-0.00257
-0.00296
-0.00257
-0.00237
-0.00237
-0.00257
-0.00257
-0.00296
-0.00315
-0.00276
-0.00276
-0.00296
-0.00315
-0.00276
-0.00276
-0.00257
-0.00276
-0.00296
-0.00257
-0.00276
-0.00257
-0.00237
-0.00276
-0.00237
-0.00257
-0.00296
-0.00296
-0.00296
-0.00315
-0.00315
-0.00296
-0.00257
-0.00276
-0.00237
-0.00257
-0.00296
-0.00296
-0.00315
-0.00276
-0.00296
-0.00296
-0.00296
-0.00257
-0.00257
-0.00296
-0.00296
-0.00257
-0.00315
-0.00296
-0.00354
-0.00315
-0.00276
-0.00296
-0.00335
-0.00393
-0.00354
-0.00354
-0.00315
-0.00296
-0.00335
-0.00257
-0.00296
-0.00315
-0.00335
-0.00315
-0.00315
-0.00335
-0.00296
-0.00296
-0.00315
-0.00276
-0.00296
-0.00276
-0.00276
-0.00257
-0.00276
-0.00257
-0.00315
-0.00257
-0.00237
-0.00179
-0.00179
-3e-05
0.00036
0.00193
0.00232
0.00388
0.00446
0.00603
0.007
0.00818
0.00954
0.0113
0.01345
0.0156
0.01853
0.02146
0.024
0.02693
0.02907
0.03161
0.03474
0.03767
0.04079
0.04333
0.04626
0.0488
0.05114
0.05349
0.05525
0.05661
0.05876
0.06032
0.0615
0.06247
0.06404
0.06462
0.06579
0.06618
0.06657
0.06716
0.06736
0.06794
0.06833
0.06775
0.06814
0.06775
0.06814
0.06794
0.06755
0.06716
0.06677
0.06599
0.06638
0.06599
0.0654
0.0654
0.06443
0.06423
0.06404
0.06423
0.06404
0.06364
0.06306
0.06306
0.06306
0.06247
0.06228
0.06189
0.0615
0.06111
0.06013
0.05993
0.05954
0.05896
0.05876
0.05779
0.057
0.05661
0.05603
0.05583
0.05486
0.05446
0.05329
0.05271
0.05212
0.05173
0.05134
0.05075
0.05017
0.049
0.0488
0.04821
0.04763
0.04704
0.04665
0.04587
0.04587
0.04489
0.04431
0.04411
0.04333
0.04275
0.04216
0.04177
0.04157
0.04079
0.04001
0.03962
0.03845
0.03845
0.03786
0.03747
0.03728
0.03669
0.03571
0.03513
0.03532
0.03493
0.03474
0.03337
0.03298
0.03298
0.032
0.032
0.03122
0.03083
0.03083
0.03025
0.02966
0.02907
0.02868
0.02888
0.0281
0.02829
0.02712
0.02693
0.02654
0.02634
0.02556
0.02536
0.02517
0.02517
0.02478
0.02458
0.024
0.02361
0.02341
0.02361
0.02321
0.02282
0.02263
0.02204
0.02204
0.02204
0.02185
0.02185
0.02126
0.02068
0.02068
0.02048
0.02068
0.02009
0.0195
0.0195
0.01872
0.01892
0.01853
0.01833
0.01814
0.01794
0.01775
0.01716
0.01696
0.01657
0.01638
0.01579
0.01638
0.01599
0.01579
0.0154
0.01579
0.0156
0.01501
0.01462
0.01404
0.01404
0.01404
0.01384
0.01364
0.01306
0.01345
0.01286
0.01306
0.01286
0.01286
0.01247
0.01267
0.01247
0.01208
0.01169
0.0115
0.0113
0.01111
0.01052
0.01111
0.01071
0.01052
0.01052
0.01013
0.01013
0.00993
0.00935
0.00935
0.00915
0.00896
0.00896
0.00876
0.00876
0.00837
0.00857
0.00876
0.00857
0.00857
0.00876
0.00818
0.00818
0.00837
0.00818
0.00779
0.00818
0.00798
0.00798
0.00759
0.00739
0.00681
0.00661
0.00642
0.00622
0.00661
0.00681
0.00622
0.00603
0.00583
0.00583
0.00564
0.00544
0.00564
0.00564
0.00466
0.00486
0.00525
0.00525
0.00505
0.00486
0.00525
0.00544
0.00486
0.00505
0.00446
0.00505
0.00466
0.00466
0.00427
0.00446
0.00466
0.00446
0.00427
0.00407
0.00407
0.00368
0.00388
0.00349
0.00349
0.00368
0.00368
0.0031
0.00329
0.00329
0.00368
0.00329
0.0031
0.00349
0.00329
0.00329
0.00329
0.0031
0.00271
0.00271
0.00212
0.00232
0.00193
0.00251
0.00212
0.00251
0.00212
0.00232
0.00193
0.00193
0.00173
0.00212
0.00212
0.00193
0.00251
0.00232
0.00173
0.00193
0.00173
0.00173
0.00193
0.00232
0.00154
0.00212
0.00173
0.00173
0.00173
0.00154
0.00193
0.00154
0.00173
0.00154
0.00114
0.00114
0.00114
0.00114
0.00075
0.00095
0.00114
0.00114
0.00095
0.00056
0.00075
0.00095
0.00075
0.00075
0.00075
0.00095
0.00036
0.00036
0.00036
0.00056
0.00017
0.00036
0.00017
0.00036
-3e-05
0.00017
-0.00022
-0.00042
-0.00081
-0.001
-0.00081
-0.00022
-0.00061
-0.00042
-0.00042
-0.00061
-0.00061
-0.00081
-0.00022
-0.00042
-0.00042
-0.00081
-0.00042
-0.00061
-0.00081
-0.00081
-0.00042
-0.00042
-0.00042
-0.00061
-0.00042
-0.00042
-0.00042
-0.00022
-0.001
-0.00081
-0.00061
-0.00061
-0.00061
-0.00042
-0.00042
-0.00042
0.00017
-0.00022
-0.00022
-3e-05
-3e-05
-0.00042
-0.00061
-0.00022
-0.00042
-0.00042
-0.00022
-0.00061
-0.00022
-0.001
-0.00061
-0.00081
-0.00081
-0.00042
-0.00042
-0.001
-0.00081
-0.00042
-0.001
-0.001
-0.001
-0.001
-0.00139
-0.00159
-0.00139
-0.00159
-0.00139
-0.00139
-0.00081
-0.00159
-0.00159
-0.00159
-0.0012
-0.001
-0.0012
-0.0012
-0.00159
-0.00159
-0.00198
-0.00139
-0.00139
-0.00139
-0.001
-0.00139
-0.001
-0.00139
-0.00159
-0.00159
-0.00139
-0.00159
-0.00179
-0.00179
-0.00179
-0.00218
-0.00179
-0.00159
-0.00198
-0.00159
-0.00198
-0.00179
-0.00179
-0.00179
-0.00218
-0.00179
-0.00179
-0.00139
-0.00159
-0.0012
-0.00139
-0.00159
-0.00159
-0.00139
-0.0012
-0.0012
-0.0012
-0.00179
-0.00198
-0.00159
-0.00159
-0.00159
-0.00139
-0.00159
-0.00159
-0.0012
-0.00179
-0.00198
-0.00218
-0.00179
-0.00159
-0.00179
-0.00139
-0.00179
-0.00159
-0.00139
-0.00159
-0.00159
-0.00179
-0.00139
-0.00179
-0.00139
-0.00139
-0.00139
-0.00139
-0.00159
-0.00159
-0.00198
-0.00139
-0.00198
-0.00179
-0.00179
-0.00198
-0.00198
-0.00237
-0.00198
-0.00218
-0.00198
-0.00159
-0.00218
-0.00218
-0.00218
-0.00237
-0.00237
-0.00218
-0.00237
-0.00198
-0.00218
-0.00296
-0.00237
-0.00296
-0.00257
-0.00296
-0.00276
-0.00296
-0.00257
-0.00257
-0.00276
-0.00276
-0.00276
-0.00257
-0.00218
-0.00257
-0.00257
-0.00257
-0.00237
-0.00237
-0.00237
-0.00257
-0.00237
-0.00237
-0.00218
-0.00257
-0.00218
-0.00218
-0.00218
-0.00218
-0.00198
-0.00179
-0.00257
-0.00257
-0.00257
-0.00276
-0.00257
-0.00237
-0.00237
-0.00276
-0.00237
-0.00296
-0.00296
-0.00296
-0.00296
-0.00315
-0.00335
-0.00315
-0.00296
-0.00296
-0.00257
-0.00296
-0.00257
-0.00276
-0.00257
-0.00257
-0.00198
-0.00237
-0.00237
-0.00198
-0.00179
-0.00218
-0.00257
-0.00198
-0.00237
-0.00198
-0.00198
-0.00218
-0.00218
-0.00218
-0.00218
-0.00218
-0.00237
-0.00237
-0.00218
-0.00159
-0.00179
-0.00257
-0.00276
-0.00257
-0.00257
-0.00257
-0.00257
-0.00296
-0.00237
-0.00276
-0.00257
-0.00276
-0.00315
-0.00276
-0.00296
-0.00276
-0.00296
-0.00296
-0.00237
-0.00257
-0.00237
-0.00296
-0.00276
-0.00276
-0.00257
-0.00257
-0.00257
-0.00257
-0.00276
-0.00296
-0.00296
-0.00296
-0.00315
-0.00296
-0.00257
-0.00257
-0.00296
-0.00296
-0.00296
-0.00276
-0.00257
-0.00296
-0.00257
-0.00296
-0.00237
-0.00257
-0.00257
-0.00237
-0.00257
-0.00257
-0.00237
-0.00257
-0.00198
-0.00276
-0.00257
-0.00335
-0.00315
-0.00296
-0.00315
-0.00354
-0.00315
-0.00296
-0.00335
-0.00276
-0.00276
-0.00315
-0.00315
-0.00335
-0.00315
-0.00354
-0.00315
-0.00335
-0.00276
-0.00315
-0.00276
-0.00354
-0.00296
-0.00315
-0.00276
-0.00296
-0.00257
-0.00296
-0.00257
-0.00237
-0.00218
-0.00237
-0.00237
-0.00237
-0.00237
-0.00276
-0.00237
-0.00257
-0.00237
-0.00237
-0.00218
-0.00276
-0.00237
-0.00257
-0.00257
-0.00218
-0.00257
-0.00257
-0.00218
-0.00237
-0.00237
-0.00276
-0.00237
-0.00218
-0.00218
-0.00257
-0.00257
-0.00276
-0.00296
-0.00296
-0.00257
-0.00296
-0.00276
-0.00257
-0.00257
-0.00315
-0.00257
-0.00237
-0.00218
-0.00257
-0.00257
-0.00276
-0.00218
-0.00218
-0.00257
-0.00276
-0.00237
-0.00237
-0.00276
-0.00276
-0.00276
-0.00276
-0.00257
-0.00257
-0.00257
-0.00237
-0.00257
-0.00276
-0.00257
-0.00276
-0.00237
-0.00276
-0.00276
-0.00237
-0.00276
-0.00296
-0.00257
-0.00257
-0.00237
-0.00198
-0.00198
-0.00237
-0.00218
-0.00257
-0.00276
-0.00296
-0.00276
-0.00315
-0.00315
-0.00354
-0.00296
-0.00354
-0.00335
-0.00354
-0.00354
-0.00374
-0.00335
-0.00315
-0.00335
-0.00335
-0.00374
-0.00335
-0.00354
-0.00335
-0.00335
-0.00335
-0.00315
-0.00315
-0.00296
-0.00335
-0.00276
-0.00237
-0.00257
-0.00257
-0.00257
-0.00218
-0.00218
-0.00218
-0.00257
-0.00218
-0.00198
-0.00237
-0.00179
-0.00218
-0.00139
-0.00179
-0.00198
-0.00218
-0.00179
-0.00257
-0.00198
-0.00179
-0.00198
-0.00218
-0.00257
-0.00218
-0.00198
-0.00218
-0.00198
-0.00237
-0.00218
-0.00276
-0.00296
-0.00237
-0.00237
-0.00257
-0.00276
-0.00315
-0.00257
-0.00315
-0.00296
-0.00335
-0.00354
-0.00315
-0.00315
-0.00374
-0.00315
-0.00296
-0.00315
-0.00315
-0.00296
-0.00276
-0.00296
-0.00315
-0.00296
-0.00315
-0.00335
-0.00296
-0.00315
-0.00296
-0.00276
-0.00315
-0.00315
-0.00237
-0.00296
-0.00237
-0.00237
-0.00237
-0.00257
-0.00218
-0.00179
-0.00237
-0.00218
-0.00237
-0.00218
-0.00198
-0.00218
-0.00198
-0.00237
-0.00218
-0.00218
-0.00276
-0.00237
-0.00237
-0.00198
-0.00276
-0.00257
-0.00276
-0.00218
-0.00218
-0.00237
-0.00276
-0.00237
-0.00296
-0.00276
-0.00276
-0.00257
-0.00237
-0.00276
-0.00257
-0.00257
-0.00315
-0.00315
-0.00315
-0.00315
-0.00296
-0.00315
-0.00296
-0.00335
-0.00315
-0.00276
-0.00296
-0.00237
-0.00237
-0.00257
-0.00276
-0.00315
-0.00296
-0.00257
-0.00315
-0.00296
-0.00257
-0.00276
-0.00296
-0.00276
-0.00237
-0.00218
-0.00257
-0.00237
-0.00257
-0.00257
-0.00296
-0.00315
-0.00296
-0.00276
-0.00296
-0.00296
-0.00296
-0.00315
-0.00315
-0.00315
-0.00354
-0.00335
-0.00354
-0.00296
-0.00335
-0.00315
-0.00335
-0.00315
-0.00335
-0.00335
-0.00296
-0.00296
-0.00335
-0.00315
-0.00257
-0.00257
-0.00276
-0.00335
-0.00335
-0.00354
-0.00296
-0.00237
-0.00296
-0.00257
-0.00296
-0.00237
-0.00257
-0.00257
-0.00237
-0.00257
-0.00237
-0.00237
-0.00198
-0.00198
-0.00218
-0.00237
-0.00237
-0.00198
-0.00257
-0.00276
-0.00315
-0.00276
-0.00276
-0.00296
-0.00296
-0.00335
-0.00296
-0.00335
-0.00354
-0.00296
-0.00335
-0.00315
-0.00354
-0.00354
-0.00374
-0.00374
-0.00374
-0.00315
-0.00335
-0.00374
-0.00393
-0.00374
-0.00413
-0.00354
-0.00413
-0.00413
-0.00413
-0.00374
-0.00393
-0.00335
-0.00315
-0.00374
-0.00335
-0.00374
-0.00335
-0.00354
