-1.196000336000E+00

-0.00237
-0.00237
-0.00276
-0.00237
-0.00276
-0.00198
-0.00237
-0.00257
-0.00237
-0.00218
-0.00257
-0.00237
-0.00198
-0.00198
-0.00218
-0.00276
-0.00237
-0.00257
-0.00335
-0.00296
-0.00335
-0.00335
-0.00315
-0.00354
-0.00315
-0.00315
-0.00296
-0.00276
-0.00315
-0.00315
-0.00315
-0.00296
-0.00354
-0.00296
-0.00315
-0.00276
-0.00335
-0.00315
-0.00335
-0.00315
-0.00315
-0.00276
-0.00276
-0.00296
-0.00296
-0.00296
-0.00296
-0.00296
-0.00335
-0.00296
-0.00276
-0.00276
-0.00276
-0.00257
-0.00276
-0.00296
-0.00276
-0.00276
-0.00237
-0.00257
-0.00237
-0.00237
-0.00296
-0.00257
-0.00257
-0.00257
-0.00276
-0.00276
-0.00296
-0.00296
-0.00257
-0.00257
-0.00257
-0.00257
-0.00237
-0.00296
-0.00257
-0.00237
-0.00276
-0.00218
-0.00257
-0.00218
-0.00276
-0.00218
-0.00296
-0.00257
-0.00296
-0.00257
-0.00257
-0.00276
-0.00296
-0.00257
-0.00296
-0.00296
-0.00335
-0.00315
-0.00315
-0.00315
-0.00276
-0.00276
-0.00315
-0.00296
-0.00335
-0.00257
-0.00276
-0.00257
-0.00276
-0.00257
-0.00218
-0.00257
-0.00218
-0.00237
-0.00237
-0.00218
-0.00276
-0.00218
-0.00257
-0.00237
-0.00257
-0.00257
-0.00218
-0.00237
-0.00257
-0.00237
-0.00237
-0.00237
-0.00237
-0.00237
-0.00257
-0.00218
-0.00237
-0.00276
-0.00296
-0.00218
-0.00198
-0.00198
-0.00198
-0.00218
-0.00218
-0.00237
-0.00218
-0.00218
-0.00237
-0.00218
-0.00218
-0.00179
-0.00218
-0.00198
-0.00237
-0.00159
-0.00198
-0.00218
-0.00237
-0.00198
-0.00257
-0.00198
-0.00237
-0.00218
-0.00179
-0.00237
-0.00218
-0.00198
-0.00237
-0.00198
-0.00237
-0.00276
-0.00296
-0.00218
-0.00257
-0.00276
-0.00296
-0.00218
-0.00315
-0.00257
-0.00296
-0.00296
-0.00296
-0.00218
-0.00276
-0.00237
-0.00335
-0.00257
-0.00257
-0.00257
-0.00257
-0.00257
-0.00296
-0.00296
-0.00315
-0.00315
-0.00354
-0.00315
-0.00257
-0.00296
-0.00354
-0.00315
-0.00335
-0.00296
-0.00315
-0.00335
-0.00276
-0.00237
-0.00257
-0.00276
-0.00218
-0.00237
-0.00296
-0.00257
-0.00257
-0.00237
-0.00237
-0.00257
-0.00257
-0.00257
-0.00179
-0.00139
-0.00022
0.00095
0.00193
0.0031
0.00446
0.00544
0.00681
0.00779
0.01013
0.01267
0.01521
0.01755
0.02126
0.02361
0.02614
0.02927
0.03181
0.03493
0.03747
0.0404
0.04392
0.04626
0.04919
0.05154
0.05388
0.05544
0.05779
0.05935
0.06091
0.06228
0.06306
0.06384
0.06443
0.06521
0.06618
0.06677
0.06716
0.06755
0.06814
0.06794
0.06833
0.06814
0.06794
0.06833
0.06833
0.06814
0.06755
0.06716
0.06696
0.06657
0.06599
0.0656
0.06462
0.06443
0.06364
0.06306
0.06189
0.06189
0.0613
0.06111
0.06052
0.06013
0.05896
0.05837
0.05779
0.05661
0.05603
0.05544
0.05486
0.05349
0.0529
0.05232
0.05212
0.05154
0.05056
0.04997
0.04919
0.049
0.04841
0.04802
0.04704
0.04665
0.04548
0.04548
0.0447
0.04411
0.04353
0.04294
0.04236
0.04236
0.04138
0.04079
0.04079
0.04021
0.03962
0.03904
0.03884
0.03884
0.03767
0.03728
0.03689
0.03669
0.03591
0.03532
0.03493
0.03454
0.03415
0.03396
0.03298
0.03259
0.03161
0.03122
0.03083
0.03044
0.02946
0.03005
0.02907
0.02888
0.0281
0.02829
0.02712
0.02712
0.02693
0.02654
0.02654
0.02595
0.02595
0.02575
0.02517
0.02536
0.02478
0.02497
0.024
0.0238
0.0238
0.024
0.02341
0.02341
0.02302
0.02224
0.02224
0.02185
0.02165
0.02068
0.02068
0.02126
0.02048
0.02009
0.0197
0.0197
0.01931
0.01911
0.01872
0.01853
0.01833
0.01814
0.01794
0.01775
0.01736
0.01677
0.01657
0.01599
0.0156
0.01599
0.01521
0.01599
0.0154
0.01521
0.01521
0.01462
0.01423
0.01462
0.01443
0.01423
0.01364
0.01364
0.01345
0.01364
0.01267
0.01325
0.01325
0.01267
0.01267
0.01286
0.01247
0.01208
0.01189
0.01189
0.01189
0.01111
0.01091
0.01111
0.01091
0.01052
0.01032
0.01071
0.01032
0.01013
0.00993
0.00915
0.00915
0.00915
0.00935
0.00915
0.00876
0.00876
0.00876
0.00876
0.00818
0.00779
0.00798
0.00759
0.00798
0.00837
0.00798
0.00779
0.00798
0.00779
0.00779
0.00818
0.00798
0.00798
0.00779
0.00759
0.0072
0.00739
0.0072
0.00681
0.007
0.00642
0.00642
0.00622
0.00603
0.00583
0.00564
0.00603
0.00583
0.00564
0.00603
0.00583
0.00603
0.00544
0.00564
0.00564
0.00564
0.00564
0.00486
0.00505
0.00544
0.00544
0.00525
0.00525
0.00427
0.00446
0.00407
0.00446
0.00407
0.00407
0.00368
0.00368
0.00349
0.00349
0.00368
0.00349
0.00388
0.00368
0.00368
0.00388
0.00329
0.00329
0.00349
0.00349
0.0031
0.00329
0.00271
0.0031
0.0029
0.0031
0.00271
0.0029
0.00251
0.00271
0.00212
0.00212
0.00232
0.00232
0.00232
0.00173
0.00193
0.00212
0.00212
0.00154
0.00154
0.00193
0.00193
0.00154
0.00173
0.00154
0.00193
0.00173
0.00134
0.00173
0.00154
0.00173
0.00173
0.00114
0.00114
0.00134
0.00114
0.00095
0.00134
0.00114
0.00114
0.00154
0.00114
0.00154
0.00056
0.00114
0.00095
0.00114
0.00095
0.00075
0.00056
0.00095
0.00056
0.00095
0.00056
0.00056
0.00056
0.00095
0.00095
0.00036
0.00075
0.00017
0.00017
-0.00042
-3e-05
-3e-05
-0.00022
-3e-05
-0.00022
-0.00022
-0.00061
-0.00061
-0.00061
-0.00081
-0.00042
-0.00061
-0.00081
-0.00061
-0.00061
-0.00042
-0.00022
-0.00042
-0.00081
-0.00061
-0.00022
-0.00022
-0.00042
-0.00061
-0.00081
-0.00061
-0.00061
-0.00022
-0.00042
-0.00022
-0.00022
-0.00061
-0.00042
-0.00061
-0.00081
-0.00042
-0.00081
-0.00081
-0.00061
-0.00061
-0.00061
-0.001
-0.00081
-0.00042
-0.00061
-0.00081
-0.001
-0.00081
-0.00081
-0.001
-0.00139
-0.00139
-0.00139
-0.001
-0.0012
-0.001
-0.00139
-0.00139
-0.001
-0.00081
-0.00139
-0.0012
-0.00139
-0.0012
-0.001
-0.00081
-0.00081
-0.00081
-0.001
-0.0012
-0.0012
-0.00139
-0.0012
-0.00139
-0.0012
-0.00081
-0.0012
-0.00159
-0.00139
-0.00159
-0.00139
-0.00198
-0.0012
-0.00179
-0.00198
-0.00179
-0.00179
-0.00139
-0.00159
-0.00159
-0.00179
-0.00198
-0.00218
-0.00237
-0.00198
-0.00218
-0.00218
-0.00179
-0.00218
-0.00237
-0.00237
-0.00237
-0.00257
-0.00237
-0.00198
-0.00218
-0.00198
-0.00198
-0.00179
-0.00237
-0.00198
-0.00179
-0.00198
-0.00218
-0.00218
-0.00179
-0.00179
-0.00179
-0.00159
-0.00198
-0.00159
-0.00139
-0.00179
-0.00159
-0.00159
-0.00198
-0.00198
-0.00179
-0.00218
-0.00198
-0.00179
-0.00218
-0.00198
-0.00179
-0.00198
-0.00198
-0.00198
-0.00179
-0.00218
-0.00218
-0.00179
-0.00257
-0.00237
-0.00218
-0.00179
-0.00198
-0.00218
-0.00237
-0.00198
-0.00218
-0.00237
-0.00257
-0.00237
-0.00257
-0.00257
-0.00257
-0.00257
-0.00296
-0.00218
-0.00237
-0.00257
-0.00257
-0.00296
-0.00257
-0.00315
-0.00237
-0.00296
-0.00276
-0.00257
-0.00257
-0.00276
-0.00296
-0.00218
-0.00237
-0.00257
-0.00257
-0.00276
-0.00315
-0.00296
-0.00257
-0.00218
-0.00218
-0.00257
-0.00218
-0.00198
-0.00218
-0.00218
-0.00218
-0.00237
-0.00237
-0.00218
-0.00257
-0.00198
-0.00179
-0.00237
-0.00237
-0.00276
-0.00276
-0.00237
-0.00257
-0.00237
-0.00237
-0.00257
-0.00218
-0.00276
-0.00257
-0.00257
-0.00237
-0.00257
-0.00257
-0.00218
-0.00218
-0.00237
-0.00237
-0.00276
-0.00257
-0.00179
-0.00257
-0.00257
-0.00159
-0.00179
-0.00139
-0.00237
-0.00257
-0.00218
-0.00237
-0.00218
-0.00296
-0.00276
-0.00257
-0.00315
-0.00276
-0.00315
-0.00276
-0.00276
-0.00257
-0.00237
-0.00237
-0.00296
-0.00296
-0.00296
-0.00257
-0.00257
-0.00276
-0.00257
-0.00257
-0.00237
-0.00276
-0.00296
-0.00296
-0.00315
-0.00276
-0.00296
-0.00296
-0.00315
-0.00276
-0.00276
-0.00257
-0.00276
-0.00276
-0.00257
-0.00296
-0.00257
-0.00276
-0.00257
-0.00296
-0.00315
-0.00257
-0.00296
-0.00296
-0.00315
-0.00276
-0.00237
-0.00257
-0.00237
-0.00257
-0.00218
-0.00198
-0.00237
-0.00198
-0.00257
-0.00237
-0.00237
-0.00237
-0.00198
-0.00218
-0.00237
-0.00218
-0.00198
-0.00218
-0.00218
-0.00198
-0.00237
-0.00218
-0.00237
-0.00237
-0.00237
-0.00218
-0.00237
-0.00218
-0.00257
-0.00296
-0.00315
-0.00296
-0.00315
-0.00276
-0.00276
-0.00257
-0.00296
-0.00315
-0.00276
-0.00237
-0.00237
-0.00237
-0.00276
-0.00296
-0.00276
-0.00276
-0.00296
-0.00276
-0.00276
-0.00257
-0.00257
-0.00276
-0.00276
-0.00276
-0.00237
-0.00237
-0.00237
-0.00257
-0.00257
-0.00237
-0.00237
-0.00218
-0.00237
-0.00276
-0.00276
-0.00257
-0.00296
-0.00276
-0.00296
-0.00257
-0.00276
-0.00237
-0.00276
-0.00257
-0.00276
-0.00237
-0.00257
-0.00257
-0.00237
-0.00257
-0.00276
-0.00276
-0.00257
-0.00218
-0.00198
-0.00218
-0.00237
-0.00198
-0.00237
-0.00218
-0.00237
-0.00179
-0.00257
-0.00276
-0.00296
-0.00296
-0.00276
-0.00257
-0.00276
-0.00179
-0.00237
-0.00296
-0.00276
-0.00218
-0.00218
-0.00218
-0.00218
-0.00198
-0.00257
-0.00257
-0.00257
-0.00218
-0.00237
-0.00237
-0.00237
-0.00237
-0.00237
-0.00237
-0.00257
-0.00276
-0.00276
-0.00237
-0.00257
-0.00237
-0.00276
-0.00257
-0.00315
-0.00296
-0.00315
-0.00276
-0.00296
-0.00257
-0.00276
-0.00257
-0.00218
-0.00276
-0.00237
-0.00276
-0.00276
-0.00257
-0.00237
-0.00257
-0.00237
-0.00237
-0.00218
-0.00276
-0.00237
-0.00257
-0.00237
-0.00257
-0.00276
-0.00296
-0.00296
-0.00237
-0.00218
-0.00198
-0.00198
-0.00218
-0.00237
-0.00218
-0.00237
-0.00296
-0.00296
-0.00237
-0.00198
-0.00257
-0.00276
-0.00257
-0.00276
-0.00218
-0.00276
-0.00257
-0.00296
-0.00237
-0.00276
-0.00218
-0.00237
-0.00257
-0.00276
-0.00276
-0.00198
-0.00218
-0.00276
-0.00276
-0.00218
-0.00218
-0.00257
-0.00218
-0.00198
-0.00237
-0.00296
-0.00296
-0.00276
-0.00276
-0.00276
-0.00276
-0.00237
-0.00296
-0.00315
-0.00315
-0.00335
-0.00374
-0.00374
-0.00354
-0.00374
-0.00393
-0.00374
-0.00335
-0.00374
-0.00374
-0.00335
-0.00335
-0.00315
-0.00296
-0.00276
-0.00296
-0.00335
-0.00296
-0.00315
-0.00315
-0.00315
-0.00354
-0.00315
-0.00354
-0.00335
-0.00276
-0.00296
-0.00296
-0.00276
-0.00276
-0.00296
-0.00257
-0.00257
-0.00218
-0.00257
-0.00237
-0.00237
-0.00198
-0.00237
-0.00218
-0.00237
-0.00237
-0.00257
-0.00198
-0.00257
-0.00218
-0.00237
-0.00237
-0.00276
-0.00257
-0.00296
-0.00257
-0.00276
-0.00257
-0.00276
-0.00276
-0.00276
-0.00315
-0.00315
-0.00296
-0.00296
-0.00296
-0.00276
-0.00276
-0.00276
-0.00276
-0.00276
-0.00237
-0.00237
-0.00198
-0.00276
-0.00257
-0.00237
-0.00218
-0.00257
-0.00237
-0.00257
-0.00237
-0.00257
-0.00237
-0.00237
-0.00198
-0.00276
-0.00198
-0.00218
-0.00179
-0.00198
-0.00218
-0.00257
-0.00237
-0.00237
-0.00257
-0.00296
-0.00296
-0.00335
-0.00257
-0.00335
-0.00276
-0.00276
-0.00257
-0.00296
-0.00296
-0.00354
-0.00354
-0.00335
-0.00315
-0.00335
-0.00354
-0.00335
-0.00335
-0.00354
-0.00315
-0.00276
-0.00237
-0.00335
-0.00296
-0.00354
-0.00354
-0.00335
-0.00276
-0.00296
-0.00315
-0.00257
-0.00257
-0.00257
-0.00276
-0.00237
-0.00315
-0.00237
-0.00257
-0.00276
-0.00257
-0.00276
-0.00276
-0.00257
-0.00296
-0.00276
-0.00315
-0.00315
-0.00296
-0.00296
-0.00296
-0.00315
-0.00354
-0.00335
-0.00335
-0.00354
-0.00354
-0.00354
-0.00335
-0.00315
-0.00374
-0.00257
-0.00315
-0.00315
-0.00354
-0.00354
-0.00335
-0.00335
-0.00315
-0.00315
-0.00315
-0.00315
-0.00335
-0.00393
-0.00374
-0.00354
-0.00354
-0.00335
-0.00335
-0.00296
-0.00257
-0.00315
-0.00257
-0.00335
-0.00257
