-8.810002464000E-01

-0.00276
-0.00276
-0.00257
-0.00237
-0.00198
-0.00276
-0.00218
-0.00198
-0.00198
-0.00276
-0.00237
-0.00218
-0.00257
-0.00198
-0.00218
-0.00257
-0.00237
-0.00237
-0.00257
-0.00257
-0.00315
-0.00257
-0.00237
-0.00276
-0.00257
-0.00296
-0.00296
-0.00218
-0.00257
-0.00296
-0.00296
-0.00315
-0.00257
-0.00257
-0.00276
-0.00296
-0.00296
-0.00257
-0.00276
-0.00296
-0.00296
-0.00335
-0.00335
-0.00315
-0.00315
-0.00296
-0.00315
-0.00276
-0.00315
-0.00354
-0.00296
-0.00296
-0.00315
-0.00335
-0.00315
-0.00276
-0.00296
-0.00296
-0.00296
-0.00335
-0.00296
-0.00354
-0.00296
-0.00335
-0.00315
-0.00354
-0.00296
-0.00315
-0.00296
-0.00315
-0.00257
-0.00296
-0.00315
-0.00315
-0.00296
-0.00276
-0.00257
-0.00296
-0.00276
-0.00257
-0.00257
-0.00276
-0.00237
-0.00237
-0.00257
-0.00315
-0.00276
-0.00296
-0.00315
-0.00237
-0.00315
-0.00335
-0.00335
-0.00335
-0.00315
-0.00335
-0.00296
-0.00315
-0.00296
-0.00276
-0.00276
-0.00315
-0.00276
-0.00257
-0.00296
-0.00315
-0.00296
-0.00257
-0.00276
-0.00296
-0.00315
-0.00296
-0.00276
-0.00296
-0.00335
-0.00315
-0.00276
-0.00315
-0.00335
-0.00315
-0.00374
-0.00335
-0.00354
-0.00335
-0.00354
-0.00315
-0.00354
-0.00335
-0.00335
-0.00315
-0.00315
-0.00296
-0.00296
-0.00374
-0.00276
-0.00354
-0.00335
-0.00374
-0.00335
-0.00315
-0.00374
-0.00335
-0.00354
-0.00335
-0.00296
-0.00354
-0.00354
-0.00315
-0.00335
-0.00315
-0.00335
-0.00315
-0.00296
-0.00354
-0.00374
-0.00335
-0.00354
-0.00335
-0.00315
-0.00296
-0.00257
-0.00257
-0.00257
-0.00315
-0.00257
-0.00296
-0.00276
-0.00257
-0.00237
-0.00237
-0.00218
-0.00257
-0.00218
-0.00257
-0.00315
-0.00276
-0.00237
-0.00257
-0.00237
-0.00257
-0.00257
-0.00257
-0.00257
-0.00315
-0.00315
-0.00315
-0.00335
-0.00335
-0.00354
-0.00335
-0.00354
-0.00335
-0.00296
-0.00354
-0.00315
-0.00296
-0.00218
-0.00159
-0.00022
0.00114
0.00251
0.00388
0.00622
0.00759
0.01032
0.01247
0.01482
0.01775
0.02068
0.02341
0.02693
0.02986
0.03337
0.03728
0.0404
0.04392
0.04665
0.04919
0.05212
0.05407
0.05642
0.05876
0.06052
0.06247
0.06482
0.06736
0.0695
0.07165
0.07341
0.07556
0.07751
0.07927
0.08103
0.08259
0.08493
0.08669
0.08864
0.0906
0.09196
0.09392
0.09489
0.09607
0.09704
0.09743
0.09802
0.09821
0.0988
0.09919
0.09919
0.099
0.09939
0.09919
0.0988
0.09841
0.09861
0.09704
0.09724
0.09607
0.09587
0.09489
0.09431
0.09392
0.09333
0.09255
0.09177
0.09079
0.09021
0.08943
0.08845
0.08747
0.0865
0.08532
0.08415
0.08337
0.08259
0.08161
0.08083
0.08005
0.07907
0.07771
0.07673
0.07517
0.07478
0.0738
0.07302
0.07224
0.07107
0.07009
0.06872
0.06814
0.06755
0.06657
0.06579
0.06501
0.06423
0.06306
0.06247
0.06208
0.06111
0.06071
0.05993
0.05896
0.05818
0.05759
0.057
0.05603
0.05525
0.05466
0.05368
0.05329
0.05271
0.05212
0.05154
0.05056
0.05017
0.04958
0.04958
0.0488
0.04782
0.04743
0.04665
0.04665
0.04665
0.04646
0.04665
0.04704
0.04743
0.04821
0.04841
0.04802
0.04802
0.04861
0.04861
0.0488
0.049
0.049
0.049
0.04939
0.049
0.04861
0.04861
0.04841
0.04841
0.0488
0.04821
0.04782
0.04782
0.04704
0.04743
0.04665
0.04607
0.04646
0.04568
0.04509
0.0447
0.04392
0.04372
0.04353
0.04333
0.04275
0.04236
0.04157
0.04177
0.04099
0.0406
0.03923
0.03923
0.03904
0.03884
0.03845
0.03747
0.03728
0.03689
0.03669
0.03611
0.03552
0.03493
0.03493
0.03454
0.03396
0.03376
0.03298
0.03279
0.03239
0.032
0.03122
0.03083
0.03044
0.03025
0.02966
0.03025
0.02946
0.02927
0.02849
0.02829
0.0281
0.0281
0.0279
0.02732
0.02673
0.02614
0.02634
0.02595
0.02556
0.02478
0.02458
0.02458
0.02458
0.024
0.02361
0.02361
0.02243
0.02224
0.02204
0.02204
0.02126
0.02185
0.02126
0.02146
0.02029
0.0197
0.02009
0.01989
0.02009
0.0195
0.01892
0.01892
0.01794
0.01794
0.01775
0.01775
0.01716
0.01696
0.01677
0.01657
0.01599
0.01599
0.01579
0.0154
0.0154
0.0154
0.01501
0.01482
0.01423
0.01404
0.01384
0.01384
0.01443
0.01345
0.01325
0.01267
0.01306
0.01208
0.01247
0.01208
0.01189
0.01169
0.0113
0.0113
0.0113
0.01091
0.0113
0.01111
0.01052
0.01052
0.01013
0.01013
0.00993
0.00993
0.00974
0.00974
0.00935
0.00974
0.00935
0.00915
0.00935
0.00896
0.00876
0.00857
0.00896
0.00857
0.00818
0.00857
0.00857
0.00798
0.00818
0.00818
0.00798
0.00779
0.00739
0.00759
0.00739
0.0072
0.0072
0.0072
0.00681
0.007
0.00622
0.00661
0.00681
0.00583
0.00583
0.00603
0.00583
0.00583
0.00583
0.00642
0.00583
0.00583
0.00564
0.00505
0.00505
0.00525
0.00466
0.00446
0.00486
0.00486
0.00486
0.00446
0.00427
0.00446
0.00427
0.00388
0.00368
0.00407
0.00368
0.00368
0.00349
0.00329
0.00349
0.00349
0.00329
0.00329
0.00329
0.00349
0.0031
0.00349
0.00329
0.00349
0.0031
0.0029
0.00271
0.0031
0.00271
0.00329
0.0029
0.0029
0.00251
0.00271
0.00271
0.00271
0.0029
0.00251
0.00271
0.00251
0.00232
0.00212
0.00232
0.00212
0.00212
0.00193
0.00154
0.00154
0.00154
0.00154
0.00154
0.00134
0.00134
0.00114
0.00075
0.00095
0.00095
0.00114
0.00114
0.00095
0.00075
0.00095
0.00114
0.00095
0.00114
0.00134
0.00134
0.00134
0.00134
0.00114
0.00075
0.00056
0.00095
0.00075
0.00075
0.00056
0.00056
0.00017
0.00036
0.00056
0.00056
0.00056
0.00017
0.00075
0.00017
0.00036
0.00017
0.00017
0.00036
0.00036
-0.00042
-0.00022
-0.00022
-0.00022
-0.00022
-0.00022
-0.00022
-3e-05
-0.00022
-0.00022
-0.00022
-0.0012
-0.001
-0.001
-0.001
-0.00139
-0.001
-0.00081
-0.00081
-0.0012
-0.0012
-0.00061
-0.001
-0.00061
-0.00081
-0.00022
-0.00042
-0.00042
-0.00042
-0.00061
-0.00061
-0.00022
-0.00042
-0.00081
-0.00042
-0.00022
-0.00081
-0.001
-0.00061
-0.00042
-0.001
-0.00081
-0.001
-0.001
-0.0012
-0.001
-0.00061
-0.00081
-0.00061
-0.00061
-0.00081
-0.00061
-0.001
-0.001
-0.00081
-0.001
-0.0012
-0.0012
-0.00139
-0.00139
-0.00159
-0.00159
-0.00198
-0.00179
-0.00198
-0.00218
-0.00198
-0.00179
-0.00198
-0.00218
-0.00198
-0.00198
-0.00179
-0.00218
-0.00139
-0.00179
-0.00198
-0.00179
-0.00139
-0.00179
-0.00159
-0.00159
-0.00179
-0.00179
-0.00139
-0.00198
-0.00159
-0.00179
-0.00198
-0.00139
-0.00139
-0.0012
-0.00179
-0.00179
-0.00179
-0.00179
-0.00179
-0.00159
-0.00159
-0.00159
-0.00159
-0.001
-0.0012
-0.00139
-0.00139
-0.00081
-0.001
-0.00139
-0.00139
-0.00179
-0.00139
-0.00139
-0.00159
-0.0012
-0.00139
-0.00159
-0.00179
-0.00198
-0.00159
-0.00218
-0.00218
-0.00237
-0.00218
-0.00218
-0.00198
-0.00179
-0.00179
-0.00198
-0.00198
-0.00198
-0.00179
-0.00139
-0.0012
-0.00159
-0.00179
-0.00159
-0.00198
-0.00257
-0.00257
-0.00198
-0.00237
-0.00218
-0.00198
-0.00257
-0.00257
-0.00296
-0.00315
-0.00237
-0.00296
-0.00335
-0.00276
-0.00276
-0.00257
-0.00257
-0.00315
-0.00296
-0.00276
-0.00296
-0.00237
-0.00257
-0.00276
-0.00237
-0.00257
-0.00296
-0.00276
-0.00276
-0.00296
-0.00315
-0.00335
-0.00315
-0.00296
-0.00296
-0.00315
-0.00335
-0.00276
-0.00257
-0.00257
-0.00218
-0.00218
-0.00218
-0.00198
-0.00179
-0.00179
-0.00218
-0.00257
-0.00257
-0.00276
-0.00296
-0.00257
-0.00237
-0.00218
-0.00257
-0.00296
-0.00257
-0.00257
-0.00198
-0.00198
-0.00257
-0.00257
-0.00237
-0.00218
-0.00237
-0.00237
-0.00198
-0.00237
-0.00257
-0.00257
-0.00257
-0.00218
-0.00218
-0.00218
-0.00276
-0.00257
-0.00218
-0.00257
-0.00237
-0.00218
-0.00237
-0.00237
-0.00257
-0.00237
-0.00218
-0.00218
-0.00257
-0.00257
-0.00276
-0.00276
-0.00237
-0.00276
-0.00296
-0.00296
-0.00335
-0.00296
-0.00276
-0.00276
-0.00315
-0.00335
-0.00296
-0.00315
-0.00296
-0.00315
-0.00393
-0.00335
-0.00315
-0.00315
-0.00354
-0.00257
-0.00335
-0.00276
-0.00315
-0.00315
-0.00315
-0.00315
-0.00296
-0.00335
-0.00237
-0.00276
-0.00257
-0.00218
-0.00218
-0.00237
-0.00198
-0.00218
-0.00179
-0.00159
-0.00198
-0.00218
-0.00198
-0.00218
-0.00237
-0.00237
-0.00276
-0.00276
-0.00296
-0.00276
-0.00296
-0.00296
-0.00315
-0.00315
-0.00335
-0.00276
-0.00257
-0.00296
-0.00296
-0.00335
-0.00335
-0.00335
-0.00315
-0.00315
-0.00315
-0.00296
-0.00296
-0.00315
-0.00354
-0.00335
-0.00296
-0.00335
-0.00315
-0.00296
-0.00296
-0.00335
-0.00354
-0.00276
-0.00315
-0.00315
-0.00315
-0.00296
-0.00296
-0.00315
-0.00296
-0.00315
-0.00296
-0.00335
-0.00315
-0.00315
-0.00315
-0.00374
-0.00315
-0.00315
-0.00315
-0.00374
-0.00374
-0.00374
-0.00374
-0.00393
-0.00354
-0.00335
-0.00374
-0.00374
-0.00354
-0.00354
-0.00354
-0.00335
-0.00354
-0.00315
-0.00315
-0.00315
-0.00335
-0.00335
-0.00296
-0.00315
-0.00257
-0.00296
-0.00296
-0.00315
-0.00257
-0.00257
-0.00257
-0.00315
-0.00335
-0.00296
-0.00257
-0.00296
-0.00296
-0.00257
-0.00237
-0.00296
-0.00296
-0.00296
-0.00335
-0.00257
-0.00276
-0.00296
-0.00257
-0.00315
-0.00237
-0.00276
-0.00257
-0.00296
-0.00296
-0.00315
-0.00315
-0.00335
-0.00335
-0.00315
-0.00335
-0.00315
-0.00354
-0.00354
-0.00354
-0.00354
-0.00257
-0.00276
-0.00315
-0.00276
-0.00354
-0.00354
-0.00296
-0.00335
-0.00354
-0.00374
-0.00335
-0.00374
-0.00335
-0.00354
-0.00296
-0.00335
-0.00354
-0.00354
-0.00354
-0.00393
-0.00335
-0.00354
-0.00354
-0.00374
-0.00354
-0.00374
-0.00257
-0.00315
-0.00315
-0.00374
-0.00335
-0.00354
-0.00296
-0.00335
-0.00296
-0.00315
-0.00335
-0.00354
-0.00335
-0.00354
-0.00315
-0.00335
-0.00335
-0.00354
-0.00335
-0.00374
-0.00374
-0.00335
-0.00354
-0.00335
-0.00257
-0.00335
-0.00296
-0.00315
-0.00315
-0.00276
-0.00276
-0.00296
-0.00315
-0.00296
-0.00276
-0.00276
-0.00276
-0.00276
-0.00276
-0.00276
-0.00315
-0.00296
-0.00296
-0.00335
-0.00296
-0.00296
-0.00354
-0.00354
-0.00335
-0.00354
-0.00354
-0.00335
-0.00335
-0.00335
-0.00393
-0.00335
-0.00413
-0.00393
-0.00354
-0.00354
-0.00335
-0.00393
-0.00393
-0.00393
-0.00393
-0.00374
-0.00413
-0.00432
-0.00393
-0.00413
-0.00374
-0.00354
-0.00354
-0.00335
-0.00393
-0.00354
-0.00393
-0.00393
-0.00374
-0.00393
-0.00354
-0.00335
-0.00354
-0.00354
-0.00354
-0.00354
-0.00335
-0.00354
-0.00315
-0.00335
-0.00296
-0.00276
-0.00296
-0.00315
-0.00315
-0.00315
-0.00296
-0.00296
-0.00296
-0.00296
-0.00276
-0.00315
-0.00315
-0.00296
-0.00335
-0.00296
-0.00276
-0.00276
-0.00296
-0.00354
-0.00315
-0.00354
-0.00354
-0.00335
-0.00315
-0.00257
-0.00315
-0.00296
-0.00354
-0.00276
-0.00315
-0.00296
-0.00335
-0.00335
-0.00315
-0.00335
-0.00315
-0.00315
-0.00296
-0.00354
-0.00296
-0.00257
-0.00315
-0.00257
-0.00237
-0.00276
-0.00315
-0.00315
-0.00276
-0.00315
-0.00296
-0.00335
-0.00315
-0.00276
-0.00296
-0.00276
-0.00296
-0.00335
-0.00276
-0.00296
-0.00296
-0.00296
-0.00257
-0.00335
-0.00315
-0.00276
-0.00296
-0.00315
-0.00315
-0.00296
-0.00315
-0.00276
-0.00276
-0.00315
-0.00218
-0.00315
-0.00276
-0.00296
-0.00257
-0.00315
-0.00276
-0.00257
-0.00276
-0.00315
-0.00296
-0.00335
-0.00315
-0.00335
-0.00296
-0.00315
-0.00257
-0.00315
-0.00296
-0.00335
-0.00296
-0.00296
-0.00276
-0.00296
