-2.380000672000E-01

-0.00218
-0.00237
-0.00237
-0.00257
-0.00257
-0.00237
-0.00276
-0.00296
-0.00257
-0.00296
-0.00296
-0.00276
-0.00276
-0.00257
-0.00296
-0.00296
-0.00315
-0.00296
-0.00257
-0.00296
-0.00237
-0.00257
-0.00296
-0.00315
-0.00296
-0.00315
-0.00315
-0.00296
-0.00315
-0.00296
-0.00315
-0.00296
-0.00335
-0.00276
-0.00315
-0.00276
-0.00218
-0.00296
-0.00315
-0.00296
-0.00315
-0.00296
-0.00335
-0.00296
-0.00354
-0.00315
-0.00374
-0.00296
-0.00315
-0.00315
-0.00315
-0.00257
-0.00257
-0.00257
-0.00237
-0.00237
-0.00257
-0.00257
-0.00276
-0.00257
-0.00276
-0.00237
-0.00296
-0.00335
-0.00315
-0.00315
-0.00315
-0.00276
-0.00296
-0.00276
-0.00315
-0.00257
-0.00296
-0.00237
-0.00237
-0.00276
-0.00276
-0.00276
-0.00296
-0.00296
-0.00276
-0.00296
-0.00315
-0.00257
-0.00257
-0.00257
-0.00257
-0.00257
-0.00296
-0.00237
-0.00276
-0.00276
-0.00237
-0.00237
-0.00257
-0.00237
-0.00276
-0.00237
-0.00237
-0.00257
-0.00276
-0.00237
-0.00296
-0.00237
-0.00237
-0.00198
-0.00237
-0.00237
-0.00257
-0.00257
-0.00198
-0.00237
-0.00179
-0.00237
-0.00257
-0.00276
-0.00257
-0.00257
-0.00315
-0.00257
-0.00296
-0.00296
-0.00354
-0.00257
-0.00296
-0.00276
-0.00315
-0.00296
-0.00237
-0.00276
-0.00257
-0.00257
-0.00296
-0.00354
-0.00296
-0.00315
-0.00315
-0.00257
-0.00296
-0.00276
-0.00276
-0.00296
-0.00296
-0.00315
-0.00315
-0.00315
-0.00315
-0.00354
-0.00296
-0.00354
-0.00315
-0.00315
-0.00315
-0.00296
-0.00296
-0.00257
-0.00257
-0.00257
-0.00257
-0.00257
-0.00276
-0.00276
-0.00296
-0.00296
-0.00276
-0.00237
-0.00257
-0.00237
-0.00218
-0.00218
-0.00237
-0.00257
-0.00237
-0.00257
-0.00237
-0.00237
-0.00237
-0.00237
-0.00237
-0.00257
-0.00218
-0.00237
-0.00218
-0.00237
-0.00257
-0.00218
-0.00296
-0.00237
-0.00198
-0.00237
-0.00237
-0.00218
-0.00179
-0.00159
-0.00081
0.00017
0.00154
0.00329
0.00505
0.007
0.00876
0.01071
0.01384
0.01521
0.01696
0.01853
0.02048
0.02185
0.02321
0.02478
0.02654
0.02771
0.02927
0.03083
0.03318
0.03454
0.03669
0.03884
0.04079
0.04353
0.04587
0.0488
0.05114
0.05466
0.05739
0.06032
0.06306
0.0656
0.06794
0.0697
0.07185
0.07361
0.07536
0.07673
0.0781
0.07829
0.07966
0.08064
0.08122
0.08122
0.08181
0.082
0.08239
0.08259
0.08279
0.08298
0.08298
0.08259
0.08161
0.08122
0.08122
0.08083
0.08044
0.08005
0.07986
0.07888
0.0779
0.07732
0.07654
0.07614
0.07536
0.07478
0.074
0.07341
0.07243
0.07204
0.07126
0.07029
0.06931
0.06911
0.06755
0.06716
0.06696
0.0656
0.06443
0.06384
0.06345
0.06247
0.0615
0.06071
0.06032
0.05954
0.05876
0.05798
0.05681
0.05642
0.05544
0.05486
0.05407
0.05446
0.05427
0.05407
0.05388
0.05407
0.05407
0.05329
0.05407
0.05427
0.05407
0.05407
0.05388
0.05407
0.0531
0.0531
0.0531
0.05271
0.05271
0.05193
0.05154
0.05095
0.05114
0.05056
0.04997
0.04997
0.049
0.0488
0.04841
0.04841
0.04724
0.04724
0.04704
0.04646
0.04587
0.04587
0.04431
0.04411
0.04353
0.04294
0.04275
0.04275
0.04177
0.04177
0.04118
0.04099
0.03982
0.03962
0.03904
0.03884
0.03806
0.03786
0.03689
0.0365
0.0365
0.0363
0.03591
0.03532
0.03513
0.03435
0.03376
0.03318
0.03279
0.03239
0.032
0.032
0.03122
0.03103
0.03025
0.03064
0.03005
0.02927
0.02907
0.02868
0.02829
0.02849
0.02771
0.02771
0.02712
0.02654
0.02614
0.02595
0.02575
0.02497
0.02458
0.02458
0.02419
0.02439
0.02341
0.02341
0.02282
0.02263
0.02263
0.02243
0.02165
0.02146
0.02107
0.02107
0.02107
0.02068
0.02029
0.02009
0.01989
0.02009
0.0195
0.0195
0.01911
0.01892
0.01853
0.01814
0.01814
0.01775
0.01736
0.01716
0.01696
0.01677
0.01657
0.01638
0.0156
0.01579
0.01579
0.0156
0.01521
0.01501
0.01501
0.01462
0.01443
0.01404
0.01423
0.01345
0.01325
0.01286
0.01286
0.01267
0.01267
0.01208
0.01228
0.01189
0.01208
0.01208
0.01208
0.01189
0.0115
0.01111
0.01091
0.01111
0.0113
0.01091
0.01052
0.00993
0.00954
0.00935
0.00935
0.00974
0.00954
0.00915
0.00876
0.00876
0.00857
0.00915
0.00896
0.00896
0.00837
0.00837
0.00876
0.00857
0.00818
0.00837
0.00818
0.00857
0.00779
0.00818
0.00759
0.00798
0.0072
0.0072
0.00739
0.0072
0.00661
0.00681
0.00681
0.00661
0.00642
0.00603
0.00583
0.00622
0.00583
0.00583
0.00583
0.00564
0.00603
0.00564
0.00544
0.00505
0.00525
0.00544
0.00525
0.00505
0.00466
0.00525
0.00505
0.00505
0.00427
0.00388
0.00446
0.00466
0.00427
0.00446
0.00446
0.00446
0.00388
0.00427
0.00388
0.00388
0.00329
0.00407
0.00349
0.00388
0.00368
0.00368
0.00388
0.00368
0.0031
0.00329
0.00329
0.00349
0.00329
0.00349
0.0029
0.00271
0.0031
0.0029
0.00251
0.00251
0.00251
0.00251
0.00193
0.00212
0.00251
0.00212
0.00212
0.00251
0.00193
0.00173
0.00212
0.00134
0.00193
0.00154
0.00134
0.00173
0.00114
0.00154
0.00173
0.00173
0.00154
0.00114
0.00095
0.00134
0.00075
0.00095
0.00075
0.00114
0.00095
0.00095
0.00056
0.00075
0.00075
0.00056
0.00114
0.00075
0.00075
0.00036
0.00056
0.00056
0.00075
0.00056
0.00036
0.00036
0.00056
0.00036
0.00017
0.00036
0.00017
0.00017
-0.00022
0.00036
-0.00042
-0.00061
-0.00022
-3e-05
-3e-05
-3e-05
-3e-05
-3e-05
-3e-05
0.00036
-3e-05
0.00017
-3e-05
-3e-05
0.00036
0.00017
-3e-05
-3e-05
-3e-05
0.00017
-3e-05
-0.00061
-0.00042
-0.00022
-0.00061
-0.00042
-0.00081
-0.00042
-0.00139
-0.001
-0.0012
-0.00081
-0.001
-0.00081
-0.00139
-0.0012
-0.00139
-0.00061
-0.0012
-0.001
-0.00139
-0.0012
-0.00139
-0.001
-0.0012
-0.0012
-0.00139
-0.00081
-0.00159
-0.00139
-0.0012
-0.00159
-0.0012
-0.001
-0.001
-0.00081
-0.00159
-0.00139
-0.00139
-0.00081
-0.00179
-0.00139
-0.00139
-0.001
-0.001
-0.00081
-0.00081
-0.00061
-0.00061
-0.00081
-0.00061
-0.00081
-0.001
-0.0012
-0.001
-0.00081
-0.00081
-0.0012
-0.00139
-0.0012
-0.00139
-0.00159
-0.00139
-0.00139
-0.00179
-0.00198
-0.00179
-0.00179
-0.00159
-0.00179
-0.00179
-0.00159
-0.00218
-0.00198
-0.00198
-0.00198
-0.00198
-0.00218
-0.00218
-0.00218
-0.00198
-0.00198
-0.00198
-0.00179
-0.00218
-0.00218
-0.00218
-0.00237
-0.00276
-0.00257
-0.00237
-0.00237
-0.00218
-0.00218
-0.00237
-0.00198
-0.00218
-0.00237
-0.00179
-0.00139
-0.00139
-0.00139
-0.00179
-0.00159
-0.00159
-0.00139
-0.00159
-0.0012
-0.00159
-0.00139
-0.00139
-0.00179
-0.00179
-0.00159
-0.00179
-0.00139
-0.00218
-0.001
-0.00198
-0.0012
-0.00139
-0.00198
-0.00139
-0.00198
-0.00179
-0.00179
-0.00218
-0.00179
-0.00198
-0.00198
-0.00179
-0.00179
-0.00198
-0.00218
-0.00179
-0.00218
-0.00179
-0.00218
-0.00179
-0.00198
-0.00179
-0.00179
-0.00218
-0.00198
-0.00198
-0.00237
-0.00218
-0.00218
-0.00237
-0.00257
-0.00257
-0.00237
-0.00276
-0.00276
-0.00276
-0.00257
-0.00296
-0.00257
-0.00296
-0.00237
-0.00296
-0.00257
-0.00257
-0.00257
-0.00276
-0.00257
-0.00296
-0.00276
-0.00296
-0.00257
-0.00276
-0.00296
-0.00315
-0.00257
-0.00296
-0.00296
-0.00276
-0.00276
-0.00257
-0.00276
-0.00257
-0.00257
-0.00296
-0.00257
-0.00257
-0.00237
-0.00198
-0.00257
-0.00296
-0.00237
-0.00237
-0.00198
-0.00159
-0.00179
-0.00179
-0.00159
-0.00179
-0.0012
-0.00159
-0.00139
-0.00179
-0.00218
-0.00159
-0.00237
-0.00218
-0.00257
-0.00218
-0.00179
-0.00237
-0.00257
-0.00198
-0.00218
-0.00218
-0.00237
-0.00276
-0.00257
-0.00296
-0.00237
-0.00237
-0.00218
-0.00218
-0.00198
-0.00257
-0.00237
-0.00276
-0.00257
-0.00257
-0.00276
-0.00315
-0.00276
-0.00257
-0.00257
-0.00237
-0.00257
-0.00296
-0.00257
-0.00237
-0.00296
-0.00257
-0.00276
-0.00257
-0.00237
-0.00276
-0.00257
-0.00198
-0.00257
-0.00257
-0.00237
-0.00237
-0.00276
-0.00257
-0.00296
-0.00276
-0.00276
-0.00276
-0.00237
-0.00257
-0.00257
-0.00218
-0.00237
-0.00276
-0.00218
-0.00276
-0.00257
-0.00296
-0.00276
-0.00237
-0.00276
-0.00237
-0.00257
-0.00198
-0.00257
-0.00296
-0.00257
-0.00257
-0.00237
-0.00237
-0.00218
-0.00257
-0.00237
-0.00276
-0.00237
-0.00276
-0.00276
-0.00296
-0.00296
-0.00257
-0.00257
-0.00276
-0.00276
-0.00237
-0.00237
-0.00237
-0.00218
-0.00218
-0.00198
-0.00257
-0.00218
-0.00198
-0.00237
-0.00237
-0.00237
-0.00198
-0.00198
-0.00257
-0.00257
-0.00237
-0.00237
-0.00218
-0.00237
-0.00237
-0.00257
-0.00218
-0.00257
-0.00237
-0.00257
-0.00276
-0.00257
-0.00218
-0.00257
-0.00296
-0.00296
-0.00257
-0.00237
-0.00218
-0.00218
-0.00276
-0.00315
-0.00315
-0.00335
-0.00276
-0.00315
-0.00257
-0.00276
-0.00315
-0.00276
-0.00315
-0.00257
-0.00257
-0.00276
-0.00335
-0.00257
-0.00296
-0.00237
-0.00257
-0.00237
-0.00276
-0.00257
-0.00237
-0.00237
-0.00218
-0.00237
-0.00237
-0.00257
-0.00218
-0.00315
-0.00257
-0.00257
-0.00198
-0.00237
-0.00179
-0.00218
-0.00218
-0.00257
-0.00237
-0.00198
-0.00179
-0.00237
-0.00237
-0.00257
-0.00218
-0.00237
-0.00257
-0.00218
-0.00237
-0.00198
-0.00218
-0.00257
-0.00257
-0.00257
-0.00237
-0.00257
-0.00276
-0.00237
-0.00237
-0.00296
-0.00237
-0.00257
-0.00296
-0.00257
-0.00296
-0.00296
-0.00296
-0.00315
-0.00276
-0.00315
-0.00315
-0.00335
-0.00276
-0.00315
-0.00315
-0.00315
-0.00296
-0.00315
-0.00315
-0.00315
-0.00276
-0.00335
-0.00354
-0.00335
-0.00354
-0.00335
-0.00354
-0.00315
-0.00315
-0.00335
-0.00354
-0.00354
-0.00335
-0.00296
-0.00237
-0.00315
-0.00315
-0.00296
-0.00315
-0.00276
-0.00276
-0.00257
-0.00257
-0.00296
-0.00257
-0.00276
-0.00296
-0.00257
-0.00296
-0.00296
-0.00257
-0.00237
-0.00276
-0.00257
-0.00276
-0.00296
-0.00276
-0.00257
-0.00296
-0.00276
-0.00237
-0.00257
-0.00237
-0.00257
-0.00237
-0.00237
-0.00276
-0.00296
-0.00296
-0.00237
-0.00257
-0.00257
-0.00276
-0.00296
-0.00296
-0.00296
-0.00276
-0.00276
-0.00296
-0.00296
-0.00276
-0.00257
-0.00257
-0.00296
-0.00257
-0.00257
-0.00257
-0.00257
-0.00198
-0.00257
-0.00237
-0.00257
-0.00237
-0.00257
-0.00257
-0.00276
-0.00296
-0.00218
-0.00257
-0.00257
-0.00296
-0.00257
-0.00335
-0.00276
-0.00237
-0.00257
-0.00296
-0.00296
-0.00257
-0.00296
-0.00237
-0.00276
-0.00237
-0.00237
-0.00276
-0.00218
-0.00257
-0.00237
-0.00237
-0.00218
-0.00218
-0.00257
-0.00296
-0.00257
-0.00276
-0.00218
-0.00276
-0.00237
-0.00257
-0.00296
-0.00296
-0.00257
-0.00276
-0.00257
-0.00296
-0.00237
-0.00218
-0.00179
-0.00237
-0.00198
-0.00257
-0.00198
-0.00237
-0.00257
-0.00218
-0.00237
-0.00257
-0.00257
-0.00276
-0.00257
-0.00237
-0.00257
-0.00276
-0.00315
-0.00315
-0.00296
-0.00315
-0.00276
-0.00296
-0.00335
-0.00335
-0.00315
-0.00276
-0.00335
-0.00335
-0.00296
-0.00354
-0.00374
-0.00393
-0.00374
-0.00393
-0.00354
-0.00354
-0.00335
-0.00354
-0.00354
-0.00315
-0.00354
-0.00335
-0.00374
-0.00354
-0.00354
-0.00354
-0.00335
-0.00276
-0.00296
-0.00315
-0.00296
-0.00257
-0.00257
-0.00237
-0.00237
-0.00257
-0.00179
-0.00257
-0.00218
-0.00276
-0.00237
-0.00218
-0.00198
-0.00276
-0.00257
-0.00237
-0.00276
-0.00296
-0.00276
-0.00276
-0.00315
-0.00335
-0.00296
-0.00296
-0.00296
-0.00296
-0.00315
-0.00296
-0.00315
-0.00354
-0.00354
-0.00296
-0.00315
