-1.000000288000E-01

-0.00237
-0.00257
-0.00276
-0.00237
-0.00237
-0.00276
-0.00257
-0.00257
-0.00257
-0.00257
-0.00257
-0.00257
-0.00257
-0.00296
-0.00296
-0.00315
-0.00257
-0.00237
-0.00276
-0.00257
-0.00276
-0.00276
-0.00257
-0.00257
-0.00276
-0.00257
-0.00257
-0.00218
-0.00257
-0.00296
-0.00237
-0.00257
-0.00257
-0.00276
-0.00257
-0.00237
-0.00237
-0.00237
-0.00218
-0.00237
-0.00198
-0.00218
-0.00257
-0.00257
-0.00237
-0.00257
-0.00257
-0.00237
-0.00257
-0.00257
-0.00218
-0.00276
-0.00257
-0.00237
-0.00218
-0.00257
-0.00218
-0.00237
-0.00218
-0.00198
-0.00198
-0.00257
-0.00237
-0.00159
-0.00198
-0.00198
-0.00237
-0.00179
-0.00179
-0.00198
-0.00139
-0.0012
-0.001
-0.00139
-0.0012
-0.00159
-0.00159
-0.00179
-0.00159
-0.00139
-0.00159
-0.00159
-0.00179
-0.00159
-0.00179
-0.00179
-0.00179
-0.00237
-0.00179
-0.00179
-0.00237
-0.00159
-0.00179
-0.00198
-0.00198
-0.00198
-0.00218
-0.00257
-0.00257
-0.00237
-0.00237
-0.00218
-0.00257
-0.00257
-0.00257
-0.00276
-0.00276
-0.00237
-0.00257
-0.00296
-0.00335
-0.00296
-0.00257
-0.00237
-0.00296
-0.00276
-0.00257
-0.00276
-0.00276
-0.00257
-0.00257
-0.00257
-0.00237
-0.00198
-0.00237
-0.00257
-0.00198
-0.00218
-0.00218
-0.00276
-0.00218
-0.00237
-0.00237
-0.00218
-0.00218
-0.00257
-0.00237
-0.00237
-0.00257
-0.00237
-0.00237
-0.00198
-0.00237
-0.00257
-0.00237
-0.00218
-0.00218
-0.00198
-0.00179
-0.00218
-0.00198
-0.00179
-0.00237
-0.00218
-0.00218
-0.00198
-0.00257
-0.00218
-0.00237
-0.00218
-0.00237
-0.00237
-0.00198
-0.00237
-0.00218
-0.00257
-0.00218
-0.00257
-0.00198
-0.00218
-0.00218
-0.00218
-0.00218
-0.00257
-0.00198
-0.00198
-0.00237
-0.00198
-0.00257
-0.00237
-0.00218
-0.00257
-0.00237
-0.00257
-0.00276
-0.00218
-0.00061
0.00036
0.00075
0.00193
0.00329
0.00446
0.00603
0.00818
0.00974
0.0115
0.01364
0.0156
0.01794
0.01892
0.02126
0.02243
0.0238
0.02478
0.02614
0.02732
0.02829
0.02907
0.02927
0.03005
0.03103
0.03181
0.03239
0.03318
0.03357
0.03415
0.03474
0.03513
0.03611
0.03767
0.03904
0.04021
0.04157
0.04294
0.04333
0.04431
0.04489
0.04587
0.04724
0.04821
0.04978
0.05154
0.0529
0.05388
0.05544
0.05642
0.05779
0.05818
0.05915
0.06013
0.0613
0.06189
0.06267
0.06364
0.06423
0.06501
0.06579
0.06618
0.06638
0.06696
0.06716
0.06736
0.06736
0.06736
0.06696
0.06775
0.06696
0.06677
0.06657
0.06599
0.06579
0.0654
0.06521
0.06462
0.06423
0.06345
0.06267
0.06228
0.06169
0.0615
0.06111
0.06032
0.05993
0.05896
0.05837
0.05818
0.05759
0.057
0.05622
0.05583
0.05505
0.05446
0.05388
0.05349
0.05271
0.05173
0.05134
0.05114
0.05056
0.04997
0.0488
0.04861
0.04821
0.04763
0.04685
0.04646
0.04587
0.04509
0.0447
0.04392
0.04353
0.04236
0.04216
0.04118
0.0406
0.0404
0.03982
0.03904
0.03864
0.03747
0.03767
0.0365
0.03611
0.03591
0.03571
0.03513
0.03493
0.03435
0.03415
0.03357
0.03318
0.03318
0.0322
0.0322
0.03161
0.03161
0.03083
0.03083
0.02966
0.02946
0.02946
0.02868
0.02829
0.0281
0.0281
0.0279
0.0279
0.02732
0.02693
0.02654
0.02575
0.02634
0.02536
0.02517
0.02478
0.024
0.024
0.02341
0.02361
0.02321
0.02341
0.02302
0.02282
0.02243
0.02185
0.02185
0.02146
0.02126
0.02107
0.02068
0.02009
0.0195
0.01989
0.01931
0.0197
0.01892
0.01892
0.01911
0.01833
0.01833
0.01755
0.01736
0.01716
0.01677
0.01716
0.01696
0.01657
0.01599
0.01579
0.01599
0.01618
0.0156
0.01599
0.0156
0.0154
0.01521
0.01501
0.01501
0.01462
0.01443
0.01462
0.01423
0.01443
0.01364
0.01345
0.01364
0.01325
0.01286
0.01267
0.01286
0.01228
0.01189
0.01208
0.01189
0.01169
0.0113
0.01111
0.0113
0.01071
0.01071
0.01052
0.01032
0.01032
0.00993
0.01013
0.00974
0.00954
0.00935
0.00876
0.00896
0.00896
0.00857
0.00857
0.00837
0.00837
0.00837
0.00818
0.00818
0.00779
0.00798
0.00759
0.00759
0.00739
0.007
0.00681
0.00681
0.007
0.00642
0.00681
0.00661
0.00681
0.00681
0.0072
0.00661
0.00661
0.00661
0.00661
0.00642
0.00642
0.00603
0.00583
0.00544
0.00525
0.00486
0.00564
0.00525
0.00505
0.00486
0.00505
0.00466
0.00466
0.00466
0.00427
0.00466
0.00466
0.00407
0.00427
0.00388
0.00407
0.00407
0.00427
0.00388
0.00388
0.00329
0.0029
0.00329
0.00349
0.00349
0.00388
0.00368
0.00388
0.00368
0.00368
0.00329
0.00349
0.00329
0.00329
0.00329
0.00329
0.0031
0.0029
0.0031
0.00329
0.0031
0.0031
0.0029
0.00329
0.0029
0.0031
0.00251
0.00271
0.00271
0.00271
0.00232
0.00232
0.00193
0.00251
0.00212
0.00212
0.00154
0.00154
0.00154
0.00114
0.00114
0.00154
0.00095
0.00114
0.00095
0.00114
0.00095
0.00075
0.00056
0.00095
0.00134
0.00114
0.00075
0.00114
0.00154
0.00134
0.00095
0.00134
0.00134
0.00114
0.00114
0.00134
0.00134
0.00114
0.00114
0.00095
0.00114
0.00134
0.00114
0.00134
0.00114
0.00134
0.00075
0.00095
0.00114
0.00114
0.00114
0.00095
0.00095
0.00095
0.00036
0.00036
0.00017
0.00017
0.00017
0.00056
-3e-05
0.00036
-3e-05
-3e-05
-3e-05
-3e-05
-0.00022
-3e-05
-0.00042
-0.00042
-3e-05
-0.00081
-0.00061
-0.00061
-0.00061
-0.00022
-0.00081
-0.0012
-0.00081
-0.00061
-0.001
-0.001
-0.00081
-0.00061
-0.00042
-0.001
-0.001
-0.00081
-0.001
-0.001
-0.001
-0.00081
-0.00081
-0.00061
-0.00061
-0.00042
-0.001
-0.00061
-0.001
-0.0012
-0.0012
-0.001
-0.00061
-0.00022
-0.00022
-0.00061
-0.00081
-0.00061
-0.00042
-0.00022
-0.00022
-3e-05
-0.00022
-0.00022
-0.00081
-0.00022
-0.00022
-0.00042
-0.00042
-0.00042
-0.00042
-0.00061
-0.00081
-0.00042
-0.00061
-0.00061
-0.001
-0.00081
-0.00139
-0.00139
-0.0012
-0.00061
-0.001
-0.0012
-0.00081
-0.00061
-0.00081
-0.00081
-0.00061
-0.00042
-0.00061
-0.00081
-0.0012
-0.001
-0.0012
-0.00061
-0.00139
-0.0012
-0.0012
-0.00081
-0.00139
-0.0012
-0.00139
-0.00139
-0.00159
-0.00081
-0.00139
-0.0012
-0.00159
-0.00159
-0.00159
-0.00061
-0.0012
-0.0012
-0.00139
-0.00159
-0.0012
-0.0012
-0.00179
-0.00159
-0.00179
-0.00179
-0.00198
-0.00159
-0.00198
-0.00237
-0.00237
-0.00198
-0.00179
-0.00139
-0.00218
-0.00218
-0.00198
-0.00198
-0.00159
-0.00139
-0.00139
-0.0012
-0.00139
-0.00159
-0.00159
-0.00198
-0.00179
-0.00179
-0.00179
-0.00159
-0.00179
-0.00179
-0.00179
-0.00179
-0.00179
-0.00159
-0.00159
-0.00139
-0.00179
-0.00179
-0.00179
-0.00179
-0.00179
-0.00139
-0.00159
-0.00139
-0.00179
-0.00179
-0.00198
-0.00159
-0.00198
-0.00179
-0.00179
-0.00237
-0.00159
-0.00179
-0.00218
-0.00198
-0.00237
-0.00237
-0.00218
-0.00179
-0.00257
-0.00198
-0.00218
-0.00237
-0.00198
-0.00218
-0.00179
-0.00159
-0.00179
-0.00159
-0.00218
-0.00198
-0.00218
-0.00179
-0.00139
-0.00179
-0.00179
-0.00218
-0.00237
-0.00237
-0.00218
-0.00257
-0.00257
-0.00237
-0.00179
-0.00179
-0.00198
-0.00198
-0.00198
-0.00218
-0.00218
-0.00198
-0.00179
-0.00159
-0.00198
-0.00179
-0.00198
-0.00218
-0.00237
-0.00179
-0.00159
-0.00159
-0.00218
-0.00198
-0.00198
-0.00198
-0.00198
-0.00179
-0.00237
-0.00159
-0.00198
-0.00159
-0.00159
-0.00179
-0.00159
-0.00237
-0.00218
-0.00198
-0.00159
-0.00218
-0.00139
-0.00159
-0.00198
-0.00179
-0.00179
-0.00159
-0.00179
-0.00237
-0.00159
-0.00218
-0.00179
-0.00179
-0.00198
-0.00159
-0.00198
-0.00139
-0.00159
-0.00179
-0.00218
-0.00159
-0.00179
-0.00198
-0.00218
-0.00198
-0.00179
-0.00179
-0.00218
-0.00237
-0.00218
-0.00198
-0.00218
-0.00257
-0.00237
-0.00237
-0.00218
-0.00218
-0.00257
-0.00257
-0.00257
-0.00218
-0.00237
-0.00237
-0.00257
-0.00257
-0.00218
-0.00218
-0.00237
-0.00237
-0.00237
-0.00198
-0.00218
-0.00218
-0.00257
-0.00218
-0.00218
-0.00237
-0.00198
-0.00198
-0.00218
-0.00179
-0.00198
-0.00159
-0.00159
-0.00159
-0.00159
-0.00179
-0.00139
-0.0012
-0.00179
-0.00139
-0.00159
-0.00218
-0.00179
-0.00179
-0.00159
-0.00179
-0.00179
-0.00159
-0.00159
-0.00179
-0.00179
-0.00139
-0.00159
-0.00159
-0.00198
-0.00198
-0.00218
-0.00179
-0.00159
-0.00218
-0.00218
-0.00218
-0.00218
-0.00198
-0.00218
-0.00198
-0.00218
-0.00198
-0.00218
-0.00198
-0.00218
-0.00237
-0.00237
-0.00237
-0.00276
-0.00257
-0.00257
-0.00237
-0.00237
-0.00237
-0.00276
-0.00218
-0.00218
-0.00218
-0.00218
-0.00218
-0.00218
-0.00218
-0.00237
-0.00276
-0.00237
-0.00257
-0.00296
-0.00237
-0.00257
-0.00237
-0.00296
-0.00237
-0.00218
-0.00198
-0.00218
-0.00218
-0.00237
-0.00198
-0.00237
-0.00218
-0.00198
-0.00237
-0.00237
-0.00237
-0.00198
-0.00198
-0.00237
-0.00237
-0.00257
-0.00237
-0.00257
-0.00198
-0.00257
-0.00276
-0.00276
-0.00296
-0.00276
-0.00276
-0.00237
-0.00257
-0.00276
-0.00257
-0.00276
-0.00276
-0.00237
-0.00237
-0.00237
-0.00218
-0.00179
-0.00218
-0.00257
-0.00198
-0.00198
-0.00218
-0.00218
-0.00237
-0.00159
-0.00159
-0.00198
-0.00179
-0.00198
-0.00218
-0.00237
-0.00179
-0.00198
-0.00198
-0.00218
-0.00218
-0.00198
-0.00198
-0.00159
-0.00179
-0.00198
-0.00179
-0.00237
-0.00218
-0.00237
-0.00218
-0.00276
-0.00237
-0.00276
-0.00237
-0.00257
-0.00276
-0.00276
-0.00315
-0.00257
-0.00296
-0.00315
-0.00315
-0.00296
-0.00276
-0.00296
-0.00296
-0.00237
-0.00237
-0.00257
-0.00237
-0.00257
-0.00257
-0.00276
-0.00257
-0.00296
-0.00237
-0.00257
-0.00257
-0.00257
-0.00257
-0.00237
-0.00198
-0.00237
-0.00218
-0.00257
-0.00257
-0.00198
-0.00218
-0.00218
-0.00237
-0.00257
-0.00218
-0.00257
-0.00237
-0.00218
-0.00218
-0.00237
-0.00257
-0.00315
-0.00315
-0.00257
-0.00257
-0.00296
-0.00237
-0.00237
-0.00257
-0.00237
-0.00296
-0.00257
-0.00276
-0.00315
-0.00335
-0.00354
-0.00296
-0.00354
-0.00315
-0.00374
-0.00374
-0.00354
-0.00354
-0.00335
-0.00374
-0.00335
-0.00335
-0.00315
-0.00374
-0.00354
-0.00354
-0.00315
-0.00335
-0.00296
-0.00296
-0.00257
-0.00315
-0.00296
-0.00315
-0.00296
-0.00257
-0.00315
-0.00276
-0.00276
-0.00237
-0.00237
-0.00257
-0.00218
-0.00218
-0.00218
-0.00257
-0.00237
-0.00179
-0.00179
-0.00179
-0.00237
-0.00198
-0.00198
-0.00218
-0.00218
-0.00218
-0.00237
-0.00198
-0.00237
-0.00179
-0.00198
-0.00179
-0.00257
-0.00179
-0.00198
-0.00198
-0.00218
-0.00237
-0.00237
-0.00218
-0.00198
-0.00218
-0.00198
-0.00237
-0.00237
-0.00237
-0.00218
-0.00218
-0.00237
-0.00257
-0.00257
-0.00257
-0.00218
-0.00218
-0.00198
-0.00257
-0.00218
-0.00237
-0.00218
-0.00237
-0.00218
-0.00237
-0.00276
-0.00257
-0.00257
-0.00237
-0.00276
-0.00237
-0.00276
-0.00257
-0.00296
-0.00276
-0.00257
-0.00276
-0.00276
-0.00296
-0.00237
-0.00237
-0.00257
-0.00237
-0.00237
-0.00237
-0.00237
-0.00218
-0.00198
-0.00257
-0.00218
-0.00179
-0.00198
-0.00179
-0.00218
-0.00179
-0.00179
-0.00198
-0.00218
-0.00237
-0.00218
-0.00179
-0.00198
-0.00159
-0.00139
-0.00179
-0.00179
-0.00198
-0.00218
-0.00179
-0.00237
-0.00237
-0.00257
-0.00237
-0.00276
-0.00237
-0.00296
-0.00296
-0.00315
-0.00257
-0.00276
-0.00296
-0.00237
-0.00276
-0.00257
-0.00315
-0.00335
-0.00296
-0.00296
-0.00276
-0.00276
-0.00257
-0.00276
-0.00296
-0.00335
-0.00354
-0.00315
-0.00335
-0.00296
-0.00296
-0.00276
