-6.260001760000E-01

-0.00296
-0.00315
-0.00335
-0.00296
-0.00257
-0.00296
-0.00296
-0.00296
-0.00315
-0.00335
-0.00296
-0.00276
-0.00296
-0.00257
-0.00296
-0.00276
-0.00296
-0.00296
-0.00296
-0.00296
-0.00257
-0.00276
-0.00296
-0.00276
-0.00276
-0.00276
-0.00276
-0.00218
-0.00276
-0.00237
-0.00257
-0.00218
-0.00237
-0.00237
-0.00276
-0.00198
-0.00237
-0.00276
-0.00276
-0.00296
-0.00237
-0.00257
-0.00257
-0.00257
-0.00257
-0.00257
-0.00315
-0.00315
-0.00276
-0.00335
-0.00335
-0.00276
-0.00335
-0.00315
-0.00315
-0.00296
-0.00315
-0.00354
-0.00276
-0.00315
-0.00276
-0.00315
-0.00237
-0.00276
-0.00276
-0.00276
-0.00296
-0.00296
-0.00296
-0.00315
-0.00315
-0.00354
-0.00296
-0.00374
-0.00374
-0.00354
-0.00354
-0.00335
-0.00374
-0.00354
-0.00335
-0.00354
-0.00315
-0.00296
-0.00296
-0.00335
-0.00374
-0.00315
-0.00296
-0.00276
-0.00276
-0.00335
-0.00315
-0.00335
-0.00315
-0.00315
-0.00315
-0.00335
-0.00335
-0.00335
-0.00315
-0.00276
-0.00257
-0.00296
-0.00315
-0.00335
-0.00276
-0.00276
-0.00257
-0.00257
-0.00257
-0.00257
-0.00237
-0.00237
-0.00237
-0.00179
-0.00198
-0.00218
-0.00218
-0.00218
-0.00198
-0.00179
-0.00198
-0.00218
-0.00218
-0.00237
-0.00257
-0.00218
-0.00198
-0.00237
-0.00237
-0.00257
-0.00276
-0.00276
-0.00237
-0.00296
-0.00257
-0.00276
-0.00237
-0.00257
-0.00296
-0.00296
-0.00276
-0.00296
-0.00315
-0.00276
-0.00276
-0.00315
-0.00296
-0.00354
-0.00335
-0.00374
-0.00335
-0.00374
-0.00335
-0.00335
-0.00335
-0.00335
-0.00315
-0.00354
-0.00335
-0.00354
-0.00257
-0.00276
-0.00296
-0.00276
-0.00257
-0.00276
-0.00296
-0.00276
-0.00276
-0.00257
-0.00276
-0.00257
-0.00257
-0.00198
-0.00237
-0.00296
-0.00257
-0.00276
-0.00257
-0.00276
-0.00218
-0.00296
-0.00237
-0.00276
-0.00218
-0.00218
-0.00237
-0.00257
-0.00257
-0.00257
-0.00237
-0.00237
-0.00257
-0.00296
-0.00257
-0.00276
-0.00218
-0.00276
-0.00296
-0.00335
-0.00354
-0.00335
-0.00315
-0.00296
-0.00296
-0.00335
-0.00315
-0.00296
-0.00335
-0.00296
-0.00296
-0.00276
-0.00257
-0.00257
-0.00276
-0.00276
-0.00296
-0.00257
-0.00276
-0.00335
-0.00257
-0.00276
-0.00315
-0.00335
-0.00354
-0.00315
-0.00218
-0.00061
0.00154
0.00329
0.00583
0.00818
0.01091
0.01306
0.01521
0.01657
0.01853
0.02087
0.02224
0.0238
0.02517
0.02673
0.02751
0.02849
0.02966
0.03005
0.03103
0.03161
0.032
0.03259
0.03298
0.03318
0.03318
0.03337
0.03376
0.03396
0.03376
0.03396
0.03396
0.03396
0.03415
0.03376
0.03357
0.03318
0.03318
0.03239
0.03259
0.03239
0.03181
0.03181
0.03161
0.03181
0.03142
0.03103
0.03064
0.03025
0.03025
0.02986
0.02986
0.02907
0.02849
0.0281
0.02849
0.02771
0.02771
0.02751
0.02654
0.02634
0.02614
0.02575
0.02556
0.02595
0.02536
0.02517
0.02497
0.02439
0.02478
0.0238
0.02361
0.02263
0.02224
0.02204
0.02185
0.02126
0.02107
0.02029
0.0197
0.0197
0.01989
0.0195
0.01872
0.01892
0.01853
0.01814
0.01775
0.01775
0.01716
0.01736
0.01716
0.01657
0.01638
0.01599
0.01579
0.0154
0.0154
0.0154
0.01501
0.01404
0.01443
0.01443
0.01404
0.01404
0.01443
0.01384
0.01384
0.01404
0.01364
0.01325
0.01306
0.01286
0.01325
0.01286
0.01267
0.01228
0.01247
0.01189
0.01228
0.01189
0.01169
0.01169
0.01169
0.01071
0.01071
0.00993
0.01013
0.00935
0.00954
0.00935
0.00915
0.00935
0.00876
0.00857
0.00837
0.00798
0.00798
0.00818
0.00798
0.00779
0.0072
0.0072
0.0072
0.00739
0.00739
0.0072
0.0072
0.00681
0.00642
0.00642
0.00642
0.00642
0.00603
0.00622
0.00564
0.00603
0.00583
0.00564
0.00564
0.00525
0.00564
0.00564
0.00544
0.00583
0.00564
0.00525
0.00564
0.00544
0.00564
0.00583
0.00583
0.00583
0.00564
0.00564
0.00544
0.00525
0.00525
0.00466
0.00446
0.00486
0.00427
0.00446
0.00407
0.00388
0.00349
0.00427
0.00388
0.00388
0.00368
0.00388
0.00329
0.00368
0.00349
0.0029
0.00349
0.0031
0.00271
0.0029
0.0031
0.0029
0.00271
0.0029
0.00232
0.00212
0.00232
0.00251
0.00232
0.00212
0.00212
0.00212
0.00232
0.00212
0.00193
0.00193
0.00251
0.00232
0.00212
0.00212
0.00193
0.00154
0.00134
0.00134
0.00154
0.00134
0.00154
0.00154
0.00154
0.00114
0.00134
0.00134
0.00114
0.00095
0.00075
0.00036
0.00075
0.00017
0.00036
0.00036
0.00056
0.00017
0.00095
0.00017
0.00017
-0.00042
-0.00042
-3e-05
-3e-05
-3e-05
-0.00022
-3e-05
0.00017
-3e-05
-0.00022
-3e-05
-3e-05
0.00036
0.00056
0.00017
0.00017
0.00017
0.00056
0.00075
0.00095
0.00056
0.00056
0.00036
0.00056
0.00056
0.00036
0.00036
0.00017
0.00017
0.00095
0.00075
0.00075
0.00036
0.00017
0.00056
0.00075
-3e-05
0.00017
-0.00022
-0.00022
-0.00042
0.00017
-0.00061
-0.00022
-0.00042
-0.00022
-0.00081
-0.00042
-0.001
-0.001
-0.00061
-0.00081
-0.00081
-0.00061
-0.00022
-0.00061
-0.00042
-0.0012
-0.00159
-0.0012
-0.00081
-0.00061
-0.001
-0.001
-0.00061
-0.00042
-0.00081
-0.001
-0.001
-0.001
-0.00081
-0.00081
-0.0012
-0.00159
-0.001
-0.00159
-0.00159
-0.00159
-0.00179
-0.00139
-0.00159
-0.0012
-0.00159
-0.00159
-0.00198
-0.00159
-0.00139
-0.00159
-0.0012
-0.00081
-0.0012
-0.00139
-0.0012
-0.0012
-0.00159
-0.00159
-0.00159
-0.00179
-0.00139
-0.00198
-0.00159
-0.00218
-0.00179
-0.00179
-0.00198
-0.00179
-0.00179
-0.00218
-0.00198
-0.0012
-0.00159
-0.00139
-0.00159
-0.00159
-0.00159
-0.00139
-0.00159
-0.00179
-0.00198
-0.00218
-0.00218
-0.00198
-0.00198
-0.00218
-0.00198
-0.00218
-0.00198
-0.00198
-0.00237
-0.00218
-0.00237
-0.00218
-0.00237
-0.00237
-0.00218
-0.00237
-0.00257
-0.00198
-0.00218
-0.00198
-0.00237
-0.00257
-0.00257
-0.00179
-0.00218
-0.00218
-0.00218
-0.00179
-0.00237
-0.00257
-0.00276
-0.00257
-0.00276
-0.00276
-0.00296
-0.00296
-0.00218
-0.00218
-0.00218
-0.00198
-0.00237
-0.00198
-0.00257
-0.00257
-0.00198
-0.00198
-0.00198
-0.00139
-0.00218
-0.00198
-0.00198
-0.00218
-0.00218
-0.00179
-0.00218
-0.00198
-0.00179
-0.00257
-0.00159
-0.00179
-0.00198
-0.00218
-0.00218
-0.00198
-0.00237
-0.00159
-0.00198
-0.0012
-0.00159
-0.00179
-0.00179
-0.00218
-0.00159
-0.00218
-0.00159
-0.00198
-0.00179
-0.00198
-0.00179
-0.00179
-0.00198
-0.00237
-0.00237
-0.00218
-0.00198
-0.00179
-0.00218
-0.00218
-0.00257
-0.00257
-0.00218
-0.00218
-0.00218
-0.00179
-0.00218
-0.00237
-0.00198
-0.00237
-0.00237
-0.00257
-0.00296
-0.00198
-0.00198
-0.00237
-0.00237
-0.00198
-0.00218
-0.00218
-0.00218
-0.00237
-0.00218
-0.00237
-0.00276
-0.00257
-0.00237
-0.00179
-0.00237
-0.00237
-0.00179
-0.00218
-0.00218
-0.00237
-0.00218
-0.00218
-0.00218
-0.00198
-0.00257
-0.00179
-0.00237
-0.00257
-0.00276
-0.00276
-0.00276
-0.00237
-0.00257
-0.00257
-0.00296
-0.00257
-0.00276
-0.00257
-0.00218
-0.00237
-0.00179
-0.00237
-0.00218
-0.00218
-0.00237
-0.00218
-0.00218
-0.00198
-0.00179
-0.00218
-0.00237
-0.00218
-0.00237
-0.00237
-0.00257
-0.00257
-0.00257
-0.00237
-0.00257
-0.00257
-0.00257
-0.00237
-0.00237
-0.00237
-0.00276
-0.00276
-0.00296
-0.00276
-0.00237
-0.00257
-0.00257
-0.00257
-0.00315
-0.00237
-0.00296
-0.00296
-0.00257
-0.00276
-0.00296
-0.00276
-0.00315
-0.00315
-0.00335
-0.00315
-0.00315
-0.00374
-0.00315
-0.00315
-0.00335
-0.00296
-0.00315
-0.00354
-0.00296
-0.00296
-0.00296
-0.00296
-0.00276
-0.00335
-0.00335
-0.00335
-0.00315
-0.00315
-0.00315
-0.00276
-0.00276
-0.00315
-0.00315
-0.00315
-0.00335
-0.00276
-0.00276
-0.00237
-0.00276
-0.00276
-0.00276
-0.00296
-0.00276
-0.00335
-0.00315
-0.00315
-0.00276
-0.00315
-0.00335
-0.00315
-0.00296
-0.00315
-0.00335
-0.00276
-0.00315
-0.00315
-0.00315
-0.00315
-0.00335
-0.00296
-0.00315
-0.00354
-0.00276
-0.00315
-0.00315
-0.00296
-0.00335
-0.00296
-0.00315
-0.00335
-0.00296
-0.00296
-0.00315
-0.00315
-0.00296
-0.00354
-0.00315
-0.00335
-0.00315
-0.00315
-0.00374
-0.00315
-0.00257
-0.00257
-0.00276
-0.00315
-0.00315
-0.00296
-0.00296
-0.00257
-0.00198
-0.00218
-0.00296
-0.00257
-0.00218
-0.00237
-0.00237
-0.00276
-0.00257
-0.00257
-0.00276
-0.00218
-0.00296
-0.00257
-0.00218
-0.00218
-0.00237
-0.00237
-0.00257
-0.00257
-0.00237
-0.00198
-0.00257
-0.00257
-0.00218
-0.00218
-0.00237
-0.00257
-0.00257
-0.00257
-0.00296
-0.00237
-0.00276
-0.00315
-0.00315
-0.00296
-0.00296
-0.00257
-0.00296
-0.00257
-0.00218
-0.00237
-0.00296
-0.00257
-0.00276
-0.00237
-0.00296
-0.00276
-0.00315
-0.00296
-0.00276
-0.00276
-0.00276
-0.00276
-0.00257
-0.00257
-0.00237
-0.00276
-0.00257
-0.00237
-0.00296
-0.00237
-0.00276
-0.00237
-0.00257
-0.00257
-0.00296
-0.00276
-0.00296
-0.00276
-0.00296
-0.00257
-0.00335
-0.00315
-0.00335
-0.00354
-0.00335
-0.00335
-0.00335
-0.00335
-0.00335
-0.00354
-0.00335
-0.00374
-0.00354
-0.00354
-0.00315
-0.00276
-0.00296
-0.00296
-0.00276
-0.00296
-0.00296
-0.00296
-0.00296
-0.00276
-0.00276
-0.00257
-0.00257
-0.00218
-0.00198
-0.00218
-0.00296
-0.00237
-0.00257
-0.00237
-0.00257
-0.00257
-0.00257
-0.00198
-0.00198
-0.00198
-0.00276
-0.00276
-0.00257
-0.00276
-0.00276
-0.00296
-0.00315
-0.00335
-0.00257
-0.00296
-0.00315
-0.00257
-0.00296
-0.00315
-0.00374
-0.00315
-0.00276
-0.00335
-0.00354
-0.00374
-0.00413
-0.00374
-0.00354
-0.00374
-0.00354
-0.00354
-0.00374
-0.00315
-0.00335
-0.00374
-0.00374
-0.00315
-0.00335
-0.00354
-0.00393
-0.00335
-0.00354
-0.00335
-0.00335
-0.00374
-0.00335
-0.00374
-0.00296
-0.00276
-0.00374
-0.00374
-0.00374
-0.00315
-0.00335
-0.00315
-0.00315
-0.00315
-0.00315
-0.00296
-0.00315
-0.00257
-0.00315
-0.00296
-0.00296
-0.00296
-0.00296
-0.00296
-0.00354
-0.00315
-0.00276
-0.00296
-0.00335
-0.00296
-0.00296
-0.00335
-0.00315
-0.00296
-0.00296
-0.00315
-0.00276
-0.00296
-0.00296
-0.00354
-0.00335
-0.00276
-0.00276
-0.00257
-0.00237
-0.00296
-0.00218
-0.00257
-0.00296
-0.00257
-0.00296
-0.00296
-0.00315
-0.00276
-0.00276
-0.00257
-0.00276
-0.00257
-0.00257
-0.00315
-0.00296
-0.00276
-0.00276
-0.00237
-0.00296
-0.00276
-0.00296
-0.00276
-0.00296
-0.00257
-0.00296
-0.00296
-0.00276
-0.00296
-0.00296
-0.00276
-0.00315
-0.00257
-0.00237
-0.00257
-0.00257
-0.00257
-0.00296
-0.00257
-0.00257
-0.00257
-0.00296
-0.00296
-0.00335
-0.00276
-0.00315
-0.00257
-0.00296
-0.00276
-0.00296
-0.00276
-0.00296
-0.00276
-0.00237
-0.00237
-0.00276
-0.00257
-0.00315
-0.00315
-0.00296
-0.00257
-0.00276
-0.00276
-0.00237
-0.00237
-0.00218
-0.00237
-0.00257
-0.00237
-0.00218
-0.00257
-0.00218
-0.00218
-0.00237
-0.00237
-0.00276
-0.00257
-0.00218
-0.00237
-0.00237
-0.00257
-0.00237
-0.00237
-0.00237
-0.00257
-0.00276
-0.00296
-0.00296
-0.00218
-0.00296
-0.00237
-0.00237
-0.00276
-0.00296
-0.00276
-0.00296
-0.00315
-0.00276
-0.00276
-0.00354
-0.00315
-0.00296
-0.00296
-0.00335
-0.00296
-0.00335
-0.00315
-0.00315
-0.00276
-0.00335
-0.00296
-0.00257
-0.00257
-0.00257
-0.00257
-0.00276
-0.00296
-0.00296
-0.00237
-0.00276
-0.00296
-0.00296
-0.00315
-0.00276
-0.00296
-0.00315
-0.00276
-0.00296
-0.00218
-0.00237
-0.00237
-0.00218
-0.00257
-0.00237
-0.00237
-0.00218
-0.00257
-0.00257
-0.00237
-0.00276
-0.00257
-0.00276
-0.00276
-0.00276
-0.00257
-0.00276
