-8.950002496000E-01

-0.00218
-0.00257
-0.00237
-0.00276
-0.00218
-0.00237
-0.00257
-0.00257
-0.00218
-0.00218
-0.00237
-0.00237
-0.00237
-0.00218
-0.00237
-0.00198
-0.00218
-0.00296
-0.00237
-0.00276
-0.00276
-0.00276
-0.00315
-0.00315
-0.00276
-0.00315
-0.00237
-0.00296
-0.00335
-0.00237
-0.00315
-0.00257
-0.00276
-0.00218
-0.00237
-0.00257
-0.00315
-0.00296
-0.00296
-0.00315
-0.00315
-0.00257
-0.00257
-0.00296
-0.00296
-0.00296
-0.00276
-0.00296
-0.00257
-0.00257
-0.00296
-0.00257
-0.00296
-0.00276
-0.00257
-0.00257
-0.00257
-0.00218
-0.00198
-0.00198
-0.00218
-0.00237
-0.00237
-0.00237
-0.00198
-0.00257
-0.00237
-0.00237
-0.00218
-0.00237
-0.00296
-0.00296
-0.00296
-0.00257
-0.00257
-0.00257
-0.00257
-0.00218
-0.00257
-0.00257
-0.00237
-0.00296
-0.00257
-0.00257
-0.00218
-0.00218
-0.00218
-0.00198
-0.00218
-0.00198
-0.00237
-0.00198
-0.00276
-0.00218
-0.00237
-0.00218
-0.00198
-0.00198
-0.00179
-0.00179
-0.00218
-0.00198
-0.00257
-0.00237
-0.00218
-0.00198
-0.00257
-0.00237
-0.00276
-0.00237
-0.00237
-0.00237
-0.00276
-0.00257
-0.00257
-0.00315
-0.00296
-0.00257
-0.00276
-0.00296
-0.00315
-0.00276
-0.00296
-0.00296
-0.00276
-0.00335
-0.00296
-0.00315
-0.00276
-0.00276
-0.00315
-0.00276
-0.00276
-0.00237
-0.00257
-0.00276
-0.00218
-0.00276
-0.00237
-0.00276
-0.00218
-0.00218
-0.00198
-0.00218
-0.00218
-0.00237
-0.00218
-0.00237
-0.00159
-0.00159
-0.00198
-0.00198
-0.00179
-0.00159
-0.00159
-0.00237
-0.00198
-0.00198
-0.00237
-0.00179
-0.00179
-0.00198
-0.00198
-0.00218
-0.00257
-0.00257
-0.00296
-0.00276
-0.00276
-0.00237
-0.00257
-0.00257
-0.00257
-0.00237
-0.00276
-0.00276
-0.00237
-0.00257
-0.00276
-0.00257
-0.00296
-0.00237
-0.00296
-0.00276
-0.00257
-0.00276
-0.00276
-0.00237
-0.00276
-0.00237
-0.00296
-0.00237
-0.00218
-0.00237
-0.00198
-0.00237
-0.00257
-0.00257
-0.00237
-0.00218
-0.00276
-0.00257
-0.00237
-0.00237
-0.00237
-0.00198
-0.00296
-0.00276
-0.00237
-0.00257
-0.00257
-0.00237
-0.00237
-0.00218
-0.00139
-0.00061
0.00134
0.00368
0.00642
0.00935
0.01325
0.01638
0.02048
0.0238
0.0279
0.032
0.03571
0.03943
0.04411
0.04763
0.05212
0.05564
0.05954
0.06286
0.06599
0.06911
0.07146
0.07361
0.07556
0.07771
0.07946
0.08142
0.082
0.08337
0.08474
0.08591
0.08689
0.08689
0.08708
0.08767
0.08845
0.08806
0.08806
0.08845
0.08825
0.08806
0.08747
0.08708
0.08689
0.0863
0.08552
0.08435
0.08376
0.08337
0.08298
0.0822
0.08161
0.08122
0.07966
0.07927
0.07829
0.07771
0.07673
0.07595
0.07497
0.07419
0.07302
0.07224
0.07126
0.07068
0.06989
0.06931
0.06814
0.06736
0.06618
0.0656
0.06501
0.06404
0.06364
0.06267
0.06189
0.06052
0.06013
0.05954
0.05915
0.05779
0.057
0.05681
0.05622
0.05544
0.05466
0.05427
0.05329
0.0529
0.05212
0.05134
0.05075
0.04997
0.04939
0.0488
0.04841
0.04743
0.04646
0.04646
0.04587
0.04509
0.0445
0.04372
0.04333
0.04294
0.04275
0.04138
0.04099
0.0404
0.03982
0.03943
0.03904
0.03845
0.03747
0.03767
0.03728
0.03689
0.03552
0.03493
0.03474
0.03435
0.03415
0.03357
0.03376
0.03259
0.03239
0.032
0.03142
0.03103
0.03083
0.03005
0.03044
0.02927
0.02927
0.02868
0.02849
0.02829
0.0279
0.02771
0.02712
0.02634
0.02654
0.02614
0.02614
0.02556
0.02517
0.02497
0.02478
0.024
0.02419
0.02321
0.02321
0.02282
0.02302
0.02263
0.02243
0.02185
0.02204
0.02165
0.02165
0.02126
0.02126
0.02087
0.02068
0.02048
0.0197
0.01931
0.01931
0.01892
0.01833
0.01794
0.01794
0.01775
0.01775
0.01755
0.01716
0.01677
0.01677
0.01677
0.01638
0.0156
0.01599
0.01521
0.0154
0.01501
0.01521
0.01482
0.01462
0.01443
0.01443
0.01443
0.01404
0.01404
0.01345
0.01364
0.01306
0.01306
0.01247
0.01306
0.01208
0.01228
0.01208
0.01228
0.01189
0.01208
0.0115
0.01169
0.0115
0.01111
0.01091
0.0113
0.01091
0.01091
0.01032
0.01032
0.01013
0.01013
0.00974
0.00935
0.00974
0.00915
0.00935
0.00954
0.00954
0.00915
0.00896
0.00857
0.00876
0.00896
0.00857
0.00915
0.00857
0.00818
0.00837
0.00837
0.00818
0.00818
0.00779
0.00798
0.00818
0.00779
0.0072
0.00759
0.00739
0.00739
0.0072
0.007
0.007
0.007
0.007
0.0072
0.00681
0.00661
0.00642
0.00622
0.00603
0.00583
0.00603
0.00564
0.00603
0.00544
0.00564
0.00564
0.00505
0.00486
0.00505
0.00446
0.00466
0.00427
0.00407
0.00427
0.00407
0.00427
0.00407
0.00388
0.00407
0.00368
0.00368
0.00388
0.00407
0.00388
0.00368
0.00368
0.00349
0.00329
0.00349
0.00329
0.0031
0.0029
0.00329
0.0029
0.0029
0.00271
0.00271
0.0031
0.00271
0.0029
0.00271
0.00251
0.00271
0.0031
0.00271
0.0029
0.00212
0.00212
0.00193
0.00212
0.00212
0.00232
0.00193
0.00193
0.00212
0.00212
0.00212
0.00173
0.00193
0.00212
0.00154
0.00193
0.00212
0.00154
0.00173
0.00173
0.00134
0.00154
0.00193
0.00193
0.00212
0.00134
0.00193
0.00114
0.00154
0.00154
0.00134
0.00193
0.00134
0.00114
0.00095
0.00114
0.00075
0.00114
0.00134
0.00134
0.00056
0.00036
0.00056
0.00095
0.00114
0.00095
0.00075
0.00075
0.00095
0.00036
0.00056
0.00056
0.00036
-0.00022
-0.00042
-0.00042
-0.00042
-3e-05
-0.00042
-0.00042
-0.00022
-0.00081
-0.00042
-0.00022
-0.00042
-0.00081
-0.00081
-0.00042
-0.001
-0.00081
-0.0012
-0.001
-0.00022
-0.00081
-0.00042
-0.00061
-0.00061
-0.00042
-0.00061
-0.00061
-0.00081
-0.00081
-0.00042
-0.00042
-0.00061
-0.00081
-0.00061
-0.00042
-0.00061
-0.00061
-0.00081
-0.00081
-0.00042
-0.00081
-0.001
-0.00061
-0.00022
-0.00022
-3e-05
-0.00061
-0.00022
-0.00061
-0.00061
-0.00081
-0.00042
-0.00061
-0.00042
-0.00061
-0.00061
-0.001
-0.00081
-0.001
-0.0012
-0.00081
-0.001
-0.0012
-0.0012
-0.0012
-0.0012
-0.0012
-0.00139
-0.001
-0.00042
-0.00061
-0.00081
-0.00081
-0.0012
-0.001
-0.00081
-0.001
-0.0012
-0.0012
-0.001
-0.0012
-0.001
-0.00139
-0.00159
-0.00159
-0.00139
-0.00139
-0.0012
-0.00081
-0.00159
-0.00179
-0.00139
-0.00159
-0.0012
-0.00159
-0.00139
-0.00139
-0.00159
-0.00139
-0.0012
-0.00159
-0.00139
-0.00179
-0.00159
-0.00179
-0.00139
-0.00139
-0.00139
-0.00139
-0.00159
-0.00179
-0.0012
-0.00198
-0.00198
-0.00139
-0.00179
-0.00139
-0.00139
-0.00159
-0.00159
-0.00159
-0.00159
-0.00179
-0.00179
-0.00179
-0.00198
-0.00237
-0.00218
-0.00198
-0.00218
-0.00198
-0.00198
-0.00179
-0.00218
-0.00159
-0.00218
-0.00218
-0.00179
-0.00198
-0.00198
-0.00159
-0.00218
-0.00159
-0.00198
-0.00179
-0.00198
-0.00179
-0.00159
-0.00159
-0.00198
-0.00179
-0.00159
-0.00159
-0.00198
-0.00198
-0.00159
-0.00198
-0.00179
-0.00218
-0.00198
-0.00237
-0.00257
-0.00296
-0.00237
-0.00237
-0.00257
-0.00237
-0.00237
-0.00276
-0.00237
-0.00218
-0.00257
-0.00237
-0.00218
-0.00237
-0.00218
-0.00237
-0.00237
-0.00218
-0.00218
-0.00237
-0.00198
-0.00237
-0.00237
-0.00276
-0.00218
-0.00257
-0.00257
-0.00179
-0.00198
-0.00218
-0.00198
-0.00237
-0.00198
-0.00179
-0.00179
-0.00179
-0.00198
-0.00198
-0.00159
-0.00179
-0.00159
-0.0012
-0.001
-0.00159
-0.00139
-0.00139
-0.001
-0.00139
-0.00139
-0.00139
-0.00159
-0.00159
-0.00159
-0.00218
-0.00179
-0.00159
-0.00179
-0.00198
-0.00139
-0.00198
-0.00179
-0.00257
-0.00198
-0.00159
-0.00159
-0.00179
-0.00198
-0.00218
-0.00218
-0.00257
-0.00276
-0.00257
-0.00257
-0.00257
-0.00237
-0.00276
-0.00296
-0.00237
-0.00257
-0.00296
-0.00276
-0.00257
-0.00276
-0.00276
-0.00257
-0.00276
-0.00276
-0.00296
-0.00276
-0.00296
-0.00276
-0.00296
-0.00257
-0.00257
-0.00237
-0.00257
-0.00276
-0.00257
-0.00237
-0.00218
-0.00218
-0.00257
-0.00257
-0.00296
-0.00218
-0.00257
-0.00218
-0.00237
-0.00237
-0.00198
-0.00237
-0.00198
-0.00237
-0.00179
-0.00237
-0.00218
-0.00198
-0.00218
-0.00198
-0.00179
-0.00198
-0.00159
-0.00159
-0.00179
-0.00198
-0.00218
-0.00218
-0.00198
-0.00218
-0.00237
-0.00237
-0.00218
-0.00218
-0.00237
-0.00257
-0.00257
-0.00237
-0.00218
-0.00179
-0.00237
-0.00237
-0.00257
-0.00218
-0.00218
-0.00218
-0.00237
-0.00257
-0.00237
-0.00218
-0.00257
-0.00237
-0.00218
-0.00218
-0.00237
-0.00198
-0.00257
-0.00257
-0.00257
-0.00257
-0.00296
-0.00257
-0.00237
-0.00237
-0.00276
-0.00257
-0.00276
-0.00257
-0.00276
-0.00276
-0.00257
-0.00276
-0.00276
-0.00257
-0.00257
-0.00315
-0.00296
-0.00296
-0.00276
-0.00257
-0.00276
-0.00257
-0.00276
-0.00315
-0.00296
-0.00296
-0.00296
-0.00315
-0.00315
-0.00315
-0.00315
-0.00335
-0.00257
-0.00276
-0.00276
-0.00257
-0.00257
-0.00237
-0.00257
-0.00237
-0.00237
-0.00179
-0.00218
-0.00237
-0.00237
-0.00198
-0.00237
-0.00198
-0.00237
-0.00218
-0.00257
-0.00257
-0.00237
-0.00179
-0.00218
-0.00179
-0.00237
-0.00237
-0.00218
-0.00198
-0.00237
-0.00276
-0.00218
-0.00218
-0.00257
-0.00237
-0.00237
-0.00257
-0.00257
-0.00218
-0.00218
-0.00198
-0.00276
-0.00237
-0.00257
-0.00296
-0.00276
-0.00276
-0.00315
-0.00276
-0.00257
-0.00257
-0.00257
-0.00257
-0.00276
-0.00296
-0.00296
-0.00296
-0.00315
-0.00276
-0.00276
-0.00218
-0.00237
-0.00257
-0.00276
-0.00257
-0.00257
-0.00257
-0.00315
-0.00276
-0.00335
-0.00296
-0.00296
-0.00257
-0.00315
-0.00296
-0.00276
-0.00276
-0.00276
-0.00257
-0.00315
-0.00315
-0.00296
-0.00296
-0.00237
-0.00296
-0.00276
-0.00257
-0.00296
-0.00296
-0.00315
-0.00296
-0.00276
-0.00296
-0.00315
-0.00315
-0.00276
-0.00276
-0.00296
-0.00315
-0.00296
-0.00257
-0.00296
-0.00257
-0.00257
-0.00218
-0.00276
-0.00218
-0.00198
-0.00198
-0.00257
-0.00237
-0.00257
-0.00276
-0.00276
-0.00257
-0.00257
-0.00257
-0.00237
-0.00218
-0.00218
-0.00257
-0.00257
-0.00257
-0.00218
-0.00257
-0.00257
-0.00237
-0.00237
-0.00237
-0.00296
-0.00276
-0.00257
-0.00257
-0.00315
-0.00296
-0.00296
-0.00296
-0.00276
-0.00257
-0.00257
-0.00257
-0.00276
-0.00257
-0.00296
-0.00257
-0.00257
-0.00276
-0.00257
-0.00257
-0.00276
-0.00218
-0.00276
-0.00198
-0.00218
-0.00198
-0.00218
-0.00218
-0.00237
-0.00218
-0.00198
-0.00159
-0.00218
-0.00179
-0.00159
-0.00159
-0.00179
-0.00159
-0.00198
-0.00139
-0.00179
-0.00198
-0.00179
-0.00159
-0.00198
-0.00179
-0.00198
-0.00218
-0.00237
-0.00218
-0.00237
-0.00198
-0.00179
-0.00179
-0.00179
-0.00237
-0.00237
-0.00218
-0.00218
-0.00257
-0.00257
-0.00296
-0.00257
-0.00276
-0.00257
-0.00296
-0.00237
-0.00237
-0.00257
-0.00237
-0.00257
-0.00198
-0.00276
-0.00257
-0.00315
-0.00296
-0.00296
-0.00296
-0.00296
-0.00237
-0.00296
-0.00315
-0.00296
-0.00315
-0.00296
-0.00315
-0.00296
-0.00315
-0.00315
-0.00296
-0.00276
-0.00315
-0.00335
-0.00315
-0.00335
-0.00237
-0.00296
-0.00276
-0.00257
-0.00237
-0.00257
-0.00276
-0.00257
-0.00296
-0.00276
-0.00276
-0.00296
-0.00257
-0.00257
-0.00218
-0.00218
-0.00237
-0.00237
-0.00257
-0.00237
-0.00237
-0.00257
-0.00237
-0.00237
-0.00257
-0.00276
-0.00276
-0.00218
-0.00257
-0.00276
-0.00296
-0.00276
-0.00198
-0.00257
-0.00257
-0.00296
-0.00296
-0.00315
-0.00315
-0.00296
-0.00335
-0.00296
-0.00296
-0.00257
-0.00296
-0.00237
-0.00257
-0.00257
-0.00257
-0.00296
-0.00296
-0.00237
-0.00257
-0.00296
