-5.150001472000E-01

-0.00257
-0.00257
-0.00257
-0.00296
-0.00276
-0.00257
-0.00276
-0.00237
-0.00296
-0.00296
-0.00257
-0.00276
-0.00276
-0.00276
-0.00296
-0.00276
-0.00276
-0.00257
-0.00257
-0.00237
-0.00237
-0.00218
-0.00198
-0.00276
-0.00276
-0.00276
-0.00257
-0.00276
-0.00276
-0.00257
-0.00218
-0.00257
-0.00237
-0.00257
-0.00276
-0.00296
-0.00276
-0.00237
-0.00257
-0.00237
-0.00218
-0.00218
-0.00218
-0.00237
-0.00237
-0.00276
-0.00218
-0.00257
-0.00237
-0.00257
-0.00257
-0.00257
-0.00218
-0.00198
-0.00257
-0.00237
-0.00237
-0.00218
-0.00296
-0.00296
-0.00296
-0.00257
-0.00237
-0.00237
-0.00237
-0.00218
-0.00218
-0.00257
-0.00218
-0.00218
-0.00198
-0.00198
-0.00237
-0.00218
-0.00237
-0.00198
-0.00257
-0.00218
-0.00237
-0.00257
-0.00237
-0.00218
-0.00237
-0.00237
-0.00296
-0.00276
-0.00296
-0.00296
-0.00276
-0.00276
-0.00335
-0.00315
-0.00335
-0.00335
-0.00276
-0.00335
-0.00296
-0.00315
-0.00315
-0.00276
-0.00276
-0.00276
-0.00296
-0.00296
-0.00315
-0.00315
-0.00335
-0.00335
-0.00335
-0.00296
-0.00276
-0.00296
-0.00257
-0.00276
-0.00257
-0.00257
-0.00218
-0.00218
-0.00218
-0.00198
-0.00237
-0.00218
-0.00218
-0.00237
-0.00296
-0.00218
-0.00237
-0.00237
-0.00296
-0.00296
-0.00276
-0.00276
-0.00237
-0.00257
-0.00257
-0.00257
-0.00315
-0.00257
-0.00276
-0.00296
-0.00276
-0.00315
-0.00276
-0.00257
-0.00296
-0.00296
-0.00296
-0.00296
-0.00276
-0.00296
-0.00257
-0.00276
-0.00296
-0.00257
-0.00296
-0.00257
-0.00315
-0.00296
-0.00315
-0.00315
-0.00276
-0.00257
-0.00257
-0.00257
-0.00315
-0.00257
-0.00237
-0.00276
-0.00237
-0.00198
-0.00218
-0.00257
-0.00257
-0.00276
-0.00218
-0.00257
-0.00276
-0.00276
-0.00237
-0.00257
-0.00276
-0.00257
-0.00237
-0.00257
-0.00237
-0.00218
-0.00237
-0.00276
-0.00257
-0.00257
-0.00198
-0.00218
-0.00257
-0.00198
-0.00237
-0.00257
-0.00276
-0.00237
-0.00257
-0.00198
-0.00276
-0.00237
-0.00257
-0.00296
-0.00257
-0.00276
-0.00218
-0.00237
-0.00218
-0.00218
-0.0012
-3e-05
0.00134
0.00232
0.00349
0.00466
0.00525
0.00642
0.0072
0.00779
0.00915
0.01032
0.01247
0.0154
0.01833
0.02224
0.02595
0.02986
0.03298
0.0365
0.04021
0.04333
0.04646
0.049
0.05134
0.05368
0.05544
0.0572
0.05915
0.06052
0.06091
0.06267
0.06325
0.06404
0.06501
0.0656
0.06657
0.06677
0.06696
0.06696
0.06677
0.06755
0.06755
0.06736
0.06716
0.06696
0.06657
0.06657
0.06618
0.06579
0.06521
0.06501
0.06443
0.06423
0.06384
0.06364
0.06286
0.06247
0.0615
0.06052
0.06032
0.05954
0.05915
0.05837
0.05779
0.057
0.05661
0.05622
0.05583
0.05486
0.05388
0.05388
0.05329
0.05232
0.05173
0.05114
0.05056
0.04978
0.049
0.04802
0.04763
0.04704
0.04587
0.04548
0.04509
0.0445
0.04392
0.04314
0.04255
0.04177
0.04118
0.0404
0.0404
0.03982
0.03923
0.03904
0.03786
0.03767
0.03747
0.03708
0.03689
0.03611
0.03591
0.03571
0.03493
0.03493
0.03415
0.03357
0.03259
0.0322
0.03239
0.03161
0.03122
0.03083
0.03044
0.02966
0.02946
0.02927
0.02888
0.02907
0.02868
0.02771
0.0279
0.02771
0.0279
0.02693
0.02654
0.02634
0.02673
0.02575
0.02575
0.02497
0.02458
0.02439
0.02439
0.024
0.024
0.02321
0.02263
0.02263
0.02243
0.02204
0.02146
0.02146
0.02107
0.02126
0.02087
0.02009
0.02009
0.0195
0.01931
0.01931
0.01892
0.01872
0.01833
0.01853
0.01794
0.01794
0.01755
0.01716
0.01716
0.01677
0.01599
0.01638
0.01599
0.01599
0.0154
0.0156
0.0154
0.01521
0.01521
0.01501
0.01501
0.01462
0.01404
0.01384
0.01384
0.01384
0.01364
0.01325
0.01345
0.01306
0.01286
0.01306
0.01286
0.01267
0.01247
0.01208
0.01169
0.01111
0.01111
0.01111
0.01091
0.01091
0.01052
0.01052
0.01013
0.01013
0.00974
0.00993
0.00954
0.00935
0.00935
0.00915
0.00857
0.00837
0.00876
0.00857
0.00857
0.00798
0.00857
0.00818
0.00779
0.00779
0.0072
0.00759
0.007
0.00779
0.00759
0.0072
0.00759
0.0072
0.0072
0.007
0.00739
0.00681
0.007
0.00642
0.00661
0.00661
0.00642
0.00681
0.00622
0.00661
0.00583
0.00583
0.00564
0.00583
0.00525
0.00525
0.00544
0.00525
0.00525
0.00505
0.00525
0.00466
0.00446
0.00486
0.00486
0.00486
0.00446
0.00368
0.00407
0.00407
0.00388
0.00349
0.00368
0.00368
0.00349
0.00349
0.0031
0.00329
0.00349
0.00329
0.00329
0.0031
0.00271
0.00271
0.0029
0.0029
0.0029
0.0029
0.00251
0.00271
0.00271
0.00271
0.00232
0.00251
0.00251
0.00251
0.00212
0.00232
0.00271
0.00271
0.00251
0.00212
0.00212
0.00232
0.00212
0.00193
0.00212
0.00193
0.00173
0.00212
0.00193
0.00232
0.00173
0.00193
0.00193
0.00154
0.00173
0.00193
0.00154
0.00173
0.00173
0.00154
0.00114
0.00134
0.00114
0.00114
0.00095
0.00114
0.00095
0.00056
0.00095
0.00114
0.00134
0.00095
0.00075
0.00075
0.00095
0.00114
0.00056
0.00075
-0.00022
0.00036
0.00017
0.00017
-3e-05
0.00017
0.00056
0.00036
0.00036
0.00056
-3e-05
0.00056
-3e-05
0.00017
0.00017
0.00017
-3e-05
0.00017
-0.00022
-3e-05
-0.00022
-3e-05
-3e-05
-0.00042
-0.00042
-0.00081
-0.00081
-0.00081
-0.00042
-0.00081
-0.00081
-0.00081
-0.00022
-3e-05
-0.00042
-0.00022
-0.00061
-0.00022
-0.00061
-0.00022
-0.00042
-0.00042
-0.00081
-0.001
-0.001
-0.001
-0.0012
-0.00061
-0.00022
-0.00042
-0.00042
-0.00022
-0.00022
-0.00081
-0.00061
-0.00042
-0.00061
-0.00042
-0.00042
-0.00081
-0.0012
-0.00061
-0.001
-0.00061
-0.00061
-0.00022
-0.00081
-0.00081
-0.00081
-0.001
-0.00061
-0.00061
-0.001
-0.00081
-0.00061
-0.00081
-0.0012
-0.00081
-0.00139
-0.001
-0.00081
-0.00081
-0.001
-0.00139
-0.00139
-0.00159
-0.00159
-0.00139
-0.0012
-0.001
-0.00139
-0.0012
-0.0012
-0.001
-0.0012
-0.0012
-0.0012
-0.00139
-0.00139
-0.00159
-0.00159
-0.00159
-0.00159
-0.0012
-0.0012
-0.00159
-0.00159
-0.00139
-0.00139
-0.00159
-0.00159
-0.00139
-0.00159
-0.00179
-0.00139
-0.00159
-0.00139
-0.00179
-0.00139
-0.00159
-0.001
-0.00159
-0.00159
-0.00179
-0.00159
-0.0012
-0.00159
-0.0012
-0.00139
-0.00159
-0.00139
-0.00081
-0.00081
-0.00159
-0.00139
-0.00159
-0.00159
-0.00159
-0.00237
-0.00257
-0.00198
-0.00218
-0.00237
-0.00237
-0.00237
-0.00198
-0.00257
-0.00218
-0.00257
-0.00237
-0.00198
-0.00218
-0.00198
-0.00179
-0.00237
-0.00198
-0.00198
-0.00179
-0.00237
-0.00198
-0.00179
-0.00159
-0.00218
-0.00218
-0.00218
-0.00257
-0.00218
-0.00218
-0.00237
-0.00257
-0.00218
-0.00237
-0.00218
-0.00257
-0.00276
-0.00257
-0.00296
-0.00296
-0.00276
-0.00276
-0.00296
-0.00296
-0.00315
-0.00296
-0.00276
-0.00276
-0.00296
-0.00296
-0.00296
-0.00276
-0.00335
-0.00315
-0.00257
-0.00296
-0.00296
-0.00296
-0.00315
-0.00276
-0.00296
-0.00276
-0.00296
-0.00296
-0.00296
-0.00257
-0.00276
-0.00218
-0.00237
-0.00237
-0.00218
-0.00218
-0.00237
-0.00159
-0.00179
-0.00198
-0.00237
-0.00198
-0.00257
-0.00257
-0.00237
-0.00237
-0.00218
-0.00179
-0.00218
-0.00198
-0.00218
-0.00179
-0.00218
-0.00237
-0.00218
-0.00257
-0.00218
-0.00237
-0.00237
-0.00218
-0.00257
-0.00257
-0.00218
-0.00218
-0.00237
-0.00257
-0.00237
-0.00218
-0.00257
-0.00198
-0.00257
-0.00257
-0.00296
-0.00296
-0.00296
-0.00276
-0.00296
-0.00257
-0.00257
-0.00237
-0.00257
-0.00237
-0.00237
-0.00257
-0.00237
-0.00237
-0.00276
-0.00257
-0.00257
-0.00276
-0.00237
-0.00237
-0.00296
-0.00237
-0.00296
-0.00257
-0.00237
-0.00296
-0.00276
-0.00237
-0.00257
-0.00237
-0.00257
-0.00315
-0.00257
-0.00218
-0.00218
-0.00257
-0.00237
-0.00237
-0.00257
-0.00276
-0.00218
-0.00257
-0.00179
-0.00218
-0.00257
-0.00237
-0.00257
-0.00237
-0.00237
-0.00257
-0.00237
-0.00257
-0.00218
-0.00198
-0.00276
-0.00276
-0.00296
-0.00257
-0.00237
-0.00237
-0.00237
-0.00218
-0.00237
-0.00237
-0.00237
-0.00237
-0.00218
-0.00296
-0.00296
-0.00276
-0.00218
-0.00237
-0.00237
-0.00257
-0.00296
-0.00276
-0.00276
-0.00237
-0.00218
-0.00237
-0.00296
-0.00257
-0.00276
-0.00237
-0.00276
-0.00276
-0.00257
-0.00237
-0.00315
-0.00296
-0.00296
-0.00257
-0.00276
-0.00257
-0.00257
-0.00276
-0.00257
-0.00257
-0.00218
-0.00237
-0.00237
-0.00257
-0.00257
-0.00257
-0.00237
-0.00257
-0.00198
-0.00237
-0.00218
-0.00218
-0.00237
-0.00257
-0.00257
-0.00257
-0.00198
-0.00159
-0.00198
-0.00198
-0.00198
-0.00218
-0.00237
-0.00237
-0.00237
-0.00198
-0.00218
-0.00198
-0.00257
-0.00237
-0.00198
-0.00198
-0.00198
-0.00179
-0.00179
-0.00179
-0.00198
-0.00218
-0.00218
-0.00218
-0.00218
-0.00198
-0.00237
-0.00218
-0.00257
-0.00237
-0.00276
-0.00218
-0.00257
-0.00237
-0.00257
-0.00276
-0.00237
-0.00276
-0.00276
-0.00257
-0.00257
-0.00237
-0.00276
-0.00276
-0.00257
-0.00257
-0.00296
-0.00296
-0.00276
-0.00276
-0.00237
-0.00296
-0.00257
-0.00296
-0.00296
-0.00257
-0.00296
-0.00276
-0.00237
-0.00276
-0.00296
-0.00257
-0.00315
-0.00276
-0.00257
-0.00296
-0.00296
-0.00276
-0.00257
-0.00257
-0.00296
-0.00296
-0.00276
-0.00296
-0.00296
-0.00257
-0.00218
-0.00237
-0.00218
-0.00198
-0.00237
-0.00237
-0.00257
-0.00218
-0.00218
-0.00237
-0.00257
-0.00315
-0.00257
-0.00237
-0.00257
-0.00276
-0.00276
-0.00237
-0.00315
-0.00296
-0.00296
-0.00257
-0.00276
-0.00296
-0.00335
-0.00335
-0.00315
-0.00335
-0.00315
-0.00335
-0.00315
-0.00276
-0.00296
-0.00315
-0.00276
-0.00257
-0.00276
-0.00296
-0.00296
-0.00296
-0.00296
-0.00276
-0.00296
-0.00315
-0.00296
-0.00276
-0.00276
-0.00237
-0.00276
-0.00296
-0.00257
-0.00257
-0.00257
-0.00354
-0.00315
-0.00315
-0.00335
-0.00315
-0.00296
-0.00354
-0.00354
-0.00374
-0.00335
-0.00335
-0.00296
-0.00315
-0.00315
-0.00335
-0.00296
-0.00315
-0.00335
-0.00296
-0.00335
-0.00296
-0.00296
-0.00296
-0.00296
-0.00237
-0.00276
-0.00257
-0.00296
-0.00237
-0.00276
-0.00276
-0.00276
-0.00257
-0.00276
-0.00315
-0.00257
-0.00296
-0.00218
-0.00276
-0.00257
-0.00335
-0.00276
-0.00296
-0.00296
-0.00237
-0.00276
-0.00276
-0.00237
-0.00257
-0.00237
-0.00237
-0.00257
-0.00257
-0.00237
-0.00257
-0.00257
-0.00276
-0.00276
-0.00237
-0.00276
-0.00315
-0.00315
-0.00276
-0.00354
-0.00335
-0.00354
-0.00354
-0.00315
-0.00296
-0.00315
-0.00296
-0.00296
-0.00296
-0.00354
-0.00315
-0.00335
-0.00335
-0.00354
-0.00296
-0.00335
-0.00315
-0.00335
-0.00354
-0.00374
-0.00335
-0.00354
-0.00335
-0.00296
-0.00354
-0.00315
-0.00276
-0.00315
-0.00315
-0.00296
-0.00276
-0.00276
-0.00237
-0.00276
-0.00276
-0.00296
-0.00276
-0.00276
-0.00315
-0.00335
-0.00315
-0.00276
-0.00276
-0.00315
-0.00296
-0.00315
-0.00257
-0.00276
-0.00276
-0.00276
-0.00257
-0.00276
-0.00296
-0.00315
-0.00276
-0.00257
-0.00335
-0.00296
-0.00237
-0.00276
-0.00276
-0.00276
-0.00276
-0.00276
-0.00257
-0.00296
-0.00276
-0.00315
-0.00296
-0.00276
-0.00257
-0.00276
-0.00296
-0.00315
-0.00257
-0.00315
-0.00257
-0.00237
-0.00237
-0.00276
-0.00237
-0.00276
-0.00296
-0.00276
-0.00237
-0.00237
-0.00257
-0.00296
-0.00257
-0.00276
-0.00257
-0.00296
-0.00335
-0.00354
-0.00257
-0.00315
-0.00315
-0.00315
-0.00315
-0.00315
-0.00354
-0.00315
-0.00335
-0.00296
-0.00296
-0.00276
-0.00257
-0.00276
-0.00296
-0.00315
-0.00296
-0.00296
-0.00257
