-7.240002048000E-01

-0.00257
-0.00276
-0.00276
-0.00276
-0.00296
-0.00315
-0.00296
-0.00315
-0.00315
-0.00315
-0.00218
-0.00276
-0.00257
-0.00276
-0.00296
-0.00276
-0.00257
-0.00296
-0.00276
-0.00276
-0.00237
-0.00218
-0.00218
-0.00237
-0.00218
-0.00237
-0.00198
-0.00198
-0.00179
-0.00179
-0.00179
-0.00198
-0.00179
-0.00198
-0.00179
-0.00218
-0.00198
-0.00218
-0.00218
-0.00237
-0.00179
-0.00218
-0.00198
-0.00237
-0.00198
-0.00237
-0.00237
-0.00237
-0.00237
-0.00198
-0.00198
-0.00218
-0.00218
-0.00218
-0.00237
-0.00276
-0.00237
-0.00315
-0.00198
-0.00296
-0.00296
-0.00257
-0.00276
-0.00257
-0.00237
-0.00276
-0.00296
-0.00276
-0.00296
-0.00315
-0.00296
-0.00276
-0.00296
-0.00276
-0.00237
-0.00257
-0.00237
-0.00296
-0.00257
-0.00335
-0.00257
-0.00296
-0.00237
-0.00257
-0.00257
-0.00257
-0.00237
-0.00257
-0.00198
-0.00237
-0.00218
-0.00257
-0.00218
-0.00218
-0.00218
-0.00276
-0.00257
-0.00237
-0.00218
-0.00257
-0.00237
-0.00276
-0.00257
-0.00237
-0.00237
-0.00218
-0.00198
-0.00218
-0.00237
-0.00218
-0.00237
-0.00198
-0.00159
-0.00237
-0.00218
-0.00218
-0.00179
-0.00198
-0.00257
-0.00237
-0.00237
-0.00218
-0.00218
-0.00237
-0.00218
-0.00237
-0.00179
-0.00218
-0.00198
-0.00198
-0.00198
-0.00218
-0.00218
-0.00198
-0.00198
-0.00237
-0.00159
-0.00159
-0.00198
-0.00237
-0.00218
-0.00159
-0.00159
-0.00218
-0.00257
-0.00218
-0.00257
-0.00198
-0.00198
-0.00237
-0.00218
-0.00237
-0.00218
-0.00218
-0.00218
-0.00257
-0.00237
-0.00198
-0.00218
-0.00218
-0.00237
-0.00237
-0.00198
-0.00276
-0.00218
-0.00276
-0.00257
-0.00218
-0.00257
-0.00276
-0.00218
-0.00257
-0.00159
-0.00257
-0.00218
-0.00257
-0.00179
-0.00218
-0.00179
-0.00198
-0.00237
-0.00257
-0.00218
-0.00257
-0.00257
-0.00276
-0.00218
-0.00257
-0.00198
-0.00276
-0.00218
-0.00257
-0.00237
-0.00237
-0.00218
-0.00218
-0.00237
-0.00218
-0.00198
-0.00198
-0.00198
-0.00218
-0.00218
-0.00218
-0.00237
-0.00276
-0.00198
-0.00218
-0.00218
-0.00218
-0.00257
-0.00218
-0.00139
-0.00022
0.00095
0.00212
0.00349
0.00564
0.00876
0.0113
0.0154
0.0195
0.024
0.0279
0.032
0.03532
0.03923
0.04314
0.04665
0.04997
0.05349
0.05681
0.05954
0.06267
0.06599
0.06853
0.07087
0.07361
0.07575
0.0779
0.07966
0.08142
0.08337
0.08552
0.08747
0.08962
0.09177
0.09333
0.0945
0.09568
0.09743
0.09861
0.09919
0.09997
0.10056
0.10134
0.10095
0.10134
0.10095
0.10134
0.10134
0.10095
0.10075
0.10056
0.10017
0.09939
0.09939
0.09958
0.09919
0.09861
0.09861
0.09821
0.09802
0.09724
0.09704
0.09685
0.09685
0.09626
0.09568
0.09509
0.09392
0.09353
0.09236
0.09236
0.09118
0.09021
0.09001
0.08904
0.08825
0.08708
0.08669
0.08571
0.08454
0.08415
0.08298
0.08161
0.08083
0.08044
0.07927
0.07849
0.07751
0.07595
0.07536
0.07458
0.07341
0.07243
0.07185
0.07107
0.07029
0.0697
0.06911
0.06794
0.06716
0.06599
0.0654
0.06462
0.06364
0.06306
0.06228
0.06169
0.06111
0.06013
0.05974
0.05896
0.05818
0.05739
0.05622
0.05525
0.05466
0.05427
0.05368
0.05349
0.05212
0.05173
0.05114
0.05056
0.04997
0.04958
0.0488
0.04821
0.04841
0.04724
0.04665
0.04607
0.04509
0.0445
0.04411
0.04353
0.04314
0.04255
0.04196
0.04118
0.04079
0.04001
0.03923
0.03904
0.03884
0.03825
0.03786
0.03767
0.03708
0.0363
0.03728
0.03611
0.03513
0.03435
0.03454
0.03376
0.03357
0.03259
0.0322
0.032
0.03161
0.03122
0.03103
0.03025
0.03005
0.03005
0.02946
0.02888
0.02907
0.02849
0.02829
0.02771
0.02771
0.02693
0.02693
0.02654
0.02673
0.02614
0.02536
0.02497
0.02478
0.02458
0.02419
0.024
0.0238
0.02321
0.02302
0.02224
0.02224
0.02146
0.02146
0.02126
0.02087
0.02107
0.02087
0.02029
0.02048
0.02029
0.02009
0.01989
0.01931
0.01911
0.01872
0.01872
0.01814
0.01794
0.01814
0.01755
0.01755
0.01736
0.01677
0.01638
0.01657
0.01657
0.01638
0.01618
0.0156
0.01579
0.01521
0.01521
0.01521
0.01501
0.01482
0.01462
0.01462
0.01443
0.01423
0.01404
0.01345
0.01404
0.01364
0.01325
0.01286
0.01228
0.01247
0.01247
0.01208
0.01189
0.01169
0.0115
0.0113
0.01091
0.01071
0.01032
0.01013
0.01013
0.01013
0.00993
0.00974
0.00993
0.00935
0.00935
0.00915
0.00915
0.00915
0.00837
0.00818
0.00798
0.00798
0.00779
0.00739
0.00739
0.00779
0.0072
0.00779
0.007
0.00759
0.0072
0.00661
0.00642
0.00622
0.00642
0.00661
0.00681
0.00622
0.00681
0.00661
0.00681
0.00681
0.00642
0.00681
0.00661
0.00661
0.00642
0.00681
0.00661
0.00642
0.00622
0.00603
0.00583
0.00603
0.00583
0.00583
0.00525
0.00583
0.00564
0.00564
0.00525
0.00544
0.00525
0.00505
0.00486
0.00407
0.00446
0.00427
0.00446
0.00427
0.00466
0.00446
0.00446
0.00427
0.00407
0.00407
0.00368
0.00349
0.00368
0.00349
0.00329
0.0031
0.00349
0.00388
0.00368
0.00368
0.0031
0.0031
0.0031
0.00329
0.00271
0.0029
0.00329
0.0031
0.0029
0.00271
0.00212
0.00232
0.00232
0.00232
0.00212
0.00212
0.00193
0.00173
0.00193
0.00193
0.00212
0.00232
0.00212
0.00251
0.00193
0.00212
0.00212
0.00173
0.00193
0.00212
0.00193
0.00193
0.00193
0.00173
0.00193
0.00154
0.00154
0.00114
0.00114
0.00154
0.00114
0.00095
0.00095
0.00075
0.00075
0.00075
0.00036
0.00075
0.00075
0.00075
0.00075
0.00056
0.00056
0.00095
0.00036
0.00036
0.00056
0.00056
0.00056
0.00017
0.00075
0.00056
0.00095
0.00095
0.00036
0.00036
0.00036
0.00056
0.00036
0.00036
0.00056
0.00075
0.00056
0.00056
0.00056
0.00056
0.00036
0.00056
0.00036
-3e-05
-0.00042
-0.00042
-0.00042
-3e-05
-3e-05
0.00017
-3e-05
-0.00042
-3e-05
-0.00042
-0.00022
-0.00081
-0.00042
-0.00042
-0.001
-0.00061
-0.00042
-0.00042
-3e-05
-0.00061
-0.00061
-0.00042
-0.00139
-0.00061
-0.00042
-0.00061
-0.00061
-0.00022
-0.00061
-0.00042
-0.00042
-0.001
-0.00022
-0.00022
-0.00061
-0.00022
-0.00042
-0.00042
-0.00042
-0.00081
-0.001
-0.001
-0.001
-0.00081
-0.00081
-0.00081
-0.00081
-0.001
-0.001
-0.00081
-0.0012
-0.00061
-0.001
-0.00081
-0.00081
-0.001
-0.00139
-0.00139
-0.001
-0.00081
-0.001
-0.00081
-0.00139
-0.00198
-0.00139
-0.001
-0.0012
-0.0012
-0.0012
-0.0012
-0.00159
-0.0012
-0.00139
-0.0012
-0.00159
-0.00139
-0.00139
-0.00159
-0.0012
-0.001
-0.00139
-0.0012
-0.0012
-0.0012
-0.0012
-0.001
-0.00159
-0.00159
-0.00159
-0.0012
-0.00179
-0.0012
-0.00159
-0.00139
-0.00139
-0.00179
-0.00159
-0.00159
-0.00159
-0.00139
-0.00198
-0.00159
-0.00139
-0.001
-0.00159
-0.0012
-0.00179
-0.00159
-0.00159
-0.00139
-0.00159
-0.00139
-0.00198
-0.00237
-0.00179
-0.00179
-0.00198
-0.00218
-0.00159
-0.00198
-0.00198
-0.00159
-0.00159
-0.00159
-0.00179
-0.00179
-0.00159
-0.00159
-0.00139
-0.00179
-0.00159
-0.001
-0.00198
-0.00159
-0.00179
-0.00198
-0.00159
-0.00159
-0.00198
-0.00159
-0.00139
-0.00139
-0.00218
-0.00179
-0.00198
-0.00179
-0.00218
-0.00179
-0.00257
-0.00198
-0.00218
-0.00179
-0.00159
-0.00159
-0.00179
-0.00159
-0.00139
-0.00139
-0.00159
-0.00179
-0.00198
-0.00198
-0.00179
-0.00179
-0.00179
-0.00198
-0.00159
-0.00159
-0.00198
-0.00179
-0.00237
-0.00237
-0.00218
-0.00159
-0.00179
-0.00218
-0.00179
-0.00179
-0.00159
-0.00159
-0.00179
-0.00198
-0.00179
-0.00237
-0.00198
-0.00237
-0.00198
-0.00257
-0.00198
-0.00179
-0.00218
-0.00237
-0.00237
-0.00198
-0.00218
-0.00198
-0.00179
-0.00179
-0.00237
-0.00179
-0.00198
-0.00179
-0.00179
-0.00179
-0.00179
-0.00179
-0.00198
-0.00179
-0.00179
-0.00159
-0.00159
-0.00159
-0.00198
-0.00198
-0.00237
-0.00218
-0.00198
-0.00218
-0.00237
-0.00237
-0.00237
-0.00218
-0.00237
-0.00257
-0.00276
-0.00315
-0.00315
-0.00296
-0.00276
-0.00237
-0.00276
-0.00218
-0.00237
-0.00218
-0.00218
-0.00257
-0.00276
-0.00276
-0.00276
-0.00257
-0.00276
-0.00276
-0.00276
-0.00276
-0.00276
-0.00296
-0.00296
-0.00296
-0.00296
-0.00257
-0.00296
-0.00237
-0.00237
-0.00257
-0.00237
-0.00218
-0.00237
-0.00237
-0.00218
-0.00237
-0.00218
-0.00237
-0.00218
-0.00257
-0.00218
-0.00276
-0.00237
-0.00237
-0.00237
-0.00257
-0.00257
-0.00257
-0.00257
-0.00296
-0.00276
-0.00257
-0.00276
-0.00296
-0.00315
-0.00315
-0.00276
-0.00257
-0.00257
-0.00237
-0.00237
-0.00237
-0.00237
-0.00237
-0.00237
-0.00218
-0.00237
-0.00218
-0.00257
-0.00237
-0.00237
-0.00237
-0.00276
-0.00257
-0.00296
-0.00257
-0.00257
-0.00276
-0.00315
-0.00257
-0.00237
-0.00237
-0.00218
-0.00276
-0.00315
-0.00296
-0.00276
-0.00276
-0.00276
-0.00276
-0.00237
-0.00237
-0.00218
-0.00237
-0.00237
-0.00257
-0.00296
-0.00276
-0.00296
-0.00296
-0.00296
-0.00335
-0.00276
-0.00335
-0.00315
-0.00335
-0.00335
-0.00296
-0.00276
-0.00237
-0.00276
-0.00276
-0.00237
-0.00237
-0.00237
-0.00237
-0.00257
-0.00257
-0.00257
-0.00237
-0.00276
-0.00257
-0.00257
-0.00237
-0.00257
-0.00257
-0.00276
-0.00296
-0.00276
-0.00257
-0.00237
-0.00218
-0.00257
-0.00257
-0.00237
-0.00237
-0.00257
-0.00296
-0.00257
-0.00257
-0.00237
-0.00257
-0.00315
-0.00315
-0.00276
-0.00276
-0.00276
-0.00257
-0.00276
-0.00237
-0.00276
-0.00296
-0.00276
-0.00296
-0.00296
-0.00296
-0.00257
-0.00237
-0.00296
-0.00257
-0.00276
-0.00276
-0.00276
-0.00296
-0.00276
-0.00276
-0.00315
-0.00257
-0.00276
-0.00237
-0.00257
-0.00315
-0.00296
-0.00315
-0.00296
-0.00335
-0.00296
-0.00296
-0.00276
-0.00315
-0.00315
-0.00315
-0.00296
-0.00276
-0.00296
-0.00296
-0.00296
-0.00296
-0.00276
-0.00257
-0.00276
-0.00276
-0.00218
-0.00237
-0.00237
-0.00218
-0.00276
-0.00218
-0.00276
-0.00276
-0.00257
-0.00276
-0.00257
-0.00257
-0.00257
-0.00296
-0.00296
-0.00276
-0.00257
-0.00257
-0.00276
-0.00237
-0.00218
-0.00218
-0.00276
-0.00257
-0.00218
-0.00237
-0.00218
-0.00198
-0.00198
-0.00237
-0.00276
-0.00257
-0.00296
-0.00257
-0.00257
-0.00218
-0.00218
-0.00257
-0.00237
-0.00257
-0.00237
-0.00218
-0.00218
-0.00198
-0.00218
-0.00257
-0.00198
-0.00218
-0.00198
-0.00218
-0.00237
-0.00237
-0.00257
-0.00237
-0.00237
-0.00257
-0.00218
-0.00237
-0.00218
-0.00237
-0.00218
-0.00218
-0.00257
-0.00237
-0.00315
-0.00296
-0.00296
-0.00257
-0.00257
-0.00296
-0.00276
-0.00257
-0.00276
-0.00315
-0.00296
-0.00257
-0.00276
-0.00257
-0.00315
-0.00257
-0.00237
-0.00237
-0.00237
-0.00218
-0.00257
-0.00198
-0.00237
-0.00237
-0.00237
-0.00198
-0.00296
-0.00218
-0.00198
-0.00237
-0.00198
-0.00218
-0.00237
-0.00218
-0.00237
-0.00179
-0.00237
-0.00237
-0.00218
-0.00237
-0.00218
-0.00296
-0.00218
-0.00257
-0.00257
-0.00257
-0.00276
-0.00276
-0.00198
-0.00237
-0.00257
-0.00237
-0.00296
-0.00257
-0.00296
-0.00276
-0.00276
-0.00257
-0.00237
-0.00315
-0.00296
-0.00296
-0.00296
-0.00354
-0.00335
-0.00315
-0.00315
-0.00257
-0.00315
-0.00296
-0.00296
-0.00296
-0.00276
-0.00335
-0.00335
-0.00296
-0.00354
-0.00296
-0.00335
-0.00296
-0.00315
-0.00276
-0.00315
-0.00315
-0.00315
-0.00315
-0.00315
-0.00354
-0.00276
-0.00257
-0.00276
-0.00276
-0.00276
-0.00296
-0.00335
-0.00296
-0.00296
-0.00237
-0.00276
-0.00276
-0.00315
-0.00315
-0.00296
-0.00315
-0.00276
