-7.600002240000E-02

-0.00296
-0.00257
-0.00198
-0.00218
-0.00179
-0.00159
-0.00179
-0.00237
-0.00218
-0.00179
-0.00198
-0.00237
-0.00257
-0.00257
-0.00218
-0.00218
-0.00237
-0.00198
-0.00257
-0.00237
-0.00237
-0.00198
-0.00257
-0.00198
-0.00198
-0.00218
-0.00159
-0.00198
-0.00179
-0.00179
-0.00218
-0.00218
-0.00159
-0.00237
-0.00218
-0.00198
-0.00198
-0.00179
-0.00179
-0.00198
-0.00218
-0.00179
-0.00198
-0.00159
-0.00179
-0.00179
-0.00179
-0.00179
-0.00159
-0.00198
-0.00159
-0.00179
-0.00179
-0.00198
-0.00198
-0.00237
-0.00198
-0.00218
-0.00198
-0.00237
-0.00218
-0.00198
-0.00179
-0.00179
-0.00257
-0.00257
-0.00237
-0.00218
-0.00276
-0.00237
-0.00257
-0.00237
-0.00276
-0.00296
-0.00276
-0.00237
-0.00257
-0.00237
-0.00257
-0.00237
-0.00276
-0.00276
-0.00257
-0.00296
-0.00276
-0.00257
-0.00296
-0.00296
-0.00257
-0.00257
-0.00296
-0.00296
-0.00296
-0.00257
-0.00276
-0.00257
-0.00198
-0.00218
-0.00218
-0.00198
-0.00218
-0.00237
-0.00198
-0.00218
-0.00159
-0.00179
-0.00139
-0.00159
-0.00179
-0.00198
-0.00179
-0.00198
-0.00198
-0.00198
-0.00218
-0.00198
-0.00198
-0.0012
-0.00218
-0.00179
-0.00218
-0.00198
-0.00198
-0.00159
-0.00179
-0.00218
-0.00198
-0.00179
-0.00198
-0.00276
-0.00237
-0.00276
-0.00237
-0.00237
-0.00296
-0.00276
-0.00296
-0.00296
-0.00315
-0.00296
-0.00296
-0.00276
-0.00218
-0.00276
-0.00257
-0.00218
-0.00218
-0.00237
-0.00276
-0.00237
-0.00179
-0.00179
-0.00257
-0.00218
-0.00218
-0.00237
-0.00276
-0.00237
-0.00218
-0.00218
-0.00237
-0.00257
-0.00237
-0.00237
-0.00237
-0.00276
-0.00218
-0.00257
-0.00218
-0.00237
-0.00276
-0.00276
-0.00257
-0.00257
-0.00218
-0.00179
-0.00218
-0.00218
-0.00237
-0.00218
-0.00198
-0.00179
-0.00179
-0.00159
-0.0012
-0.00042
0.00056
0.00193
0.0029
0.00368
0.00525
0.00583
0.007
0.00837
0.00915
0.00974
0.01032
0.0113
0.01208
0.01286
0.01306
0.01384
0.01404
0.01462
0.01462
0.01521
0.01521
0.0154
0.01579
0.01657
0.01599
0.01618
0.01618
0.01618
0.01599
0.01618
0.01677
0.01716
0.01833
0.02068
0.02282
0.02634
0.03005
0.03376
0.03728
0.0406
0.0445
0.04821
0.05212
0.05525
0.05915
0.06208
0.0656
0.06853
0.07107
0.07321
0.07556
0.07732
0.07927
0.08083
0.08239
0.08337
0.08513
0.08552
0.08689
0.08708
0.08845
0.08845
0.08884
0.08904
0.08923
0.08943
0.08923
0.08923
0.08864
0.08884
0.08864
0.08825
0.08786
0.08747
0.0865
0.0863
0.08532
0.08474
0.08415
0.08318
0.08259
0.08181
0.08122
0.08044
0.07986
0.07907
0.0781
0.07712
0.07673
0.07575
0.07439
0.0738
0.07282
0.07224
0.07107
0.07009
0.06931
0.06872
0.06775
0.06696
0.06657
0.06501
0.06443
0.06325
0.06286
0.06189
0.06091
0.06032
0.05954
0.05896
0.05779
0.0572
0.05622
0.05544
0.05466
0.05446
0.05349
0.0531
0.05232
0.05154
0.05036
0.05017
0.04939
0.0488
0.04802
0.04743
0.04685
0.04704
0.04646
0.04607
0.04489
0.04411
0.04392
0.04372
0.04314
0.04196
0.04177
0.04099
0.0406
0.04021
0.03943
0.03904
0.03845
0.03864
0.03786
0.03767
0.03728
0.03689
0.0365
0.03591
0.03571
0.03493
0.03454
0.03376
0.03376
0.03318
0.03279
0.03239
0.03161
0.03083
0.03044
0.03005
0.02966
0.02946
0.02907
0.02868
0.0281
0.02771
0.02732
0.02654
0.02693
0.02712
0.02634
0.02595
0.02575
0.02575
0.02556
0.02478
0.02497
0.02458
0.02458
0.02419
0.0238
0.02341
0.02321
0.02282
0.02263
0.02185
0.02204
0.02146
0.02146
0.02146
0.02087
0.02048
0.02029
0.0197
0.02009
0.0197
0.01931
0.01911
0.01892
0.01892
0.01853
0.01814
0.01736
0.01696
0.01696
0.01638
0.01638
0.01657
0.01599
0.0156
0.0156
0.01521
0.01482
0.01482
0.01462
0.01423
0.01423
0.01423
0.01345
0.01325
0.01325
0.01325
0.01364
0.01306
0.01306
0.01306
0.01286
0.01228
0.01267
0.01286
0.01247
0.01247
0.01189
0.01208
0.01169
0.0115
0.0115
0.0113
0.01169
0.0113
0.01071
0.01052
0.01032
0.01032
0.01013
0.00993
0.01013
0.00935
0.00935
0.00915
0.00915
0.00974
0.00896
0.00857
0.00857
0.00896
0.00837
0.00837
0.00837
0.00798
0.00759
0.00739
0.00739
0.007
0.007
0.00681
0.00661
0.00661
0.00661
0.00642
0.00661
0.00622
0.00661
0.00603
0.00642
0.00622
0.00642
0.00622
0.00583
0.00622
0.00603
0.00661
0.00622
0.00603
0.00583
0.00583
0.00603
0.00622
0.00564
0.00525
0.00583
0.00564
0.00544
0.00564
0.00544
0.00544
0.00505
0.00505
0.00544
0.00525
0.00505
0.00505
0.00525
0.00466
0.00486
0.00505
0.00505
0.00486
0.00427
0.00427
0.00466
0.00427
0.00446
0.00407
0.00388
0.00368
0.00368
0.00368
0.00329
0.00329
0.00349
0.00368
0.00349
0.00349
0.00349
0.00349
0.0031
0.00329
0.00329
0.00349
0.0031
0.0031
0.0029
0.0031
0.00329
0.00271
0.00271
0.00251
0.00232
0.00251
0.00232
0.00193
0.00232
0.00212
0.00212
0.00251
0.00212
0.00193
0.00232
0.00193
0.00193
0.00173
0.00154
0.00154
0.00154
0.00134
0.00114
0.00095
0.00095
0.00154
0.00154
0.00134
0.00134
0.00095
0.00095
0.00075
0.00075
0.00075
0.00056
-3e-05
0.00075
0.00095
0.00075
0.00036
0.00036
-3e-05
0.00017
0.00017
0.00017
0.00017
0.00017
0.00017
0.00036
0.00036
-0.00022
-3e-05
0.00036
0.00036
0.00036
0.00017
0.00036
0.00036
0.00017
0.00017
-0.00022
-0.00022
-3e-05
-0.00042
-0.00042
-3e-05
-3e-05
0.00017
0.00036
0.00075
-3e-05
-0.00042
-0.00022
-0.00022
0.00017
-3e-05
-3e-05
-0.00081
-0.00061
-0.00042
-0.00022
-0.00061
-0.00061
-0.00081
-0.00061
-0.001
-0.00081
-0.00081
-0.00081
-0.00081
-0.00042
-0.00022
-0.00042
-0.00061
-0.00061
-0.00061
-0.00061
-0.001
-0.0012
-0.001
-0.00061
-0.00061
-0.001
-0.00081
-0.001
-0.0012
-0.00159
-0.0012
-0.001
-0.001
-0.001
-0.00139
-0.00061
-0.00139
-0.001
-0.001
-0.0012
-0.0012
-0.00081
-0.001
-0.00081
-0.00081
-0.00139
-0.00081
-0.0012
-0.001
-0.0012
-0.0012
-0.0012
-0.00139
-0.00159
-0.001
-0.001
-0.00061
-0.0012
-0.00042
-0.00061
-0.0012
-0.00081
-0.00139
-0.0012
-0.0012
-0.00139
-0.00159
-0.00159
-0.00179
-0.00139
-0.00139
-0.0012
-0.00159
-0.00159
-0.00159
-0.001
-0.00139
-0.00139
-0.001
-0.00081
-0.00081
-0.0012
-0.001
-0.00081
-0.00022
-0.00081
-0.00139
-0.0012
-0.001
-0.0012
-0.0012
-0.00159
-0.00139
-0.00159
-0.0012
-0.00139
-0.00159
-0.001
-0.00159
-0.0012
-0.00139
-0.001
-0.00139
-0.00139
-0.00159
-0.00179
-0.00179
-0.00139
-0.00159
-0.00179
-0.00179
-0.00179
-0.00159
-0.00179
-0.00198
-0.00218
-0.00218
-0.00179
-0.00179
-0.00179
-0.00159
-0.00179
-0.00179
-0.00179
-0.00159
-0.00159
-0.00139
-0.0012
-0.001
-0.00081
-0.0012
-0.0012
-0.0012
-0.001
-0.0012
-0.00081
-0.0012
-0.00159
-0.00159
-0.0012
-0.0012
-0.00081
-0.00159
-0.001
-0.001
-0.00159
-0.00159
-0.00159
-0.00139
-0.00159
-0.00139
-0.00139
-0.0012
-0.00159
-0.00159
-0.00179
-0.00139
-0.00198
-0.00159
-0.00218
-0.00198
-0.00237
-0.00218
-0.00218
-0.00237
-0.00218
-0.00257
-0.00257
-0.00276
-0.00276
-0.00276
-0.00257
-0.00257
-0.00257
-0.00218
-0.00218
-0.00198
-0.00237
-0.00237
-0.00237
-0.00237
-0.00218
-0.00237
-0.00237
-0.00237
-0.00257
-0.00218
-0.00276
-0.00257
-0.00218
-0.00179
-0.00198
-0.00237
-0.00237
-0.00179
-0.00198
-0.00237
-0.00257
-0.00198
-0.00198
-0.00179
-0.00179
-0.00198
-0.00237
-0.00139
-0.00179
-0.00179
-0.00139
-0.00139
-0.00179
-0.00218
-0.00179
-0.00179
-0.00179
-0.00179
-0.00198
-0.00139
-0.00237
-0.00198
-0.00237
-0.00159
-0.00179
-0.0012
-0.00198
-0.00179
-0.00198
-0.00218
-0.00179
-0.00218
-0.00198
-0.00198
-0.00198
-0.00179
-0.00159
-0.00198
-0.00179
-0.00218
-0.00218
-0.00159
-0.00198
-0.00179
-0.00237
-0.00198
-0.00198
-0.00257
-0.00218
-0.00179
-0.00237
-0.00237
-0.00315
-0.00257
-0.00257
-0.00218
-0.00257
-0.00257
-0.00296
-0.00276
-0.00354
-0.00257
-0.00276
-0.00237
-0.00257
-0.00276
-0.00276
-0.00296
-0.00296
-0.00296
-0.00276
-0.00257
-0.00276
-0.00257
-0.00237
-0.00218
-0.00237
-0.00257
-0.00276
-0.00257
-0.00257
-0.00237
-0.00237
-0.00198
-0.00198
-0.00179
-0.00237
-0.00179
-0.00218
-0.00218
-0.00179
-0.00139
-0.00159
-0.00159
-0.00139
-0.00179
-0.00179
-0.00218
-0.00159
-0.00179
-0.00159
-0.0012
-0.00179
-0.00218
-0.00218
-0.00218
-0.00198
-0.00218
-0.00218
-0.00198
-0.00237
-0.00198
-0.00218
-0.00179
-0.00198
-0.00218
-0.00237
-0.00257
-0.00257
-0.00237
-0.00237
-0.00257
-0.00276
-0.00276
-0.00237
-0.00237
-0.00198
-0.00237
-0.00237
-0.00276
-0.00257
-0.00257
-0.00237
-0.00257
-0.00198
-0.00237
-0.00257
-0.00237
-0.00257
-0.00257
-0.00257
-0.00218
-0.00257
-0.00237
-0.00218
-0.00218
-0.00179
-0.00159
-0.00257
-0.00257
-0.00237
-0.00218
-0.00198
-0.00179
-0.00257
-0.00198
-0.00237
-0.00179
-0.00198
-0.00237
-0.00218
-0.00159
-0.00179
-0.00159
-0.00159
-0.00159
-0.00179
-0.00198
-0.00179
-0.00159
-0.0012
-0.00198
-0.00198
-0.00179
-0.00198
-0.00159
-0.00179
-0.00198
-0.00179
-0.00218
-0.00198
-0.00218
-0.00198
-0.00218
-0.00198
-0.00218
-0.00218
-0.00237
-0.00218
-0.00179
-0.00159
-0.00159
-0.00179
-0.00179
-0.00179
-0.00198
-0.00218
-0.00237
-0.00179
-0.00179
-0.00198
-0.00198
-0.00218
-0.00218
-0.00257
-0.00237
-0.00237
-0.00257
-0.00218
-0.00276
-0.00237
-0.00237
-0.00257
-0.00296
-0.00257
-0.00257
-0.00276
-0.00276
-0.00257
-0.00237
-0.00296
-0.00237
-0.00237
-0.00276
-0.00237
-0.00257
-0.00257
-0.00237
-0.00257
-0.00218
-0.00218
-0.00237
-0.00237
-0.00296
-0.00276
-0.00296
-0.00257
-0.00257
-0.00218
-0.00237
-0.00257
-0.00237
-0.00237
-0.00257
-0.00218
-0.00198
-0.00198
-0.00237
-0.00218
-0.00218
-0.00179
-0.00218
-0.00257
-0.00218
-0.00179
-0.00179
-0.00198
-0.00179
-0.00179
-0.00198
-0.00237
-0.00218
-0.00237
-0.00179
-0.00198
-0.00139
-0.00198
-0.00159
-0.00237
-0.00218
-0.00179
-0.00237
-0.00237
-0.00218
-0.00198
-0.00198
-0.00179
-0.00257
-0.00237
-0.00179
-0.00218
-0.00218
-0.00237
-0.00218
-0.00237
-0.00237
-0.00218
-0.00257
-0.00276
-0.00276
-0.00257
-0.00257
-0.00296
-0.00315
-0.00257
-0.00218
-0.00257
-0.00218
-0.00257
-0.00296
-0.00276
-0.00237
-0.00237
-0.00257
-0.00218
-0.00237
-0.00218
-0.00237
-0.00218
-0.00218
-0.00218
-0.00218
-0.00179
-0.00218
-0.00218
-0.00179
-0.00218
-0.00257
-0.00218
-0.00237
-0.00198
-0.00237
-0.00237
-0.00237
-0.00218
-0.00218
-0.00237
-0.00179
-0.00257
-0.00218
-0.00218
-0.00257
-0.00257
-0.00218
-0.00237
-0.00257
-0.00257
-0.00257
-0.00257
-0.00237
-0.00218
-0.00218
-0.00198
-0.00237
-0.00237
-0.00218
-0.00237
-0.00237
-0.00237
-0.00237
-0.00237
-0.00257
-0.00218
-0.00237
-0.00257
-0.00218
-0.00276
-0.00276
-0.00237
-0.00237
-0.00237
-0.00218
-0.00218
-0.00198
-0.00198
-0.00218
-0.00218
-0.00218
-0.00198
-0.00179
-0.00218
-0.00179
-0.00198
-0.00179
-0.00179
-0.00139
-0.00159
-0.00179
-0.00237
-0.00179
-0.00198
-0.00198
-0.00218
-0.00237
-0.00218
-0.00198
-0.00237
-0.00237
-0.00257
-0.00237
-0.00257
-0.00237
-0.00296
-0.00276
-0.00257
-0.00237
-0.00257
-0.00237
-0.00237
-0.00237
-0.00237
-0.00218
-0.00179
-0.00218
