-6.340001792000E-01

-0.00296
-0.00276
-0.00218
-0.00237
-0.00218
-0.00257
-0.00276
-0.00315
-0.00276
-0.00257
-0.00257
-0.00237
-0.00237
-0.00218
-0.00237
-0.00218
-0.00218
-0.00257
-0.00218
-0.00237
-0.00218
-0.00179
-0.00237
-0.00179
-0.00179
-0.00139
-0.00218
-0.00179
-0.00179
-0.00198
-0.00257
-0.00276
-0.00237
-0.00276
-0.00257
-0.00257
-0.00315
-0.00218
-0.00237
-0.00257
-0.00257
-0.00237
-0.00237
-0.00237
-0.00257
-0.00218
-0.00276
-0.00257
-0.00276
-0.00276
-0.00237
-0.00257
-0.00276
-0.00296
-0.00296
-0.00296
-0.00296
-0.00296
-0.00296
-0.00276
-0.00296
-0.00315
-0.00296
-0.00335
-0.00335
-0.00296
-0.00315
-0.00354
-0.00354
-0.00374
-0.00315
-0.00354
-0.00296
-0.00276
-0.00296
-0.00257
-0.00257
-0.00315
-0.00276
-0.00296
-0.00315
-0.00296
-0.00296
-0.00296
-0.00276
-0.00276
-0.00296
-0.00296
-0.00257
-0.00296
-0.00218
-0.00276
-0.00257
-0.00296
-0.00315
-0.00237
-0.00276
-0.00257
-0.00257
-0.00218
-0.00198
-0.00218
-0.00276
-0.00237
-0.00237
-0.00237
-0.00237
-0.00218
-0.00257
-0.00237
-0.00276
-0.00218
-0.00237
-0.00179
-0.00237
-0.00218
-0.00218
-0.00257
-0.00237
-0.00218
-0.00198
-0.00218
-0.00257
-0.00218
-0.00237
-0.00237
-0.00198
-0.00237
-0.00257
-0.00237
-0.00257
-0.00276
-0.00218
-0.00198
-0.00257
-0.00276
-0.00237
-0.00237
-0.00257
-0.00237
-0.00257
-0.00237
-0.00257
-0.00237
-0.00237
-0.00237
-0.00218
-0.00257
-0.00276
-0.00296
-0.00315
-0.00296
-0.00276
-0.00237
-0.00276
-0.00237
-0.00257
-0.00276
-0.00276
-0.00276
-0.00257
-0.00237
-0.00218
-0.00237
-0.00237
-0.00237
-0.00179
-0.00198
-0.00198
-0.00179
-0.00198
-0.00179
-0.00179
-0.00198
-0.00198
-0.00198
-0.00218
-0.00179
-0.00198
-0.00139
-0.00159
-0.00179
-0.00198
-0.00198
-0.00257
-0.00179
-0.00198
-0.00198
-0.00218
-0.00237
-0.00276
-0.00296
-0.00218
-0.00257
-0.00257
-0.00296
-0.00276
-0.00257
-0.00237
-0.00139
-0.00042
0.00114
0.0031
0.00525
0.00739
0.00974
0.01169
0.01404
0.01638
0.01814
0.0197
0.02087
0.02224
0.0238
0.02497
0.02556
0.02732
0.02771
0.02888
0.03005
0.03122
0.03298
0.03474
0.03708
0.03943
0.04236
0.0445
0.04724
0.04919
0.05095
0.0529
0.05466
0.05622
0.05798
0.05896
0.06032
0.0613
0.06247
0.06306
0.06345
0.06443
0.06501
0.06482
0.0654
0.06599
0.06657
0.06755
0.06853
0.06911
0.07009
0.07087
0.07243
0.07282
0.07321
0.07321
0.07458
0.07478
0.07517
0.07497
0.07458
0.07478
0.07517
0.07478
0.07478
0.07439
0.07419
0.07439
0.07419
0.07341
0.07321
0.07243
0.07204
0.07146
0.07107
0.07048
0.07029
0.06931
0.06911
0.06872
0.06794
0.06736
0.06657
0.06599
0.0656
0.06482
0.06345
0.06306
0.06247
0.06169
0.0615
0.06091
0.06052
0.05935
0.05876
0.05837
0.0572
0.05642
0.05544
0.05446
0.05446
0.05349
0.0531
0.05232
0.05212
0.05134
0.05036
0.04939
0.049
0.04821
0.04763
0.04704
0.04646
0.04607
0.04607
0.04529
0.0447
0.04372
0.04372
0.04372
0.04294
0.04236
0.04216
0.04177
0.04118
0.04079
0.04021
0.03962
0.03923
0.03884
0.03864
0.03767
0.03728
0.03669
0.03552
0.03532
0.03571
0.03513
0.03513
0.03415
0.03415
0.03298
0.03279
0.03239
0.03181
0.032
0.03103
0.03044
0.03005
0.02966
0.02907
0.02888
0.02829
0.0279
0.02751
0.02693
0.02712
0.02614
0.02536
0.02517
0.02497
0.02478
0.0238
0.024
0.02341
0.02321
0.02321
0.02321
0.02282
0.02243
0.02224
0.02204
0.02165
0.02126
0.02087
0.02048
0.02048
0.02087
0.01989
0.01989
0.0195
0.0195
0.01892
0.01833
0.01892
0.01814
0.01794
0.01755
0.01775
0.01775
0.01736
0.01716
0.01736
0.01716
0.01657
0.01638
0.01677
0.0156
0.01579
0.0154
0.01579
0.0154
0.0154
0.01501
0.01423
0.01423
0.01404
0.01364
0.01345
0.01364
0.01306
0.01286
0.01247
0.01267
0.01247
0.01228
0.01208
0.01247
0.01208
0.0115
0.0115
0.01111
0.0115
0.01071
0.01071
0.01071
0.01052
0.01013
0.01013
0.00954
0.00935
0.00954
0.00935
0.00915
0.00896
0.00876
0.00857
0.00876
0.00876
0.00798
0.00837
0.00798
0.00759
0.00798
0.00837
0.00759
0.00779
0.00739
0.00739
0.0072
0.0072
0.007
0.00661
0.00661
0.00681
0.00681
0.00661
0.00603
0.00622
0.00564
0.00564
0.00583
0.00583
0.00544
0.00505
0.00525
0.00505
0.00486
0.00525
0.00505
0.00505
0.00505
0.00486
0.00486
0.00466
0.00525
0.00505
0.00446
0.00486
0.00486
0.00446
0.00446
0.00466
0.00427
0.00446
0.00446
0.00446
0.00466
0.00446
0.00407
0.00427
0.00446
0.00388
0.00407
0.00407
0.00388
0.00368
0.00407
0.00446
0.00368
0.00329
0.00368
0.00349
0.00349
0.00349
0.00368
0.00329
0.0031
0.00349
0.0029
0.00329
0.00329
0.00329
0.00329
0.0029
0.00251
0.0029
0.00251
0.00251
0.00193
0.00271
0.00212
0.00251
0.0029
0.00251
0.00232
0.00232
0.00271
0.00271
0.00251
0.00173
0.00212
0.00173
0.00212
0.00232
0.00193
0.00193
0.00173
0.00154
0.00193
0.00173
0.00154
0.00154
0.00154
0.00134
0.00114
0.00095
0.00075
0.00056
0.00095
0.00036
0.00114
0.00036
0.00056
0.00075
0.00075
0.00056
0.00017
0.00036
0.00017
0.00017
-0.00022
-3e-05
-0.00022
-0.00042
-3e-05
-0.00061
-0.00061
-0.00081
-0.00081
-0.00061
-0.00042
-0.00022
-0.00081
-0.00081
-0.001
-0.00139
-0.00081
-0.00081
-0.0012
-0.00159
-0.0012
-0.00139
-0.0012
-0.001
-0.00179
-0.00081
-0.00159
-0.00159
-0.001
-0.00198
-0.00179
-0.00159
-0.00159
-0.00237
-0.00139
-0.00198
-0.00179
-0.00198
-0.00218
-0.00179
-0.00179
-0.00218
-0.00159
-0.00159
-0.00218
-0.00198
-0.00159
-0.00139
-0.00198
-0.00218
-0.00218
-0.00198
-0.00218
-0.00237
-0.00218
-0.00198
-0.00198
-0.00218
-0.00218
-0.00198
-0.00218
-0.00237
-0.00276
-0.00237
-0.00198
-0.00159
-0.00218
-0.00179
-0.00198
-0.00198
-0.00179
-0.00159
-0.00139
-0.00139
-0.00159
-0.00198
-0.00159
-0.0012
-0.0012
-0.00081
-0.001
-0.00139
-0.0012
-0.001
-0.0012
-0.001
-0.00139
-0.001
-0.001
-0.00081
-0.001
-0.001
-0.001
-0.00061
-0.00081
-0.00139
-0.0012
-0.001
-0.0012
-0.00139
-0.0012
-0.00159
-0.00179
-0.00139
-0.00159
-0.00139
-0.00179
-0.00139
-0.00139
-0.0012
-0.00159
-0.00159
-0.00139
-0.00139
-0.00218
-0.00198
-0.00159
-0.00159
-0.00159
-0.00139
-0.0012
-0.00139
-0.00139
-0.001
-0.0012
-0.00139
-0.00139
-0.00159
-0.001
-0.00139
-0.00159
-0.00139
-0.00139
-0.001
-0.0012
-0.0012
-0.0012
-0.001
-0.0012
-0.0012
-0.00159
-0.00139
-0.00139
-0.00139
-0.00159
-0.0012
-0.00179
-0.00139
-0.00159
-0.001
-0.00139
-0.001
-0.00139
-0.0012
-0.00198
-0.00159
-0.00198
-0.00198
-0.00179
-0.00179
-0.00198
-0.00139
-0.00218
-0.00218
-0.00198
-0.00237
-0.00276
-0.00257
-0.00237
-0.00179
-0.00159
-0.00159
-0.00198
-0.00198
-0.00198
-0.00218
-0.00218
-0.00237
-0.00198
-0.00237
-0.00237
-0.00237
-0.00276
-0.00296
-0.00276
-0.00257
-0.00257
-0.00257
-0.00315
-0.00296
-0.00315
-0.00315
-0.00315
-0.00296
-0.00335
-0.00354
-0.00315
-0.00315
-0.00354
-0.00374
-0.00354
-0.00354
-0.00413
-0.00335
-0.00374
-0.00374
-0.00374
-0.00335
-0.00335
-0.00315
-0.00393
-0.00354
-0.00335
-0.00335
-0.00354
-0.00354
-0.00315
-0.00354
-0.00315
-0.00296
-0.00296
-0.00315
-0.00335
-0.00315
-0.00296
-0.00315
-0.00335
-0.00276
-0.00276
-0.00237
-0.00276
-0.00218
-0.00296
-0.00237
-0.00276
-0.00218
-0.00218
-0.00237
-0.00257
-0.00218
-0.00218
-0.00276
-0.00257
-0.00276
-0.00257
-0.00237
-0.00257
-0.00237
-0.00237
-0.00237
-0.00276
-0.00237
-0.00315
-0.00257
-0.00276
-0.00237
-0.00218
-0.00218
-0.00276
-0.00257
-0.00276
-0.00237
-0.00315
-0.00218
-0.00296
-0.00257
-0.00218
-0.00198
-0.00276
-0.00257
-0.00276
-0.00257
-0.00198
-0.00237
-0.00198
-0.00179
-0.00179
-0.00159
-0.00218
-0.00237
-0.00198
-0.00237
-0.00237
-0.00198
-0.00179
-0.00159
-0.00198
-0.00218
-0.00179
-0.00257
-0.00179
-0.00237
-0.00179
-0.00179
-0.00198
-0.00179
-0.00179
-0.00198
-0.00179
-0.00159
-0.00179
-0.00159
-0.00159
-0.00159
-0.00139
-0.00139
-0.00159
-0.0012
-0.00159
-0.00159
-0.00218
-0.00198
-0.00139
-0.00179
-0.00218
-0.00179
-0.00179
-0.00179
-0.00198
-0.00218
-0.00179
-0.00257
-0.00218
-0.00198
-0.00198
-0.00237
-0.00218
-0.00237
-0.00198
-0.00179
-0.00237
-0.00198
-0.00218
-0.00159
-0.00218
-0.00218
-0.00237
-0.00257
-0.00276
-0.00218
-0.00257
-0.00257
-0.00257
-0.00257
-0.00257
-0.00296
-0.00296
-0.00296
-0.00257
-0.00315
-0.00276
-0.00315
-0.00296
-0.00315
-0.00335
-0.00296
-0.00335
-0.00335
-0.00374
-0.00393
-0.00374
-0.00374
-0.00413
-0.00354
-0.00374
-0.00393
-0.00432
-0.00413
-0.00413
-0.00393
-0.00432
-0.00374
-0.00432
-0.00413
-0.00432
-0.00432
-0.00393
-0.00374
-0.00374
-0.00335
-0.00374
-0.00354
-0.00354
-0.00374
-0.00335
-0.00315
-0.00296
-0.00315
-0.00315
-0.00413
-0.00315
-0.00354
-0.00335
-0.00276
-0.00335
-0.00276
-0.00315
-0.00315
-0.00335
-0.00335
-0.00335
-0.00393
-0.00393
-0.00413
-0.00354
-0.00315
-0.00354
-0.00335
-0.00315
-0.00296
-0.00335
-0.00335
-0.00354
-0.00335
-0.00374
-0.00393
-0.00335
-0.00374
-0.00393
-0.00393
-0.00393
-0.00393
-0.00393
-0.00393
-0.00374
-0.00374
-0.00452
-0.00374
-0.00393
-0.00374
-0.00393
-0.00354
-0.00335
-0.00354
-0.00335
-0.00335
-0.00315
-0.00315
-0.00315
-0.00296
-0.00296
-0.00257
-0.00276
-0.00237
-0.00257
-0.00218
-0.00237
-0.00257
-0.00237
-0.00257
-0.00257
-0.00198
-0.00179
-0.00159
-0.00198
-0.00198
-0.00179
-0.00139
-0.00198
-0.00198
-0.00159
-0.00198
-0.00218
-0.00218
-0.00218
-0.00218
-0.00159
-0.00159
-0.00139
-0.00159
-0.00198
-0.00198
-0.00198
-0.00218
-0.00179
-0.00218
-0.00198
-0.00237
-0.00218
-0.00198
-0.00198
-0.00218
-0.00198
-0.00198
-0.00218
-0.00237
-0.00218
-0.00257
-0.00237
-0.00218
-0.00237
-0.00198
-0.00257
-0.00198
-0.00198
-0.00179
-0.00198
-0.00237
-0.00296
-0.00257
-0.00257
-0.00257
-0.00276
-0.00315
-0.00276
-0.00276
-0.00315
-0.00296
-0.00315
-0.00237
-0.00315
-0.00296
-0.00335
-0.00315
-0.00335
-0.00315
-0.00335
-0.00296
-0.00374
-0.00335
-0.00354
-0.00413
-0.00374
-0.00354
-0.00354
-0.00354
-0.00393
-0.00335
-0.00354
-0.00374
-0.00393
-0.00393
-0.00374
-0.00393
-0.00374
-0.00374
-0.00413
-0.00374
-0.00374
-0.00315
-0.00374
-0.00315
-0.00354
-0.00315
-0.00315
-0.00315
-0.00315
-0.00296
-0.00315
-0.00315
-0.00315
-0.00335
-0.00315
-0.00315
-0.00335
-0.00315
-0.00296
-0.00315
-0.00315
-0.00354
-0.00315
-0.00335
-0.00393
-0.00374
-0.00354
-0.00315
-0.00354
-0.00335
-0.00335
-0.00354
-0.00354
-0.00315
-0.00354
-0.00393
-0.00374
-0.00296
-0.00335
-0.00354
-0.00374
-0.00315
-0.00315
-0.00315
-0.00374
-0.00374
-0.00354
-0.00335
-0.00335
-0.00315
-0.00374
-0.00393
-0.00354
-0.00354
-0.00335
-0.00315
-0.00296
-0.00315
-0.00296
-0.00257
-0.00276
-0.00276
-0.00257
-0.00237
-0.00276
-0.00218
-0.00257
-0.00198
-0.00276
-0.00218
-0.00276
-0.00257
-0.00237
-0.00237
-0.00218
-0.00257
-0.00237
-0.00257
-0.00296
-0.00276
-0.00237
-0.00237
-0.00257
-0.00237
-0.00276
-0.00237
-0.00257
-0.00237
-0.00276
-0.00276
-0.00237
-0.00237
-0.00296
-0.00296
-0.00276
-0.00276
-0.00296
-0.00257
-0.00276
-0.00257
-0.00257
-0.00276
