-1.341000377600E+00

-0.00257
-0.00276
-0.00296
-0.00315
-0.00276
-0.00296
-0.00257
-0.00296
-0.00276
-0.00257
-0.00296
-0.00257
-0.00276
-0.00257
-0.00296
-0.00315
-0.00276
-0.00315
-0.00296
-0.00335
-0.00296
-0.00315
-0.00374
-0.00335
-0.00296
-0.00315
-0.00315
-0.00296
-0.00315
-0.00354
-0.00354
-0.00354
-0.00335
-0.00354
-0.00335
-0.00354
-0.00354
-0.00257
-0.00296
-0.00296
-0.00296
-0.00296
-0.00335
-0.00335
-0.00315
-0.00296
-0.00276
-0.00296
-0.00296
-0.00354
-0.00374
-0.00374
-0.00335
-0.00354
-0.00296
-0.00296
-0.00257
-0.00296
-0.00276
-0.00276
-0.00257
-0.00257
-0.00276
-0.00257
-0.00257
-0.00276
-0.00237
-0.00218
-0.00159
-0.00179
-0.00218
-0.00179
-0.00218
-0.00237
-0.00257
-0.00296
-0.00237
-0.00237
-0.00296
-0.00257
-0.00237
-0.00218
-0.00218
-0.00257
-0.00257
-0.00218
-0.00257
-0.00257
-0.00296
-0.00257
-0.00237
-0.00237
-0.00296
-0.00296
-0.00257
-0.00296
-0.00276
-0.00296
-0.00296
-0.00257
-0.00276
-0.00296
-0.00257
-0.00257
-0.00257
-0.00257
-0.00296
-0.00257
-0.00257
-0.00257
-0.00237
-0.00257
-0.00257
-0.00257
-0.00237
-0.00218
-0.00198
-0.00218
-0.00276
-0.00237
-0.00237
-0.00237
-0.00237
-0.00218
-0.00257
-0.00257
-0.00257
-0.00315
-0.00276
-0.00276
-0.00296
-0.00257
-0.00237
-0.00237
-0.00257
-0.00257
-0.00218
-0.00237
-0.00296
-0.00218
-0.00237
-0.00257
-0.00237
-0.00257
-0.00218
-0.00296
-0.00276
-0.00276
-0.00296
-0.00276
-0.00257
-0.00276
-0.00296
-0.00257
-0.00296
-0.00296
-0.00296
-0.00276
-0.00218
-0.00296
-0.00237
-0.00237
-0.00237
-0.00257
-0.00237
-0.00276
-0.00237
-0.00237
-0.00237
-0.00257
-0.00257
-0.00198
-0.00237
-0.00257
-0.00237
-0.00257
-0.00237
-0.00257
-0.00237
-0.00218
-0.00276
-0.00276
-0.00296
-0.00257
-0.00237
-0.00218
-0.00237
-0.00276
-0.00276
-0.00296
-0.00257
-0.00276
-0.00218
-0.00257
-0.00296
-0.00276
-0.00276
-0.00276
-0.00315
-0.00276
-0.00315
-0.00276
-0.00257
-0.00257
-0.00296
-0.00237
-0.00237
-0.00296
-0.00276
-0.00296
-0.00315
-0.00276
-0.00257
-0.00276
-0.00237
-0.00257
-0.00139
-0.00081
0.00036
0.00154
0.00349
0.00505
0.0072
0.00896
0.0113
0.01364
0.01657
0.01911
0.02224
0.02536
0.0279
0.03044
0.03259
0.03454
0.03611
0.03825
0.03962
0.04118
0.04216
0.04333
0.04431
0.04529
0.04607
0.04685
0.04743
0.04782
0.04841
0.049
0.04919
0.049
0.04919
0.05017
0.05095
0.05154
0.0529
0.05388
0.05525
0.05603
0.057
0.05798
0.05876
0.05915
0.05954
0.05993
0.06013
0.06052
0.06013
0.06111
0.06071
0.06091
0.0613
0.0613
0.06091
0.06071
0.06052
0.06071
0.06013
0.05974
0.05974
0.05954
0.05915
0.05837
0.05739
0.0572
0.05661
0.05603
0.05564
0.05505
0.05446
0.05349
0.05329
0.05251
0.05271
0.05154
0.05095
0.05017
0.04997
0.04919
0.0488
0.0488
0.04782
0.04743
0.04646
0.04607
0.04548
0.0447
0.04372
0.04314
0.04236
0.04216
0.04196
0.04118
0.04079
0.04021
0.04001
0.03923
0.03864
0.03825
0.03767
0.03767
0.03689
0.0365
0.03571
0.03571
0.03493
0.03454
0.03435
0.03396
0.03357
0.03239
0.0322
0.03181
0.03181
0.03103
0.03025
0.03005
0.02927
0.02868
0.0279
0.0279
0.0279
0.02751
0.02693
0.02673
0.02614
0.02575
0.02575
0.02575
0.02517
0.02458
0.024
0.02419
0.02341
0.02321
0.02302
0.02282
0.02263
0.02224
0.02243
0.02263
0.02341
0.024
0.02439
0.02517
0.02536
0.02634
0.02654
0.02732
0.02751
0.0281
0.0281
0.02868
0.02907
0.02888
0.02907
0.02927
0.02946
0.02986
0.02907
0.02946
0.02927
0.02888
0.02907
0.02868
0.02888
0.02868
0.0279
0.0281
0.0279
0.02771
0.02751
0.02751
0.02732
0.02634
0.02634
0.02634
0.02614
0.02536
0.02517
0.02497
0.02497
0.02517
0.02478
0.02458
0.024
0.02419
0.024
0.02302
0.02263
0.02321
0.02243
0.02263
0.02243
0.02185
0.02165
0.02126
0.02068
0.02009
0.01989
0.01911
0.0195
0.01911
0.01931
0.01872
0.01853
0.01814
0.01794
0.01833
0.01775
0.01755
0.01716
0.01736
0.01716
0.01696
0.01677
0.01599
0.01618
0.0154
0.01599
0.01521
0.0154
0.01482
0.01462
0.01462
0.01404
0.01384
0.01364
0.01364
0.01306
0.01325
0.01286
0.01306
0.01306
0.01267
0.01208
0.01228
0.01247
0.01228
0.01208
0.01189
0.0115
0.01169
0.0113
0.0113
0.01111
0.01091
0.01052
0.01052
0.01071
0.01052
0.01013
0.01013
0.01013
0.00974
0.00954
0.01013
0.00935
0.00974
0.00935
0.00857
0.00896
0.00876
0.00857
0.00837
0.00818
0.00876
0.00818
0.00837
0.00798
0.00759
0.00681
0.0072
0.0072
0.0072
0.00661
0.00661
0.00564
0.00603
0.00603
0.00642
0.00603
0.00564
0.00564
0.00583
0.00603
0.00544
0.00505
0.00564
0.00525
0.00505
0.00505
0.00505
0.00505
0.00525
0.00486
0.00446
0.00466
0.00446
0.00446
0.00446
0.00407
0.00407
0.00407
0.00427
0.00427
0.00407
0.00388
0.00388
0.00407
0.00349
0.00329
0.00388
0.00349
0.00388
0.00349
0.00329
0.00349
0.0031
0.0029
0.00329
0.0029
0.00271
0.00271
0.00251
0.00271
0.00232
0.00232
0.00173
0.00193
0.00212
0.00193
0.00193
0.00212
0.00193
0.00173
0.00173
0.00212
0.00212
0.00212
0.00154
0.00173
0.00134
0.00154
0.00193
0.00154
0.00134
0.00154
0.00154
0.00173
0.00154
0.00095
0.00154
0.00134
0.00173
0.00095
0.00075
0.00075
0.00056
0.00075
0.00075
0.00095
0.00134
0.00075
0.00056
0.00095
0.00114
0.00095
0.00154
0.00114
0.00114
0.00075
0.00075
0.00095
0.00114
0.00095
0.00036
0.00036
0.00095
-3e-05
0.00056
0.00036
0.00056
-3e-05
-3e-05
-3e-05
0.00036
0.00036
0.00017
0.00036
0.00017
0.00056
0.00056
0.00056
0.00017
-3e-05
0.00017
-3e-05
-0.00022
-3e-05
-3e-05
-3e-05
0.00017
-3e-05
-3e-05
0.00036
-0.00022
-3e-05
-0.00022
-0.00042
-0.00022
-0.00042
-0.00061
-0.00042
-0.00061
-0.00042
-0.00022
-0.00061
-0.00022
-0.001
-0.00061
-0.00042
-0.001
-0.0012
-0.001
-0.0012
-0.001
-0.001
-0.001
-0.001
-0.00139
-0.00159
-0.00159
-0.00159
-0.001
-0.00179
-0.00139
-0.00159
-0.00139
-0.00159
-0.00139
-0.00159
-0.00139
-0.00139
-0.001
-0.0012
-0.0012
-0.0012
-0.001
-0.00139
-0.001
-0.0012
-0.00139
-0.0012
-0.0012
-0.00159
-0.00139
-0.0012
-0.00159
-0.00159
-0.00198
-0.00159
-0.00139
-0.00159
-0.00081
-0.0012
-0.00139
-0.0012
-0.00139
-0.00139
-0.0012
-0.00218
-0.0012
-0.00139
-0.00139
-0.00179
-0.00198
-0.00139
-0.00179
-0.00139
-0.0012
-0.00159
-0.00179
-0.00218
-0.00179
-0.00159
-0.00237
-0.00237
-0.00257
-0.00198
-0.00218
-0.00218
-0.00198
-0.00198
-0.00237
-0.00218
-0.00218
-0.00276
-0.00218
-0.00218
-0.00237
-0.00276
-0.00237
-0.00257
-0.00237
-0.00218
-0.00237
-0.00218
-0.00237
-0.00257
-0.00237
-0.00237
-0.00218
-0.00257
-0.00296
-0.00276
-0.00237
-0.00218
-0.00237
-0.00237
-0.00237
-0.00218
-0.00218
-0.00257
-0.00218
-0.00237
-0.00237
-0.00237
-0.00179
-0.00218
-0.00218
-0.00237
-0.00237
-0.00218
-0.00237
-0.00257
-0.00257
-0.00257
-0.00237
-0.00276
-0.00276
-0.00237
-0.00257
-0.00276
-0.00257
-0.00257
-0.00257
-0.00276
-0.00315
-0.00276
-0.00335
-0.00296
-0.00315
-0.00296
-0.00257
-0.00296
-0.00257
-0.00257
-0.00276
-0.00296
-0.00276
-0.00315
-0.00237
-0.00276
-0.00237
-0.00198
-0.00276
-0.00257
-0.00218
-0.00237
-0.00237
-0.00237
-0.00218
-0.00237
-0.00237
-0.00218
-0.00218
-0.00257
-0.00237
-0.00257
-0.00257
-0.00296
-0.00315
-0.00257
-0.00237
-0.00218
-0.00257
-0.00335
-0.00276
-0.00315
-0.00276
-0.00315
-0.00315
-0.00296
-0.00276
-0.00296
-0.00257
-0.00276
-0.00315
-0.00296
-0.00296
-0.00218
-0.00276
-0.00296
-0.00276
-0.00257
-0.00257
-0.00257
-0.00237
-0.00257
-0.00237
-0.00296
-0.00257
-0.00237
-0.00237
-0.00257
-0.00257
-0.00257
-0.00218
-0.00218
-0.00218
-0.00237
-0.00218
-0.00198
-0.00218
-0.00218
-0.00237
-0.00218
-0.00257
-0.00237
-0.00237
-0.00276
-0.00237
-0.00257
-0.00257
-0.00276
-0.00237
-0.00296
-0.00257
-0.00276
-0.00276
-0.00296
-0.00296
-0.00296
-0.00335
-0.00335
-0.00393
-0.00335
-0.00257
-0.00315
-0.00276
-0.00315
-0.00315
-0.00296
-0.00296
-0.00335
-0.00315
-0.00315
-0.00296
-0.00315
-0.00276
-0.00335
-0.00374
-0.00374
-0.00354
-0.00374
-0.00354
-0.00374
-0.00335
-0.00335
-0.00276
-0.00296
-0.00276
-0.00296
-0.00276
-0.00296
-0.00276
-0.00315
-0.00354
-0.00296
-0.00257
-0.00237
-0.00237
-0.00257
-0.00315
-0.00257
-0.00276
-0.00276
-0.00276
-0.00296
-0.00276
-0.00276
-0.00315
-0.00276
-0.00296
-0.00296
-0.00276
-0.00257
-0.00237
-0.00296
-0.00315
-0.00296
-0.00315
-0.00276
-0.00296
-0.00296
-0.00218
-0.00257
-0.00315
-0.00296
-0.00276
-0.00257
-0.00276
-0.00257
-0.00218
-0.00257
-0.00237
-0.00237
-0.00257
-0.00296
-0.00296
-0.00296
-0.00296
-0.00257
-0.00276
-0.00296
-0.00354
-0.00296
-0.00296
-0.00315
-0.00257
-0.00296
-0.00257
-0.00296
-0.00237
-0.00276
-0.00276
-0.00276
-0.00335
-0.00315
-0.00354
-0.00296
-0.00374
-0.00374
-0.00354
-0.00354
-0.00315
-0.00354
-0.00354
-0.00296
-0.00335
-0.00335
-0.00315
-0.00315
-0.00354
-0.00374
-0.00335
-0.00335
-0.00315
-0.00335
-0.00315
-0.00257
-0.00257
-0.00296
-0.00296
-0.00257
-0.00276
-0.00296
-0.00276
-0.00276
-0.00257
-0.00296
-0.00276
-0.00276
-0.00257
-0.00276
-0.00296
-0.00257
-0.00237
-0.00218
-0.00237
-0.00198
-0.00218
-0.00257
-0.00218
-0.00257
-0.00237
-0.00218
-0.00257
-0.00218
-0.00276
-0.00257
-0.00276
-0.00218
-0.00237
-0.00296
-0.00257
-0.00296
-0.00296
-0.00296
-0.00276
-0.00276
-0.00296
-0.00315
-0.00354
-0.00315
-0.00296
-0.00296
-0.00257
-0.00315
-0.00257
-0.00257
-0.00257
-0.00257
-0.00257
-0.00296
-0.00315
-0.00276
-0.00257
-0.00237
-0.00296
-0.00237
-0.00296
-0.00315
-0.00257
-0.00276
-0.00276
-0.00276
-0.00276
-0.00296
-0.00315
-0.00296
-0.00257
-0.00257
-0.00276
-0.00276
-0.00296
-0.00257
-0.00315
-0.00276
-0.00257
-0.00257
-0.00237
-0.00315
-0.00257
-0.00315
-0.00296
-0.00315
-0.00257
-0.00276
-0.00374
-0.00374
-0.00335
-0.00315
-0.00276
-0.00315
-0.00335
-0.00315
-0.00296
-0.00335
-0.00296
-0.00315
-0.00335
-0.00335
-0.00335
-0.00315
-0.00315
-0.00296
-0.00276
-0.00315
-0.00276
-0.00296
-0.00276
-0.00296
-0.00237
-0.00296
-0.00315
-0.00257
-0.00315
-0.00296
-0.00257
-0.00276
-0.00296
-0.00276
-0.00315
-0.00276
-0.00257
-0.00315
-0.00296
-0.00296
-0.00296
-0.00276
-0.00315
-0.00257
-0.00296
-0.00315
-0.00335
-0.00354
-0.00315
-0.00335
-0.00354
-0.00276
-0.00296
-0.00335
-0.00315
-0.00296
-0.00335
-0.00354
-0.00354
-0.00354
-0.00354
-0.00296
-0.00257
-0.00296
-0.00315
-0.00315
-0.00276
-0.00257
-0.00237
-0.00276
-0.00296
-0.00276
-0.00296
-0.00296
-0.00257
-0.00237
-0.00257
-0.00276
-0.00257
-0.00257
-0.00257
-0.00257
-0.00218
-0.00296
-0.00257
-0.00296
-0.00257
-0.00237
-0.00276
-0.00315
-0.00296
-0.00237
-0.00257
-0.00296
-0.00276
-0.00315
-0.00315
-0.00276
-0.00315
-0.00335
-0.00354
-0.00335
-0.00315
-0.00315
-0.00296
-0.00315
-0.00354
-0.00354
-0.00315
-0.00354
-0.00315
-0.00335
-0.00335
-0.00354
-0.00354
-0.00335
-0.00335
-0.00315
-0.00335
-0.00335
-0.00335
-0.00354
-0.00354
-0.00335
-0.00315
-0.00315
-0.00315
-0.00335
-0.00374
-0.00374
-0.00335
