-5.050001440000E-01

-0.00257
-0.00276
-0.00218
-0.00296
-0.00296
-0.00354
-0.00315
-0.00354
-0.00315
-0.00315
-0.00335
-0.00315
-0.00315
-0.00296
-0.00335
-0.00296
-0.00296
-0.00335
-0.00237
-0.00335
-0.00315
-0.00315
-0.00276
-0.00257
-0.00315
-0.00315
-0.00296
-0.00315
-0.00276
-0.00276
-0.00257
-0.00276
-0.00276
-0.00257
-0.00276
-0.00257
-0.00257
-0.00296
-0.00237
-0.00257
-0.00257
-0.00257
-0.00276
-0.00257
-0.00296
-0.00276
-0.00315
-0.00257
-0.00257
-0.00257
-0.00257
-0.00257
-0.00257
-0.00237
-0.00276
-0.00276
-0.00315
-0.00315
-0.00335
-0.00335
-0.00315
-0.00354
-0.00276
-0.00257
-0.00257
-0.00296
-0.00276
-0.00276
-0.00296
-0.00276
-0.00257
-0.00237
-0.00257
-0.00237
-0.00276
-0.00257
-0.00257
-0.00276
-0.00276
-0.00296
-0.00257
-0.00315
-0.00257
-0.00296
-0.00276
-0.00315
-0.00354
-0.00354
-0.00335
-0.00315
-0.00296
-0.00257
-0.00257
-0.00296
-0.00315
-0.00296
-0.00276
-0.00276
-0.00257
-0.00257
-0.00257
-0.00276
-0.00237
-0.00276
-0.00257
-0.00276
-0.00257
-0.00276
-0.00296
-0.00354
-0.00296
-0.00315
-0.00276
-0.00315
-0.00276
-0.00335
-0.00296
-0.00296
-0.00276
-0.00276
-0.00315
-0.00276
-0.00276
-0.00237
-0.00257
-0.00296
-0.00257
-0.00315
-0.00296
-0.00296
-0.00257
-0.00276
-0.00257
-0.00276
-0.00276
-0.00276
-0.00257
-0.00296
-0.00296
-0.00276
-0.00276
-0.00257
-0.00257
-0.00296
-0.00276
-0.00276
-0.00257
-0.00315
-0.00257
-0.00276
-0.00257
-0.00276
-0.00296
-0.00276
-0.00276
-0.00296
-0.00257
-0.00296
-0.00296
-0.00296
-0.00315
-0.00276
-0.00257
-0.00296
-0.00296
-0.00276
-0.00296
-0.00218
-0.00315
-0.00335
-0.00296
-0.00315
-0.00354
-0.00296
-0.00354
-0.00296
-0.00354
-0.00335
-0.00335
-0.00335
-0.00315
-0.00315
-0.00296
-0.00257
-0.00315
-0.00276
-0.00315
-0.00335
-0.00354
-0.00354
-0.00374
-0.00335
-0.00315
-0.00335
-0.00315
-0.00315
-0.00335
-0.00335
-0.00354
-0.00335
-0.00276
-0.00296
-0.00276
-0.00315
-0.00276
-0.00315
-0.00276
-0.00257
-0.00237
-0.00218
-0.00237
-0.00296
-0.00257
-0.00237
-0.00257
-0.00315
-0.00276
-0.00218
-0.001
0.00095
0.00349
0.00603
0.00915
0.01325
0.01696
0.02029
0.024
0.0281
0.03161
0.03493
0.03864
0.04196
0.04529
0.04782
0.05095
0.05329
0.05486
0.057
0.05896
0.06071
0.06208
0.06345
0.06521
0.06599
0.06716
0.06736
0.06833
0.06892
0.0695
0.0697
0.06989
0.07009
0.07009
0.07009
0.0697
0.06931
0.0695
0.06892
0.06911
0.06833
0.06794
0.06736
0.06696
0.06579
0.0656
0.06501
0.06443
0.06423
0.06345
0.06286
0.06189
0.0613
0.06052
0.06032
0.05915
0.05876
0.05798
0.05739
0.05681
0.05603
0.05525
0.05446
0.05368
0.0531
0.05251
0.05212
0.05193
0.05114
0.05075
0.05017
0.04939
0.049
0.04861
0.04685
0.04646
0.04587
0.04548
0.0447
0.04411
0.04353
0.04294
0.04275
0.04177
0.04118
0.04079
0.0404
0.03982
0.03943
0.03884
0.03825
0.03747
0.03728
0.03669
0.03611
0.03611
0.03552
0.03532
0.03454
0.03415
0.03279
0.03298
0.03259
0.0322
0.03161
0.03122
0.03083
0.03064
0.02966
0.02986
0.02927
0.02927
0.02829
0.0281
0.02771
0.02751
0.02693
0.02654
0.02654
0.02634
0.02614
0.02536
0.02497
0.02497
0.02439
0.02439
0.024
0.02419
0.02361
0.02302
0.02282
0.02224
0.02185
0.02146
0.02126
0.02146
0.02107
0.02029
0.02048
0.0197
0.0197
0.0197
0.0197
0.01872
0.01911
0.01872
0.01814
0.01833
0.01736
0.01755
0.01696
0.01736
0.01696
0.01696
0.01657
0.01638
0.01599
0.01579
0.0156
0.01521
0.0156
0.01482
0.01462
0.01423
0.01443
0.01384
0.01404
0.01404
0.01404
0.01364
0.01325
0.01306
0.01325
0.01286
0.01325
0.01306
0.01267
0.01228
0.01208
0.01189
0.0115
0.01169
0.0115
0.01169
0.01091
0.01111
0.01071
0.01052
0.01013
0.01032
0.00915
0.00954
0.00974
0.00954
0.00935
0.00935
0.00857
0.00857
0.00857
0.00896
0.00857
0.00798
0.00779
0.00798
0.0072
0.0072
0.00681
0.00661
0.007
0.007
0.00642
0.00661
0.00642
0.00622
0.00622
0.00622
0.00603
0.00583
0.00622
0.00583
0.00583
0.00603
0.00603
0.00544
0.00603
0.00603
0.00622
0.00583
0.00583
0.00544
0.00564
0.00642
0.00603
0.00564
0.00544
0.00564
0.00525
0.00466
0.00466
0.00466
0.00486
0.00446
0.00427
0.00427
0.00446
0.00446
0.00466
0.00505
0.00427
0.00446
0.00388
0.00368
0.00407
0.00388
0.00349
0.00349
0.00329
0.00388
0.0029
0.0031
0.0031
0.00271
0.0029
0.00271
0.00212
0.00193
0.00173
0.00212
0.00232
0.00212
0.00193
0.00173
0.00251
0.00154
0.00193
0.00154
0.00212
0.00212
0.00212
0.00193
0.00193
0.00232
0.00251
0.00193
0.00193
0.00173
0.00134
0.00114
0.00114
0.00056
0.00075
0.00075
0.00075
0.00056
0.00075
0.00075
0.00075
0.00134
0.00095
0.00095
0.00075
0.00114
0.00075
0.00036
0.00075
0.00075
0.00075
0.00017
0.00036
0.00056
0.00017
0.00036
0.00017
0.00017
-3e-05
-3e-05
-0.00042
-0.00042
-0.00022
-0.00022
-0.00022
-0.00022
-0.00061
-3e-05
-3e-05
-0.00022
0.00036
0.00036
-0.00022
0.00017
0.00056
0.00056
0.00056
0.00036
0.00036
0.00036
0.00056
0.00056
0.00036
-3e-05
0.00017
-3e-05
-3e-05
-3e-05
0.00017
-3e-05
0.00017
-0.00061
-0.00061
-0.00081
-3e-05
-0.00042
-0.00042
-0.00042
-0.00081
-0.00022
-0.00081
-0.00042
-0.00042
-0.00061
-0.0012
-0.00042
-0.00061
-0.00042
-0.00042
-0.00042
-0.00081
-0.00081
-0.0012
-0.0012
-0.001
-0.001
-0.0012
-0.0012
-0.00198
-0.0012
-0.00159
-0.001
-0.00139
-0.001
-0.001
-0.00081
-0.001
-0.0012
-0.00081
-0.001
-0.00081
-0.00081
-0.001
-0.00061
-0.0012
-0.001
-0.00139
-0.00139
-0.00159
-0.0012
-0.00139
-0.00139
-0.00159
-0.0012
-0.00139
-0.00179
-0.00179
-0.00179
-0.00159
-0.00179
-0.00159
-0.00179
-0.00198
-0.00198
-0.00218
-0.00179
-0.00198
-0.00218
-0.00198
-0.00218
-0.00198
-0.00198
-0.00218
-0.00218
-0.00237
-0.00276
-0.00276
-0.00276
-0.00257
-0.00218
-0.00276
-0.00257
-0.00276
-0.00257
-0.00257
-0.00237
-0.00218
-0.00218
-0.00218
-0.00218
-0.00198
-0.00179
-0.00198
-0.00198
-0.00198
-0.00237
-0.00237
-0.00218
-0.00237
-0.00257
-0.00276
-0.00237
-0.00257
-0.00218
-0.00257
-0.00218
-0.00198
-0.00237
-0.00218
-0.00218
-0.00218
-0.00237
-0.00198
-0.00218
-0.00179
-0.00218
-0.00198
-0.00237
-0.00198
-0.00159
-0.00179
-0.00159
-0.00198
-0.00198
-0.00198
-0.00198
-0.00218
-0.00179
-0.00179
-0.00179
-0.00198
-0.00257
-0.00257
-0.00257
-0.00276
-0.00218
-0.00198
-0.00198
-0.00237
-0.00257
-0.00237
-0.00237
-0.00218
-0.00257
-0.00276
-0.00276
-0.00276
-0.00237
-0.00179
-0.00257
-0.00237
-0.00237
-0.00257
-0.00237
-0.00257
-0.00218
-0.00218
-0.00159
-0.00218
-0.00257
-0.00335
-0.00257
-0.00276
-0.00257
-0.00315
-0.00237
-0.00276
-0.00257
-0.00276
-0.00257
-0.00257
-0.00257
-0.00276
-0.00237
-0.00276
-0.00257
-0.00257
-0.00237
-0.00276
-0.00257
-0.00276
-0.00276
-0.00315
-0.00276
-0.00276
-0.00276
-0.00296
-0.00257
-0.00315
-0.00276
-0.00315
-0.00335
-0.00296
-0.00296
-0.00276
-0.00276
-0.00296
-0.00315
-0.00257
-0.00257
-0.00276
-0.00237
-0.00218
-0.00276
-0.00296
-0.00257
-0.00257
-0.00257
-0.00276
-0.00296
-0.00257
-0.00276
-0.00218
-0.00237
-0.00257
-0.00237
-0.00237
-0.00257
-0.00257
-0.00276
-0.00276
-0.00257
-0.00296
-0.00257
-0.00315
-0.00296
-0.00296
-0.00354
-0.00335
-0.00296
-0.00315
-0.00296
-0.00296
-0.00276
-0.00296
-0.00296
-0.00315
-0.00335
-0.00354
-0.00315
-0.00315
-0.00315
-0.00354
-0.00354
-0.00354
-0.00315
-0.00315
-0.00296
-0.00315
-0.00296
-0.00257
-0.00257
-0.00276
-0.00257
-0.00257
-0.00257
-0.00335
-0.00296
-0.00276
-0.00257
-0.00296
-0.00315
-0.00257
-0.00296
-0.00296
-0.00296
-0.00276
-0.00237
-0.00218
-0.00237
-0.00257
-0.00257
-0.00257
-0.00237
-0.00218
-0.00237
-0.00237
-0.00257
-0.00237
-0.00237
-0.00237
-0.00257
-0.00237
-0.00257
-0.00257
-0.00257
-0.00296
-0.00257
-0.00315
-0.00218
-0.00237
-0.00237
-0.00218
-0.00179
-0.00218
-0.00218
-0.00237
-0.00257
-0.00198
-0.00218
-0.00237
-0.00198
-0.00237
-0.00257
-0.00237
-0.00257
-0.00276
-0.00237
-0.00257
-0.00276
-0.00296
-0.00296
-0.00257
-0.00315
-0.00276
-0.00276
-0.00315
-0.00276
-0.00257
-0.00257
-0.00276
-0.00257
-0.00296
-0.00296
-0.00335
-0.00257
-0.00296
-0.00296
-0.00315
-0.00296
-0.00296
-0.00296
-0.00315
-0.00296
-0.00296
-0.00335
-0.00315
-0.00315
-0.00296
-0.00257
-0.00218
-0.00257
-0.00276
-0.00276
-0.00296
-0.00315
-0.00237
-0.00218
-0.00276
-0.00276
-0.00296
-0.00315
-0.00257
-0.00257
-0.00276
-0.00276
-0.00257
-0.00218
-0.00276
-0.00276
-0.00296
-0.00296
-0.00276
-0.00296
-0.00276
-0.00276
-0.00257
-0.00335
-0.00296
-0.00296
-0.00296
-0.00335
-0.00354
-0.00315
-0.00296
-0.00354
-0.00374
-0.00335
-0.00335
-0.00374
-0.00315
-0.00315
-0.00315
-0.00296
-0.00276
-0.00315
-0.00315
-0.00315
-0.00354
-0.00335
-0.00315
-0.00335
-0.00315
-0.00354
-0.00354
-0.00315
-0.00335
-0.00315
-0.00296
-0.00296
-0.00354
-0.00315
-0.00354
-0.00296
-0.00296
-0.00315
-0.00354
-0.00315
-0.00335
-0.00335
-0.00315
-0.00296
-0.00276
-0.00296
-0.00257
-0.00296
-0.00315
-0.00335
-0.00335
-0.00315
-0.00296
-0.00335
-0.00257
-0.00315
-0.00296
-0.00354
-0.00315
-0.00276
-0.00276
-0.00237
-0.00296
-0.00296
-0.00315
-0.00296
-0.00257
-0.00237
-0.00257
-0.00276
-0.00315
-0.00315
-0.00237
-0.00237
-0.00237
-0.00237
-0.00257
-0.00257
-0.00296
-0.00315
-0.00296
-0.00257
-0.00276
-0.00296
-0.00296
-0.00296
-0.00237
-0.00237
-0.00315
-0.00276
-0.00257
-0.00296
-0.00276
-0.00237
-0.00257
-0.00257
-0.00276
-0.00257
-0.00237
-0.00315
-0.00296
-0.00296
-0.00315
-0.00315
-0.00296
-0.00354
-0.00335
-0.00276
-0.00335
-0.00315
-0.00354
-0.00276
-0.00315
-0.00296
-0.00335
-0.00315
-0.00315
-0.00276
-0.00257
-0.00257
-0.00315
-0.00315
-0.00315
-0.00315
-0.00335
-0.00296
-0.00296
-0.00335
-0.00374
-0.00296
-0.00335
-0.00315
-0.00335
-0.00315
-0.00335
-0.00276
-0.00315
-0.00335
-0.00315
-0.00315
-0.00315
-0.00257
-0.00296
-0.00257
-0.00257
-0.00276
-0.00257
-0.00257
-0.00218
-0.00257
-0.00257
-0.00237
-0.00296
-0.00276
-0.00257
-0.00218
-0.00257
-0.00276
-0.00276
-0.00296
-0.00335
-0.00296
-0.00296
-0.00315
-0.00354
-0.00276
-0.00276
-0.00276
-0.00276
-0.00257
-0.00296
-0.00276
-0.00276
-0.00335
-0.00296
-0.00315
-0.00335
-0.00354
-0.00335
-0.00354
-0.00315
-0.00374
-0.00315
-0.00354
-0.00374
-0.00413
-0.00354
-0.00374
-0.00393
-0.00354
-0.00335
-0.00354
-0.00296
-0.00335
-0.00335
-0.00315
-0.00315
-0.00335
-0.00276
-0.00315
-0.00296
-0.00315
-0.00276
-0.00315
-0.00276
-0.00257
-0.00296
-0.00276
-0.00296
-0.00296
-0.00335
-0.00276
-0.00237
-0.00257
-0.00257
-0.00257
-0.00237
-0.00257
-0.00257
-0.00237
-0.00257
-0.00218
-0.00296
-0.00296
-0.00276
-0.00257
-0.00276
-0.00296
-0.00315
-0.00315
-0.00276
-0.00296
-0.00354
-0.00296
-0.00276
-0.00296
-0.00315
-0.00257
-0.00257
-0.00315
-0.00315
-0.00257
-0.00296
-0.00296
-0.00276
-0.00296
-0.00296
-0.00335
-0.00276
-0.00296
-0.00276
-0.00296
-0.00276
-0.00276
-0.00276
-0.00315
-0.00335
-0.00315
-0.00315
-0.00276
-0.00296
-0.00315
-0.00296
-0.00276
-0.00315
-0.00296
-0.00296
