-1.996000560000E+00

-0.00257
-0.00276
-0.00257
-0.00276
-0.00315
-0.00296
-0.00296
-0.00237
-0.00315
-0.00296
-0.00335
-0.00315
-0.00296
-0.00315
-0.00296
-0.00276
-0.00296
-0.00276
-0.00276
-0.00237
-0.00218
-0.00276
-0.00296
-0.00218
-0.00179
-0.00237
-0.00218
-0.00218
-0.00218
-0.00257
-0.00276
-0.00237
-0.00237
-0.00218
-0.00218
-0.00218
-0.00159
-0.00198
-0.00198
-0.00257
-0.00218
-0.00218
-0.00218
-0.00218
-0.00179
-0.00198
-0.00218
-0.00237
-0.00218
-0.00218
-0.00179
-0.00218
-0.00276
-0.00276
-0.00257
-0.00237
-0.00276
-0.00276
-0.00237
-0.00237
-0.00237
-0.00296
-0.00257
-0.00296
-0.00315
-0.00296
-0.00276
-0.00315
-0.00296
-0.00315
-0.00257
-0.00257
-0.00237
-0.00276
-0.00257
-0.00257
-0.00198
-0.00237
-0.00276
-0.00257
-0.00276
-0.00276
-0.00257
-0.00276
-0.00257
-0.00315
-0.00276
-0.00237
-0.00237
-0.00257
-0.00237
-0.00257
-0.00218
-0.00237
-0.00218
-0.00237
-0.00218
-0.00237
-0.00198
-0.00218
-0.00237
-0.00198
-0.00257
-0.00218
-0.00237
-0.00237
-0.00198
-0.00198
-0.00198
-0.00198
-0.00237
-0.00179
-0.00198
-0.00237
-0.00198
-0.00179
-0.00237
-0.00257
-0.00257
-0.00218
-0.00237
-0.00257
-0.00237
-0.00237
-0.00237
-0.00218
-0.00198
-0.00218
-0.00218
-0.00237
-0.00218
-0.00257
-0.00218
-0.00198
-0.00159
-0.00218
-0.00198
-0.00257
-0.00218
-0.00237
-0.00218
-0.00218
-0.00198
-0.00237
-0.00237
-0.00257
-0.00257
-0.00237
-0.00218
-0.00296
-0.00257
-0.00276
-0.00257
-0.00257
-0.00315
-0.00296
-0.00276
-0.00315
-0.00296
-0.00296
-0.00257
-0.00276
-0.00257
-0.00296
-0.00335
-0.00315
-0.00276
-0.00296
-0.00198
-0.00218
-0.00218
-0.00179
-0.00218
-0.00257
-0.00257
-0.00237
-0.00257
-0.00257
-0.00218
-0.00198
-0.00198
-0.00218
-0.00198
-0.00179
-0.00179
-0.00139
-0.00179
-0.00159
-0.00179
-0.00198
-0.00159
-0.0012
-0.00139
-0.00198
-0.00179
-0.00179
-0.00237
-0.0012
-0.00042
0.00056
0.00173
0.00349
0.00525
0.00759
0.00954
0.0113
0.01364
0.01521
0.01755
0.02009
0.02224
0.02419
0.02654
0.02849
0.03142
0.03415
0.03689
0.04001
0.04372
0.04841
0.05329
0.05798
0.06306
0.06775
0.07185
0.07673
0.08083
0.08532
0.09001
0.0945
0.09939
0.10368
0.1074
0.1115
0.11501
0.11833
0.12126
0.12361
0.12615
0.12849
0.13044
0.13181
0.13337
0.13454
0.13474
0.13532
0.13611
0.13611
0.1365
0.1363
0.1365
0.1365
0.13611
0.13611
0.13572
0.13474
0.13415
0.13318
0.1324
0.13161
0.13064
0.12946
0.12888
0.1279
0.12673
0.12556
0.12419
0.12322
0.12185
0.12087
0.1197
0.11872
0.11716
0.11599
0.11501
0.11345
0.11228
0.11052
0.10954
0.10818
0.10661
0.10544
0.10447
0.1029
0.10173
0.10056
0.099
0.09821
0.09685
0.09607
0.09489
0.09372
0.09275
0.09157
0.0906
0.08923
0.08864
0.08708
0.08689
0.0863
0.08532
0.08513
0.08435
0.08435
0.08396
0.08396
0.08318
0.08279
0.082
0.08103
0.08083
0.08005
0.08005
0.07946
0.07868
0.07829
0.07712
0.07693
0.07614
0.07575
0.07497
0.07439
0.07361
0.07302
0.07243
0.07224
0.07165
0.07068
0.07029
0.0697
0.06872
0.06814
0.06755
0.06696
0.06618
0.06599
0.06501
0.06482
0.06384
0.06306
0.06247
0.06228
0.0613
0.06032
0.05935
0.05896
0.05857
0.05739
0.0572
0.05661
0.05564
0.05486
0.05407
0.0531
0.05251
0.05173
0.05095
0.05036
0.04978
0.0488
0.04802
0.04743
0.04646
0.04685
0.04568
0.04509
0.04431
0.04392
0.04333
0.04314
0.04236
0.04177
0.04138
0.0406
0.04021
0.03962
0.03962
0.03904
0.03825
0.03806
0.03806
0.03708
0.03669
0.03611
0.03611
0.03552
0.03571
0.03493
0.03474
0.03415
0.03396
0.03318
0.03279
0.032
0.03181
0.03181
0.032
0.03122
0.03044
0.03025
0.02946
0.02966
0.02907
0.02849
0.02868
0.0279
0.0279
0.02732
0.02712
0.02712
0.02634
0.02614
0.02536
0.02575
0.02478
0.02458
0.02419
0.024
0.0238
0.02321
0.02282
0.02243
0.02263
0.02204
0.02146
0.02107
0.02068
0.02068
0.02029
0.02009
0.01989
0.01989
0.0195
0.0197
0.01931
0.01853
0.01853
0.01833
0.01814
0.01814
0.01794
0.01736
0.01736
0.01716
0.01696
0.01677
0.01599
0.01579
0.0156
0.0156
0.01521
0.0154
0.01579
0.01501
0.01521
0.01501
0.01462
0.01443
0.01423
0.01423
0.01384
0.01364
0.01345
0.01306
0.01286
0.01267
0.01286
0.01189
0.01169
0.01169
0.01169
0.0113
0.0113
0.01169
0.01111
0.01111
0.01052
0.01052
0.01052
0.01052
0.01032
0.00993
0.01032
0.00993
0.01032
0.01032
0.01032
0.00993
0.01052
0.01032
0.01013
0.00993
0.00954
0.00935
0.00896
0.00896
0.00915
0.00876
0.00876
0.00818
0.00837
0.00818
0.00818
0.00818
0.00759
0.00759
0.00739
0.00759
0.00798
0.00759
0.00739
0.00681
0.00661
0.00661
0.00681
0.007
0.00681
0.00622
0.00622
0.00642
0.00603
0.00583
0.00583
0.00544
0.00544
0.00544
0.00564
0.00505
0.00544
0.00505
0.00505
0.00505
0.00466
0.00407
0.00427
0.00446
0.00466
0.00466
0.00446
0.00427
0.00446
0.00407
0.00407
0.00388
0.00368
0.00329
0.00349
0.00368
0.00349
0.00368
0.00349
0.0031
0.00349
0.00329
0.00329
0.0031
0.0031
0.0029
0.0031
0.0029
0.0029
0.00232
0.0029
0.00232
0.00232
0.00193
0.00271
0.00251
0.00232
0.0029
0.00271
0.00271
0.00232
0.00232
0.00232
0.00212
0.00193
0.00232
0.00193
0.00173
0.00173
0.00193
0.00212
0.00173
0.00212
0.00193
0.00232
0.00212
0.00232
0.00154
0.00173
0.00154
0.00114
0.00095
0.00095
0.00134
0.00075
0.00134
0.00095
0.00114
0.00075
0.00095
0.00075
0.00056
0.00056
0.00075
0.00114
0.00075
0.00036
0.00017
0.00056
0.00036
0.00056
0.00056
0.00095
0.00056
0.00017
0.00017
0.00036
0.00017
0.00036
0.00036
0.00056
0.00036
0.00056
0.00056
0.00056
0.00056
0.00017
-0.00042
0.00017
-0.00022
0.00017
0.00017
-3e-05
0.00036
-0.00022
0.00036
0.00017
0.00017
0.00017
0.00017
-0.00022
-3e-05
0.00017
-3e-05
-3e-05
0.00017
-0.00042
-0.00042
0.00017
-0.00022
0.00017
0.00017
0.00017
-0.00022
-0.00022
0.00017
-3e-05
-0.00042
-0.00022
-3e-05
-3e-05
-3e-05
-0.00042
-0.00042
-0.00042
-0.00022
-0.00042
-0.00042
-0.00022
-0.00042
-3e-05
-0.00022
-0.00022
-0.00042
-0.00061
-0.00061
-0.00081
-0.00081
-0.001
-0.00081
-0.0012
-0.00081
-0.001
-0.0012
-0.001
-0.001
-0.00081
-0.00081
-0.00061
-0.001
-0.00159
-0.00139
-0.0012
-0.0012
-0.00139
-0.0012
-0.00218
-0.00198
-0.00179
-0.00179
-0.00159
-0.00179
-0.00159
-0.00179
-0.00179
-0.00179
-0.00159
-0.00159
-0.00159
-0.00159
-0.00159
-0.00198
-0.00179
-0.00179
-0.00159
-0.00159
-0.00139
-0.00159
-0.00159
-0.00159
-0.0012
-0.00159
-0.00139
-0.00159
-0.001
-0.00139
-0.001
-0.00139
-0.00139
-0.00139
-0.0012
-0.00159
-0.00159
-0.0012
-0.00139
-0.00159
-0.0012
-0.00139
-0.0012
-0.00139
-0.00139
-0.00139
-0.001
-0.00179
-0.00179
-0.0012
-0.00139
-0.00198
-0.00218
-0.00179
-0.00237
-0.00237
-0.00159
-0.00179
-0.00237
-0.00218
-0.00237
-0.00198
-0.00159
-0.00198
-0.00198
-0.00198
-0.00218
-0.00198
-0.00276
-0.00237
-0.00237
-0.00198
-0.00179
-0.00218
-0.00218
-0.00237
-0.00218
-0.00198
-0.00237
-0.00296
-0.00237
-0.00218
-0.00237
-0.00296
-0.00257
-0.00257
-0.00237
-0.00276
-0.00237
-0.00257
-0.00257
-0.00237
-0.00179
-0.00198
-0.00159
-0.00218
-0.00179
-0.00218
-0.00237
-0.00237
-0.00237
-0.00237
-0.00218
-0.00218
-0.00237
-0.00218
-0.00198
-0.00237
-0.00237
-0.00198
-0.00198
-0.00179
-0.00198
-0.00198
-0.00218
-0.00237
-0.00218
-0.00237
-0.00218
-0.00218
-0.00198
-0.00179
-0.00218
-0.00198
-0.00198
-0.00237
-0.00218
-0.00237
-0.00198
-0.00218
-0.00218
-0.00276
-0.00257
-0.00218
-0.00218
-0.00257
-0.00218
-0.00257
-0.00237
-0.00257
-0.00218
-0.00237
-0.00257
-0.00276
-0.00237
-0.00237
-0.00237
-0.00257
-0.00257
-0.00237
-0.00257
-0.00179
-0.00218
-0.00257
-0.00237
-0.00276
-0.00257
-0.00257
-0.00237
-0.00257
-0.00257
-0.00257
-0.00257
-0.00315
-0.00315
-0.00237
-0.00257
-0.00237
-0.00218
-0.00257
-0.00237
-0.00276
-0.00257
-0.00218
-0.00237
-0.00218
-0.00198
-0.00218
-0.00179
-0.00257
-0.00237
-0.00276
-0.00315
-0.00296
-0.00276
-0.00296
-0.00237
-0.00296
-0.00218
-0.00237
-0.00237
-0.00296
-0.00257
-0.00257
-0.00237
-0.00257
-0.00198
-0.00179
-0.00179
-0.00218
-0.00159
-0.00198
-0.00198
-0.00179
-0.00198
-0.00237
-0.00198
-0.00237
-0.00198
-0.00218
-0.00198
-0.00179
-0.00198
-0.00198
-0.00237
-0.00237
-0.00179
-0.00218
-0.00218
-0.00257
-0.00237
-0.00276
-0.00237
-0.00257
-0.00257
-0.00257
-0.00218
-0.00257
-0.00237
-0.00237
-0.00237
-0.00257
-0.00257
-0.00257
-0.00276
-0.00315
-0.00335
-0.00296
-0.00315
-0.00335
-0.00335
-0.00315
-0.00315
-0.00315
-0.00354
-0.00315
-0.00296
-0.00276
-0.00276
-0.00315
-0.00257
-0.00276
-0.00276
-0.00237
-0.00237
-0.00296
-0.00257
-0.00276
-0.00296
-0.00315
-0.00237
-0.00237
-0.00296
-0.00257
-0.00257
-0.00257
-0.00257
-0.00257
-0.00257
-0.00257
-0.00276
-0.00296
-0.00276
-0.00218
-0.00218
-0.00257
-0.00257
-0.00218
-0.00257
-0.00276
-0.00237
-0.00237
-0.00276
-0.00296
-0.00276
-0.00276
-0.00296
-0.00257
-0.00276
-0.00257
-0.00335
-0.00335
-0.00354
-0.00315
-0.00296
-0.00335
-0.00335
-0.00335
-0.00315
-0.00315
-0.00335
-0.00315
-0.00296
-0.00237
-0.00276
-0.00315
-0.00296
-0.00315
-0.00315
-0.00276
-0.00276
-0.00257
-0.00276
-0.00296
-0.00296
-0.00276
-0.00335
-0.00276
-0.00315
-0.00315
-0.00335
-0.00335
-0.00296
-0.00315
-0.00315
-0.00296
-0.00276
-0.00296
-0.00276
-0.00315
-0.00374
-0.00315
-0.00315
-0.00335
-0.00296
-0.00296
-0.00276
-0.00257
-0.00276
-0.00276
-0.00296
-0.00296
-0.00296
-0.00315
-0.00296
-0.00315
-0.00374
-0.00354
-0.00354
-0.00374
-0.00335
-0.00315
-0.00354
-0.00315
-0.00335
-0.00315
-0.00315
-0.00335
-0.00354
-0.00315
-0.00335
-0.00354
-0.00354
-0.00393
-0.00354
-0.00315
-0.00296
-0.00257
-0.00276
-0.00237
-0.00276
-0.00276
-0.00237
-0.00257
-0.00237
-0.00237
-0.00218
-0.00276
-0.00257
-0.00257
-0.00276
-0.00237
-0.00218
-0.00218
-0.00257
-0.00296
-0.00276
-0.00354
-0.00296
-0.00296
-0.00276
-0.00296
-0.00276
-0.00315
-0.00296
-0.00315
-0.00276
-0.00354
-0.00315
-0.00374
-0.00315
-0.00315
-0.00315
-0.00335
-0.00315
-0.00257
-0.00237
-0.00276
-0.00218
-0.00257
-0.00276
-0.00315
-0.00276
-0.00257
-0.00237
-0.00237
-0.00179
-0.00237
-0.00237
-0.00237
-0.00198
-0.00198
-0.00179
-0.00198
-0.00198
-0.00218
-0.00198
-0.00198
-0.00218
-0.00218
-0.00237
-0.00237
-0.00237
-0.00237
-0.00237
-0.00237
-0.00257
-0.00237
-0.00276
-0.00315
-0.00257
-0.00296
-0.00257
-0.00276
-0.00296
-0.00276
-0.00315
-0.00315
-0.00296
-0.00335
-0.00315
-0.00374
-0.00354
-0.00354
-0.00354
-0.00374
-0.00315
-0.00354
-0.00315
-0.00335
-0.00354
-0.00374
-0.00374
-0.00335
-0.00335
-0.00335
-0.00354
-0.00315
-0.00354
-0.00335
-0.00354
-0.00354
-0.00315
-0.00296
-0.00257
-0.00296
-0.00296
-0.00257
-0.00276
-0.00296
-0.00276
-0.00276
-0.00237
-0.00237
-0.00257
-0.00198
-0.00257
-0.00218
-0.00179
-0.00237
-0.00218
-0.00237
-0.00218
-0.00198
-0.00237
-0.00218
-0.00257
-0.00218
-0.00237
-0.00257
-0.00218
-0.00218
