-1.813000508800E+00

-0.00237
-0.00218
-0.00218
-0.00218
-0.00179
-0.00198
-0.00218
-0.00218
-0.00179
-0.00237
-0.00179
-0.00218
-0.00198
-0.00198
-0.00218
-0.00198
-0.00179
-0.00159
-0.00218
-0.00159
-0.00257
-0.00237
-0.00218
-0.00237
-0.00237
-0.00218
-0.00257
-0.00237
-0.00218
-0.00237
-0.00218
-0.00237
-0.00257
-0.00198
-0.00237
-0.00179
-0.00218
-0.00179
-0.00237
-0.00159
-0.00218
-0.00218
-0.00237
-0.00218
-0.00198
-0.00198
-0.00257
-0.00237
-0.00218
-0.00179
-0.00198
-0.00237
-0.00257
-0.00237
-0.00237
-0.00237
-0.00276
-0.00257
-0.00276
-0.00315
-0.00315
-0.00296
-0.00296
-0.00237
-0.00296
-0.00296
-0.00315
-0.00257
-0.00257
-0.00296
-0.00257
-0.00315
-0.00296
-0.00296
-0.00296
-0.00296
-0.00257
-0.00296
-0.00315
-0.00257
-0.00315
-0.00237
-0.00237
-0.00218
-0.00218
-0.00257
-0.00276
-0.00257
-0.00198
-0.00218
-0.00218
-0.00237
-0.00179
-0.00218
-0.00218
-0.00198
-0.00237
-0.00257
-0.00218
-0.00218
-0.00296
-0.00276
-0.00257
-0.00237
-0.00276
-0.00257
-0.00296
-0.00257
-0.00257
-0.00218
-0.00237
-0.00237
-0.00257
-0.00315
-0.00315
-0.00315
-0.00315
-0.00296
-0.00315
-0.00296
-0.00335
-0.00315
-0.00335
-0.00296
-0.00257
-0.00335
-0.00315
-0.00354
-0.00315
-0.00296
-0.00276
-0.00257
-0.00257
-0.00296
-0.00276
-0.00257
-0.00257
-0.00237
-0.00276
-0.00237
-0.00276
-0.00237
-0.00276
-0.00257
-0.00237
-0.00237
-0.00218
-0.00237
-0.00257
-0.00257
-0.00257
-0.00218
-0.00218
-0.00237
-0.00276
-0.00276
-0.00276
-0.00296
-0.00315
-0.00257
-0.00276
-0.00257
-0.00257
-0.00257
-0.00296
-0.00257
-0.00237
-0.00237
-0.00276
-0.00276
-0.00296
-0.00257
-0.00296
-0.00257
-0.00276
-0.00218
-0.00237
-0.00198
-0.00237
-0.00237
-0.00237
-0.00237
-0.00237
-0.00237
-0.00179
-0.00081
-0.00042
0.00075
0.00212
0.00349
0.00505
0.00739
0.00935
0.01111
0.01306
0.0156
0.01696
0.01892
0.02068
0.02204
0.02361
0.02517
0.02614
0.02751
0.02829
0.02927
0.02986
0.03025
0.03064
0.03161
0.032
0.03259
0.03298
0.03318
0.03279
0.03376
0.03396
0.03435
0.03415
0.03513
0.03591
0.03689
0.03767
0.03864
0.03982
0.04118
0.04196
0.04333
0.04411
0.04568
0.04743
0.05036
0.05251
0.05544
0.05798
0.06032
0.06208
0.06462
0.06599
0.06775
0.07009
0.07146
0.07282
0.074
0.07497
0.07575
0.07634
0.07673
0.07693
0.07712
0.0779
0.07907
0.07888
0.07907
0.07868
0.07888
0.07907
0.07868
0.07829
0.0779
0.07732
0.07634
0.07614
0.07575
0.07556
0.07458
0.07361
0.07321
0.07263
0.07185
0.07107
0.07048
0.06989
0.0695
0.06853
0.06755
0.06657
0.06677
0.06579
0.0654
0.06404
0.06364
0.06228
0.06189
0.06111
0.06013
0.05896
0.05876
0.05818
0.05759
0.05681
0.05622
0.05505
0.05486
0.05329
0.05271
0.05232
0.05173
0.05114
0.05056
0.04997
0.04978
0.049
0.04802
0.04743
0.04685
0.04626
0.04626
0.04548
0.0447
0.04431
0.04353
0.04333
0.04255
0.04236
0.04157
0.04118
0.04079
0.03982
0.03962
0.03923
0.03864
0.03825
0.03767
0.03747
0.03708
0.0365
0.03669
0.03532
0.03493
0.03474
0.03415
0.03337
0.03318
0.03259
0.0322
0.03161
0.03142
0.03083
0.03083
0.03025
0.02966
0.02946
0.02907
0.0281
0.0281
0.0281
0.02751
0.02712
0.02712
0.02634
0.02634
0.02536
0.02536
0.02536
0.02458
0.02439
0.0238
0.0238
0.02302
0.02243
0.02204
0.02165
0.02185
0.02107
0.02087
0.02048
0.02009
0.02048
0.02009
0.02029
0.01989
0.01931
0.01872
0.01872
0.01872
0.01833
0.01833
0.01853
0.01775
0.01736
0.01755
0.01775
0.01696
0.01696
0.01657
0.01638
0.01638
0.0156
0.01579
0.01599
0.0154
0.0156
0.01521
0.01501
0.01521
0.01521
0.01501
0.01443
0.01443
0.01482
0.01423
0.01423
0.01364
0.01306
0.01325
0.01306
0.01286
0.01247
0.01247
0.01267
0.01267
0.01208
0.01208
0.01189
0.01189
0.0115
0.0115
0.01071
0.01091
0.01071
0.01091
0.00993
0.00993
0.00993
0.00993
0.00935
0.00935
0.00974
0.00954
0.00876
0.00915
0.00896
0.00896
0.00915
0.00896
0.00857
0.00857
0.00818
0.00818
0.00837
0.00818
0.00818
0.0072
0.00779
0.00759
0.00759
0.0072
0.007
0.00661
0.007
0.00681
0.00661
0.00642
0.00603
0.00622
0.00583
0.00603
0.00622
0.00603
0.00525
0.00525
0.00505
0.00525
0.00505
0.00505
0.00486
0.00525
0.00525
0.00525
0.00427
0.00486
0.00486
0.00505
0.00466
0.00486
0.00446
0.00427
0.00427
0.00427
0.00446
0.00427
0.00427
0.00407
0.00407
0.00427
0.00427
0.00407
0.00349
0.00349
0.00329
0.00368
0.00329
0.00349
0.00349
0.00349
0.00349
0.0031
0.0029
0.00349
0.00329
0.0029
0.0031
0.0029
0.00251
0.0029
0.00251
0.00251
0.00251
0.00232
0.00251
0.00193
0.00173
0.00154
0.00173
0.00193
0.00154
0.00114
0.00114
0.00134
0.00134
0.00114
0.00134
0.00134
0.00154
0.00134
0.00114
0.00154
0.00154
0.00134
0.00114
0.00154
0.00134
0.00134
0.00154
0.00114
0.00154
0.00114
0.00114
0.00056
0.00095
0.00056
0.00056
0.00114
0.00075
0.00075
0.00095
0.00095
0.00075
0.00095
0.00056
0.00095
0.00056
0.00114
0.00056
0.00075
0.00075
0.00056
0.00075
0.00036
0.00036
0.00056
0.00017
0.00056
0.00017
0.00036
0.00017
0.00017
0.00036
0.00036
-0.00022
-0.00022
-0.00042
-0.00022
-0.00022
-0.00042
-0.00022
-0.00022
-3e-05
0.00056
0.00017
-3e-05
0.00017
-3e-05
-0.00042
-0.00022
-3e-05
-0.00022
-0.00061
-0.00022
-0.00081
-0.00081
-0.00061
-0.00061
-0.00022
-0.00042
-0.00061
-0.00042
-0.001
-0.00061
-0.00042
-0.00042
-0.00042
-0.00061
-0.00022
-0.00061
-0.00061
-0.00061
-0.00022
-0.00042
-0.00061
-0.00042
-0.00081
-0.001
-0.0012
-0.00081
-0.001
-0.00081
-0.001
-0.0012
-0.001
-0.00081
-0.00139
-0.00061
-0.0012
-0.00081
-0.00081
-0.001
-0.001
-0.001
-0.00139
-0.0012
-0.001
-0.001
-0.0012
-0.001
-0.0012
-0.00061
-0.0012
-0.00139
-0.00139
-0.00198
-0.00218
-0.00159
-0.00218
-0.00179
-0.00179
-0.00179
-0.00179
-0.00179
-0.00218
-0.00179
-0.00179
-0.00179
-0.00218
-0.0012
-0.00139
-0.00081
-0.00139
-0.00159
-0.00179
-0.00139
-0.00179
-0.00159
-0.00139
-0.00139
-0.00198
-0.00218
-0.00218
-0.0012
-0.00198
-0.00179
-0.0012
-0.00159
-0.00139
-0.00159
-0.00179
-0.00179
-0.00218
-0.00179
-0.00179
-0.00198
-0.00179
-0.00179
-0.00159
-0.0012
-0.00159
-0.00139
-0.00179
-0.00159
-0.00159
-0.00159
-0.00159
-0.00159
-0.00179
-0.00179
-0.00179
-0.00198
-0.00139
-0.00198
-0.00159
-0.00139
-0.0012
-0.00198
-0.0012
-0.00159
-0.00159
-0.00139
-0.00139
-0.0012
-0.00159
-0.001
-0.00139
-0.0012
-0.00159
-0.00139
-0.00198
-0.00179
-0.00237
-0.00179
-0.00159
-0.00139
-0.00179
-0.00198
-0.00218
-0.00237
-0.00218
-0.00218
-0.00218
-0.00218
-0.00218
-0.00179
-0.00198
-0.00237
-0.00237
-0.00257
-0.00237
-0.00218
-0.00198
-0.00159
-0.00218
-0.00257
-0.00237
-0.00218
-0.00237
-0.00237
-0.00257
-0.00237
-0.00198
-0.00237
-0.00257
-0.00257
-0.00257
-0.00237
-0.00198
-0.00198
-0.00237
-0.00198
-0.00257
-0.00276
-0.00257
-0.00257
-0.00237
-0.00237
-0.00257
-0.00257
-0.00237
-0.00198
-0.00257
-0.00237
-0.00276
-0.00237
-0.00276
-0.00257
-0.00237
-0.00237
-0.00237
-0.00257
-0.00218
-0.00237
-0.00257
-0.00218
-0.00237
-0.00218
-0.00198
-0.00218
-0.00218
-0.00218
-0.00198
-0.00257
-0.00198
-0.00218
-0.00257
-0.00257
-0.00218
-0.00257
-0.00218
-0.00257
-0.00257
-0.00237
-0.00198
-0.00218
-0.00218
-0.00218
-0.00218
-0.00198
-0.00257
-0.00218
-0.00218
-0.00198
-0.00237
-0.00237
-0.00218
-0.00198
-0.00237
-0.00257
-0.00296
-0.00237
-0.00218
-0.00257
-0.00257
-0.00257
-0.00276
-0.00276
-0.00257
-0.00296
-0.00276
-0.00276
-0.00257
-0.00276
-0.00276
-0.00296
-0.00257
-0.00257
-0.00237
-0.00296
-0.00257
-0.00276
-0.00276
-0.00218
-0.00237
-0.00237
-0.00296
-0.00257
-0.00257
-0.00257
-0.00276
-0.00257
-0.00237
-0.00237
-0.00257
-0.00218
-0.00218
-0.00276
-0.00276
-0.00257
-0.00218
-0.00237
-0.00218
-0.00218
-0.00198
-0.00198
-0.00218
-0.00198
-0.00179
-0.00237
-0.00218
-0.00179
-0.00198
-0.00159
-0.00159
-0.00218
-0.00198
-0.00198
-0.00198
-0.00159
-0.00198
-0.00159
-0.00179
-0.00179
-0.00218
-0.00159
-0.00218
-0.00198
-0.00218
-0.00198
-0.00179
-0.00179
-0.00198
-0.00198
-0.00257
-0.00218
-0.00218
-0.00276
-0.00257
-0.00237
-0.00237
-0.00257
-0.00276
-0.00237
-0.00276
-0.00257
-0.00237
-0.00276
-0.00276
-0.00237
-0.00276
-0.00237
-0.00257
-0.00237
-0.00257
-0.00276
-0.00237
-0.00257
-0.00296
-0.00276
-0.00296
-0.00276
-0.00315
-0.00296
-0.00296
-0.00315
-0.00296
-0.00276
-0.00276
-0.00276
-0.00296
-0.00257
-0.00296
-0.00296
-0.00315
-0.00296
-0.00257
-0.00315
-0.00276
-0.00335
-0.00296
-0.00315
-0.00276
-0.00276
-0.00237
-0.00237
-0.00237
-0.00257
-0.00296
-0.00296
-0.00276
-0.00276
-0.00315
-0.00296
-0.00257
-0.00257
-0.00257
-0.00276
-0.00237
-0.00257
-0.00218
-0.00237
-0.00237
-0.00237
-0.00237
-0.00257
-0.00218
-0.00237
-0.00218
-0.00179
-0.00198
-0.00218
-0.00198
-0.00237
-0.00218
-0.00218
-0.00218
-0.00218
-0.00237
-0.00218
-0.00237
-0.00237
-0.00237
-0.00276
-0.00237
-0.00237
-0.00237
-0.00198
-0.00276
-0.00237
-0.00257
-0.00237
-0.00257
-0.00237
-0.00276
-0.00257
-0.00237
-0.00237
-0.00237
-0.00237
-0.00257
-0.00296
-0.00335
-0.00335
-0.00335
-0.00276
-0.00296
-0.00296
-0.00296
-0.00257
-0.00296
-0.00296
-0.00276
-0.00276
-0.00296
-0.00276
-0.00276
-0.00276
-0.00296
-0.00257
-0.00218
-0.00237
-0.00198
-0.00257
-0.00257
-0.00218
-0.00257
-0.00257
-0.00276
-0.00257
-0.00257
-0.00257
-0.00257
-0.00237
-0.00218
-0.00237
-0.00276
-0.00257
-0.00257
-0.00237
-0.00257
-0.00237
-0.00276
-0.00257
-0.00257
-0.00237
-0.00218
-0.00237
-0.00257
-0.00296
-0.00276
-0.00296
-0.00237
-0.00257
-0.00218
-0.00276
-0.00237
-0.00296
-0.00315
-0.00315
-0.00257
-0.00237
-0.00237
-0.00218
-0.00276
-0.00257
-0.00257
-0.00296
-0.00296
-0.00296
-0.00296
-0.00257
-0.00315
-0.00276
-0.00296
-0.00257
-0.00296
-0.00296
-0.00296
-0.00237
-0.00257
-0.00237
-0.00296
-0.00296
-0.00296
-0.00237
-0.00296
-0.00237
-0.00276
-0.00257
-0.00237
-0.00218
-0.00257
-0.00276
-0.00276
-0.00257
-0.00257
-0.00257
-0.00237
-0.00296
-0.00257
-0.00218
-0.00296
-0.00296
-0.00276
-0.00257
-0.00257
-0.00296
-0.00257
-0.00218
-0.00276
-0.00296
-0.00276
-0.00257
-0.00296
-0.00296
-0.00276
-0.00315
-0.00315
-0.00276
-0.00276
-0.00276
-0.00315
-0.00315
-0.00315
-0.00257
-0.00296
-0.00237
-0.00237
-0.00276
-0.00237
-0.00257
-0.00276
-0.00276
-0.00296
-0.00276
-0.00237
-0.00257
-0.00296
-0.00257
-0.00296
-0.00276
-0.00296
-0.00315
-0.00315
-0.00335
-0.00315
-0.00276
-0.00276
-0.00335
-0.00335
-0.00315
-0.00315
-0.00276
-0.00315
-0.00335
-0.00315
-0.00276
-0.00335
-0.00296
-0.00315
-0.00296
-0.00335
-0.00315
-0.00276
-0.00335
-0.00315
-0.00315
-0.00335
-0.00296
-0.00315
-0.00315
-0.00296
-0.00257
-0.00257
-0.00257
-0.00237
-0.00237
-0.00257
-0.00257
-0.00237
-0.00257
-0.00198
-0.00218
-0.00198
-0.00237
-0.00198
-0.00198
-0.00159
-0.00198
-0.00218
-0.00179
-0.00198
-0.00237
-0.00237
-0.00237
-0.00257
-0.00237
-0.00257
-0.00218
-0.00257
-0.00198
-0.00237
-0.00237
