-6.990001952000E-01

-0.00218
-0.00159
-0.00159
-0.00198
-0.00198
-0.00237
-0.00179
-0.00218
-0.00218
-0.00218
-0.00179
-0.00237
-0.00179
-0.00218
-0.00198
-0.00218
-0.00218
-0.00237
-0.00198
-0.00179
-0.00198
-0.00198
-0.00237
-0.00218
-0.00198
-0.00257
-0.00218
-0.00237
-0.00218
-0.00218
-0.00198
-0.00257
-0.00218
-0.00257
-0.00218
-0.00237
-0.00237
-0.00218
-0.00198
-0.00237
-0.00237
-0.00218
-0.00257
-0.00218
-0.00198
-0.00218
-0.00257
-0.00218
-0.00237
-0.00179
-0.00179
-0.00198
-0.00198
-0.00198
-0.00218
-0.00218
-0.00179
-0.00198
-0.00179
-0.00198
-0.00198
-0.00257
-0.00257
-0.00237
-0.00257
-0.00257
-0.00257
-0.00296
-0.00296
-0.00296
-0.00296
-0.00335
-0.00257
-0.00296
-0.00257
-0.00237
-0.00257
-0.00257
-0.00257
-0.00296
-0.00276
-0.00276
-0.00237
-0.00296
-0.00276
-0.00276
-0.00237
-0.00237
-0.00257
-0.00276
-0.00296
-0.00257
-0.00296
-0.00237
-0.00237
-0.00237
-0.00218
-0.00237
-0.00237
-0.00198
-0.00218
-0.00159
-0.00237
-0.00198
-0.00159
-0.00179
-0.00198
-0.00179
-0.00159
-0.00198
-0.00179
-0.00159
-0.00198
-0.00198
-0.00198
-0.00198
-0.00198
-0.00198
-0.00179
-0.00237
-0.0012
-0.00218
-0.00218
-0.00198
-0.00179
-0.00159
-0.00237
-0.00198
-0.00218
-0.00237
-0.00159
-0.00198
-0.00237
-0.00237
-0.00218
-0.00237
-0.00237
-0.00198
-0.00237
-0.00237
-0.00276
-0.00218
-0.00179
-0.00237
-0.00257
-0.00198
-0.00179
-0.00218
-0.00257
-0.00276
-0.00179
-0.00237
-0.00179
-0.00218
-0.00179
-0.00179
-0.00159
-0.00159
-0.00179
-0.00198
-0.00159
-0.00159
-0.00218
-0.00159
-0.00198
-0.00218
-0.00237
-0.00257
-0.00218
-0.00179
-0.00218
-0.00237
-0.00276
-0.00179
-0.00237
-0.00237
-0.00237
-0.00276
-0.00257
-0.00296
-0.00276
-0.00257
-0.00237
-0.00237
-0.00218
-0.00296
-0.00237
-0.00315
-0.00276
-0.00218
-0.00257
-0.00257
-0.00257
-0.00218
-0.00237
-0.00237
-0.00257
-0.00257
-0.00237
-0.00218
-0.00179
-0.00218
-0.00257
-0.00218
-0.00218
-0.00198
-0.00218
-0.00218
-0.00179
-0.00198
-0.00218
-0.00198
-0.00198
-0.00198
-0.00159
-0.001
0.00095
0.00388
0.00779
0.01247
0.01638
0.02068
0.02536
0.02966
0.03396
0.03767
0.04138
0.04489
0.04782
0.05075
0.05271
0.05525
0.05739
0.05896
0.06071
0.06247
0.06384
0.06501
0.06638
0.06716
0.06833
0.06872
0.06911
0.06931
0.0697
0.07048
0.07068
0.07087
0.07068
0.07029
0.07009
0.07048
0.06989
0.0697
0.06931
0.06892
0.06814
0.06853
0.06755
0.06716
0.06618
0.0656
0.06482
0.06482
0.06384
0.06325
0.06267
0.06228
0.0615
0.06052
0.05993
0.05915
0.05857
0.05798
0.05681
0.05622
0.05564
0.05486
0.05466
0.05388
0.05329
0.05232
0.05212
0.05114
0.05075
0.05017
0.04978
0.04861
0.04821
0.04743
0.04724
0.04704
0.04607
0.04509
0.0447
0.04392
0.04392
0.04372
0.04255
0.04236
0.04177
0.04118
0.0404
0.04001
0.03923
0.03923
0.03845
0.03845
0.03708
0.03708
0.0365
0.03611
0.03611
0.03532
0.03493
0.03376
0.03396
0.03396
0.03318
0.03298
0.03298
0.03239
0.03181
0.03122
0.03083
0.03005
0.02986
0.02946
0.02946
0.02849
0.0281
0.0281
0.0279
0.0279
0.02712
0.02712
0.02673
0.02595
0.02634
0.02536
0.02497
0.02478
0.02458
0.02419
0.02419
0.0238
0.02282
0.02282
0.02282
0.02243
0.02263
0.02185
0.02185
0.02087
0.02087
0.02087
0.02009
0.0197
0.0195
0.0195
0.01931
0.01872
0.01872
0.01872
0.01853
0.01833
0.01775
0.01736
0.01696
0.01716
0.01736
0.01677
0.01657
0.01618
0.0156
0.0156
0.01599
0.0154
0.01501
0.01521
0.01521
0.01501
0.01482
0.01443
0.01443
0.01443
0.01423
0.01364
0.01345
0.01384
0.01345
0.01345
0.01345
0.01325
0.01267
0.01286
0.01286
0.01286
0.01267
0.01247
0.01228
0.01189
0.01169
0.0115
0.01111
0.01091
0.01071
0.01052
0.01091
0.01071
0.01052
0.00993
0.01013
0.00974
0.00993
0.00974
0.00915
0.00896
0.00915
0.00876
0.00876
0.00857
0.00818
0.00798
0.00818
0.00759
0.0072
0.00739
0.00739
0.00759
0.00759
0.00759
0.0072
0.00661
0.007
0.0072
0.007
0.00681
0.007
0.00661
0.00681
0.00681
0.007
0.00681
0.00642
0.00642
0.00622
0.00642
0.00583
0.00642
0.00583
0.00622
0.00603
0.00583
0.00544
0.00525
0.00544
0.00525
0.00525
0.00505
0.00525
0.00486
0.00466
0.00446
0.00466
0.00466
0.00505
0.00466
0.00427
0.00427
0.00427
0.00388
0.00427
0.00349
0.00388
0.00349
0.00349
0.00368
0.00329
0.00251
0.00271
0.0031
0.0029
0.0029
0.00251
0.0029
0.00251
0.00251
0.0029
0.00251
0.00271
0.00251
0.00251
0.00212
0.00212
0.00212
0.00232
0.00251
0.00212
0.00232
0.00251
0.00193
0.00173
0.00193
0.00212
0.00173
0.00193
0.00212
0.00212
0.00154
0.00212
0.00173
0.00193
0.00173
0.00173
0.00154
0.00173
0.00212
0.00173
0.00134
0.00193
0.00134
0.00154
0.00114
0.00134
0.00075
0.00114
0.00075
0.00095
0.00056
0.00075
0.00075
0.00095
0.00095
0.00036
0.00036
0.00056
0.00017
0.00036
0.00036
0.00017
0.00056
0.00075
0.00036
0.00075
0.00075
0.00134
0.00075
0.00056
0.00056
0.00056
0.00095
0.00134
0.00056
0.00036
0.00017
0.00036
0.00036
0.00036
0.00017
-3e-05
0.00036
0.00017
-0.00042
-0.00042
-3e-05
-0.00022
-3e-05
0.00036
-3e-05
-0.00022
-0.00061
-0.00042
-0.00022
-0.00061
-0.00022
-0.00061
-0.00061
-0.00042
-0.00022
-0.00061
-0.00061
-0.001
-0.001
-0.00061
-0.001
-0.00139
-0.00081
-0.001
-0.00139
-0.00081
-0.001
-0.001
-0.001
-0.00061
-0.00042
-0.00042
-0.00022
-0.00042
-0.00081
-0.00022
-0.00022
-0.00042
-0.00022
-0.00042
-0.00061
-0.00022
-0.00042
-0.00081
-3e-05
-0.00042
-0.00042
-3e-05
-0.00022
-0.00022
-0.00042
-0.00042
-0.00042
-0.00061
-0.001
-0.00081
-0.00042
-0.00042
-0.00042
-0.0012
-0.001
-0.00061
-0.001
-0.001
-0.00061
-0.00081
-0.00081
-0.00042
-0.00081
-0.0012
-0.00139
-0.0012
-0.00139
-0.00139
-0.00159
-0.0012
-0.0012
-0.00139
-0.00159
-0.00139
-0.00179
-0.00139
-0.00179
-0.0012
-0.00179
-0.00081
-0.001
-0.00081
-0.00139
-0.00081
-0.001
-0.0012
-0.00139
-0.00061
-0.001
-0.001
-0.00139
-0.00139
-0.0012
-0.0012
-0.00139
-0.00159
-0.00139
-0.001
-0.0012
-0.00159
-0.00159
-0.00179
-0.00139
-0.00139
-0.0012
-0.00139
-0.00139
-0.0012
-0.0012
-0.0012
-0.00139
-0.00159
-0.00139
-0.00159
-0.001
-0.0012
-0.0012
-0.00179
-0.00179
-0.00139
-0.00218
-0.00218
-0.00237
-0.00237
-0.00179
-0.00159
-0.00237
-0.00198
-0.00218
-0.00179
-0.00198
-0.00159
-0.00218
-0.00159
-0.00179
-0.00198
-0.00139
-0.00198
-0.00179
-0.00139
-0.00159
-0.0012
-0.00179
-0.00237
-0.00198
-0.00198
-0.00179
-0.00198
-0.00218
-0.00198
-0.00198
-0.00218
-0.00179
-0.00159
-0.00179
-0.00179
-0.00218
-0.00198
-0.00218
-0.00218
-0.00198
-0.00218
-0.00139
-0.00218
-0.00139
-0.00237
-0.00218
-0.00198
-0.00218
-0.00218
-0.00257
-0.00198
-0.00237
-0.00198
-0.00218
-0.00257
-0.00237
-0.00257
-0.00276
-0.00335
-0.00218
-0.00218
-0.00218
-0.00159
-0.00237
-0.00218
-0.00179
-0.00179
-0.00139
-0.00179
-0.00179
-0.00159
-0.00179
-0.00159
-0.00179
-0.00139
-0.00159
-0.00159
-0.00139
-0.00159
-0.00179
-0.00159
-0.00159
-0.00179
-0.00159
-0.0012
-0.00159
-0.00159
-0.001
-0.00159
-0.00159
-0.00139
-0.001
-0.00139
-0.0012
-0.00139
-0.00179
-0.00179
-0.00159
-0.00159
-0.00218
-0.00218
-0.00257
-0.00198
-0.00257
-0.00179
-0.00218
-0.00237
-0.00237
-0.00198
-0.00218
-0.00237
-0.00218
-0.00198
-0.00159
-0.00218
-0.00218
-0.00198
-0.00179
-0.00218
-0.00237
-0.00198
-0.00179
-0.00198
-0.00179
-0.00198
-0.00198
-0.00159
-0.00237
-0.00198
-0.00237
-0.00237
-0.00198
-0.00159
-0.00218
-0.00179
-0.00198
-0.00159
-0.00179
-0.00179
-0.00179
-0.00179
-0.00198
-0.00179
-0.00179
-0.00139
-0.00179
-0.00139
-0.00198
-0.00139
-0.00218
-0.00179
-0.00198
-0.00179
-0.00198
-0.00237
-0.00198
-0.00218
-0.00237
-0.00218
-0.00237
-0.00296
-0.00276
-0.00276
-0.00257
-0.00237
-0.00276
-0.00218
-0.00276
-0.00218
-0.00237
-0.00257
-0.00218
-0.00218
-0.00237
-0.00179
-0.00237
-0.00257
-0.00237
-0.00257
-0.00257
-0.00198
-0.00237
-0.00198
-0.00237
-0.00218
-0.00237
-0.00257
-0.00257
-0.00237
-0.00237
-0.00237
-0.00198
-0.00198
-0.00218
-0.00257
-0.00218
-0.00198
-0.00218
-0.00237
-0.00218
-0.00218
-0.00237
-0.00257
-0.00257
-0.00257
-0.00257
-0.00218
-0.00257
-0.00276
-0.00237
-0.00257
-0.00276
-0.00218
-0.00276
-0.00296
-0.00296
-0.00276
-0.00276
-0.00276
-0.00276
-0.00237
-0.00218
-0.00198
-0.00237
-0.00237
-0.00198
-0.00179
-0.00218
-0.00218
-0.00198
-0.00159
-0.00179
-0.00198
-0.00179
-0.00198
-0.00159
-0.00198
-0.00198
-0.00159
-0.00218
-0.00218
-0.00179
-0.00159
-0.00198
-0.00179
-0.00179
-0.00198
-0.00237
-0.00198
-0.00198
-0.00218
-0.00218
-0.00198
-0.00218
-0.00198
-0.00198
-0.00198
-0.00257
-0.00198
-0.00237
-0.00198
-0.00237
-0.00276
-0.00296
-0.00237
-0.00257
-0.00237
-0.00276
-0.00315
-0.00315
-0.00237
-0.00296
-0.00276
-0.00296
-0.00257
-0.00237
-0.00257
-0.00237
-0.00237
-0.00257
-0.00276
-0.00257
-0.00257
-0.00237
-0.00276
-0.00237
-0.00257
-0.00218
-0.00218
-0.00198
-0.00159
-0.00218
-0.00198
-0.00237
-0.00257
-0.00237
-0.00218
-0.00218
-0.00237
-0.00218
-0.00179
-0.00198
-0.00198
-0.00218
-0.00179
-0.00198
-0.00218
-0.00257
-0.00198
-0.00257
-0.00218
-0.00218
-0.00237
-0.00179
-0.00237
-0.00276
-0.00257
-0.00257
-0.00276
-0.00257
-0.00237
-0.00237
-0.00237
-0.00276
-0.00198
-0.00257
-0.00257
-0.00237
-0.00276
-0.00237
-0.00257
-0.00296
-0.00257
-0.00296
-0.00218
-0.00237
-0.00257
-0.00198
-0.00237
-0.00218
-0.00218
-0.00237
-0.00257
-0.00237
-0.00237
-0.00257
-0.00257
-0.00296
-0.00257
-0.00257
-0.00237
-0.00237
-0.00296
-0.00276
-0.00237
-0.00237
-0.00218
-0.00237
-0.00237
-0.00257
-0.00237
-0.00257
-0.00237
-0.00257
-0.00276
-0.00276
-0.00257
-0.00237
-0.00237
-0.00276
-0.00237
-0.00257
-0.00237
-0.00218
-0.00198
-0.00218
-0.00218
-0.00237
-0.00237
-0.00237
-0.00198
-0.00198
-0.00218
-0.00198
-0.00179
-0.00159
-0.0012
-0.0012
-0.0012
-0.00198
-0.00237
-0.00237
-0.00179
-0.00179
-0.00198
-0.00218
-0.00218
-0.00218
-0.00179
-0.00179
-0.00198
-0.00179
-0.00237
-0.00218
-0.00218
-0.00218
-0.00237
-0.00237
-0.00179
-0.00198
-0.00198
-0.00237
-0.00257
-0.00257
-0.00257
-0.00315
-0.00257
-0.00276
-0.00237
-0.00276
-0.00237
-0.00257
-0.00218
-0.00237
-0.00198
-0.00198
-0.00257
-0.00276
-0.00257
-0.00257
-0.00237
-0.00237
-0.00257
-0.00257
-0.00218
-0.00198
-0.00159
-0.00179
-0.00179
-0.00179
-0.00218
-0.00237
-0.00276
-0.00218
-0.00276
-0.00257
-0.00257
-0.00257
-0.00198
-0.00257
-0.00218
-0.00237
-0.00198
-0.00179
-0.00237
-0.00198
-0.00198
-0.00218
-0.00218
-0.00218
-0.00237
-0.00198
-0.00237
-0.00237
-0.00179
-0.00218
-0.00218
-0.00218
-0.00257
-0.00257
-0.00237
-0.00296
-0.00276
-0.00218
-0.00257
-0.00218
-0.00218
-0.00237
-0.00237
-0.00237
-0.00198
-0.00257
-0.00237
-0.00237
-0.00237
-0.00218
-0.00237
-0.00237
-0.00218
-0.00198
-0.00237
-0.00257
-0.00237
-0.00218
-0.00218
-0.00257
-0.00276
-0.00237
-0.00198
-0.00237
-0.00257
-0.00218
-0.00257
-0.00237
-0.00296
-0.00257
-0.00257
-0.00257
