-1.608000451200E+00

-0.00315
-0.00315
-0.00276
-0.00354
-0.00296
-0.00276
-0.00296
-0.00315
-0.00276
-0.00296
-0.00296
-0.00296
-0.00315
-0.00296
-0.00276
-0.00257
-0.00276
-0.00296
-0.00257
-0.00296
-0.00276
-0.00237
-0.00237
-0.00237
-0.00237
-0.00218
-0.00257
-0.00276
-0.00237
-0.00218
-0.00257
-0.00237
-0.00296
-0.00218
-0.00296
-0.00237
-0.00276
-0.00296
-0.00296
-0.00315
-0.00276
-0.00276
-0.00276
-0.00296
-0.00296
-0.00315
-0.00276
-0.00276
-0.00296
-0.00276
-0.00218
-0.00257
-0.00276
-0.00237
-0.00257
-0.00296
-0.00276
-0.00315
-0.00276
-0.00315
-0.00276
-0.00315
-0.00276
-0.00276
-0.00335
-0.00276
-0.00257
-0.00296
-0.00296
-0.00315
-0.00296
-0.00237
-0.00354
-0.00296
-0.00257
-0.00257
-0.00315
-0.00315
-0.00335
-0.00296
-0.00315
-0.00257
-0.00296
-0.00315
-0.00296
-0.00315
-0.00296
-0.00296
-0.00315
-0.00354
-0.00335
-0.00335
-0.00296
-0.00315
-0.00276
-0.00276
-0.00296
-0.00296
-0.00315
-0.00296
-0.00276
-0.00315
-0.00335
-0.00315
-0.00374
-0.00296
-0.00296
-0.00276
-0.00296
-0.00335
-0.00315
-0.00315
-0.00335
-0.00315
-0.00296
-0.00257
-0.00276
-0.00296
-0.00276
-0.00296
-0.00296
-0.00296
-0.00276
-0.00276
-0.00276
-0.00276
-0.00257
-0.00315
-0.00296
-0.00296
-0.00257
-0.00296
-0.00276
-0.00257
-0.00276
-0.00257
-0.00296
-0.00276
-0.00218
-0.00237
-0.00237
-0.00237
-0.00315
-0.00237
-0.00237
-0.00237
-0.00237
-0.00257
-0.00237
-0.00218
-0.00198
-0.00218
-0.00218
-0.00257
-0.00237
-0.00237
-0.00218
-0.00257
-0.00218
-0.00257
-0.00276
-0.00257
-0.00218
-0.00237
-0.00257
-0.00276
-0.00276
-0.00276
-0.00237
-0.00237
-0.00218
-0.00276
-0.00315
-0.00276
-0.00218
-0.00218
-0.00257
-0.00257
-0.00257
-0.00257
-0.00276
-0.00218
-0.00257
-0.00276
-0.00315
-0.00296
-0.00257
-0.00276
-0.00296
-0.00315
-0.00335
-0.00315
-0.00315
-0.00315
-0.00218
-0.0012
-0.00022
0.00134
0.00232
0.00349
0.00466
0.00603
0.00661
0.00759
0.00818
0.00915
0.00954
0.01111
0.01247
0.01404
0.01579
0.01736
0.01911
0.02029
0.02243
0.02478
0.02654
0.02927
0.03142
0.03396
0.03571
0.03708
0.03923
0.04118
0.04236
0.04411
0.04548
0.04724
0.04919
0.05134
0.0529
0.05446
0.05642
0.05779
0.06013
0.06169
0.06384
0.06638
0.06892
0.07068
0.07224
0.074
0.07517
0.07654
0.07712
0.0781
0.07927
0.07907
0.08005
0.08044
0.08103
0.08142
0.08161
0.08161
0.08181
0.082
0.08181
0.08122
0.08161
0.08239
0.08357
0.08396
0.08415
0.08532
0.08591
0.08669
0.08728
0.08708
0.08689
0.08728
0.08689
0.08728
0.08747
0.08689
0.08689
0.08669
0.0863
0.08611
0.08571
0.08493
0.08435
0.08435
0.08337
0.08298
0.0822
0.08122
0.08064
0.08005
0.07907
0.07868
0.07771
0.07654
0.07595
0.07595
0.07419
0.07361
0.07282
0.07224
0.07126
0.07009
0.0697
0.06892
0.06814
0.06775
0.06638
0.0654
0.06462
0.06404
0.06345
0.06286
0.06228
0.0615
0.06032
0.05954
0.05876
0.05857
0.05759
0.05681
0.05583
0.05544
0.05486
0.05407
0.05349
0.05251
0.05193
0.05154
0.05075
0.04958
0.04919
0.04958
0.04841
0.04782
0.04724
0.04665
0.04646
0.04607
0.04509
0.0447
0.04392
0.04353
0.04275
0.04216
0.04138
0.04138
0.0406
0.0404
0.03982
0.03904
0.03845
0.03825
0.03767
0.03708
0.03669
0.0363
0.03552
0.03552
0.03513
0.03513
0.03415
0.03357
0.03239
0.03259
0.03181
0.03181
0.03103
0.03122
0.03083
0.03025
0.02966
0.02927
0.02927
0.02849
0.02849
0.02771
0.0279
0.02693
0.02673
0.02693
0.02595
0.02654
0.02536
0.02595
0.02497
0.02536
0.02517
0.02478
0.02419
0.024
0.02361
0.02361
0.02302
0.02243
0.02204
0.02204
0.02126
0.02146
0.02068
0.02126
0.02048
0.02029
0.02009
0.0197
0.01931
0.01911
0.01931
0.01892
0.01833
0.01872
0.01794
0.01775
0.01755
0.01696
0.01696
0.01677
0.01696
0.01677
0.01638
0.01618
0.0154
0.0154
0.01521
0.01521
0.01462
0.01521
0.01443
0.01443
0.01443
0.01423
0.01384
0.01404
0.01384
0.01384
0.01384
0.01364
0.01364
0.01306
0.01306
0.01306
0.01247
0.01267
0.01228
0.01208
0.01169
0.0115
0.01111
0.01091
0.01071
0.01032
0.01013
0.00993
0.00974
0.00974
0.00935
0.00915
0.00876
0.00857
0.00837
0.00857
0.00837
0.00779
0.00857
0.00798
0.00798
0.00798
0.00739
0.00759
0.00759
0.0072
0.007
0.00681
0.00661
0.00642
0.00622
0.00583
0.00661
0.00642
0.00603
0.00583
0.00603
0.00564
0.00583
0.00525
0.00583
0.00544
0.00564
0.00603
0.00583
0.00603
0.00583
0.00544
0.00583
0.00544
0.00564
0.00544
0.00505
0.00583
0.00544
0.00525
0.00505
0.00466
0.00466
0.00446
0.00427
0.00407
0.00407
0.00407
0.00427
0.00349
0.00388
0.00407
0.00388
0.00368
0.0031
0.00349
0.00349
0.0031
0.00329
0.00368
0.0029
0.00271
0.00212
0.00251
0.00193
0.00251
0.00212
0.00271
0.00232
0.00232
0.00193
0.00173
0.00193
0.00154
0.00212
0.00173
0.00154
0.00173
0.00134
0.00154
0.00134
0.00193
0.00134
0.00134
0.00154
0.00134
0.00154
0.00134
0.00154
0.00154
0.00173
0.00173
0.00173
0.00154
0.00114
0.00154
0.00154
0.00134
0.00075
0.00154
0.00154
0.00134
0.00056
0.00114
0.00154
0.00173
0.00154
0.00193
0.00134
0.00095
0.00095
0.00134
0.00095
0.00075
0.00075
0.00075
0.00075
0.00056
0.00095
0.00036
0.00036
-3e-05
0.00056
0.00056
0.00036
0.00017
0.00017
-3e-05
0.00017
-0.00022
-3e-05
-0.00022
-0.00022
-3e-05
0.00017
0.00017
0.00017
-0.00042
-0.00042
-3e-05
-0.00022
-0.00022
-0.00081
-0.00042
-0.00042
-0.0012
-0.001
-0.00081
-0.00042
-0.00081
-0.00061
-0.00081
-0.00061
-0.0012
-0.00081
-0.00061
-0.001
-0.00081
-0.001
-0.00061
-0.00061
-0.00081
-0.0012
-0.00081
-0.00081
-0.00081
-0.0012
-0.0012
-0.0012
-0.00081
-0.0012
-0.00139
-0.00139
-0.00159
-0.00139
-0.0012
-0.00139
-0.00159
-0.0012
-0.00081
-0.00081
-0.0012
-0.0012
-0.0012
-0.001
-0.001
-0.00159
-0.001
-0.00081
-0.00081
-0.00061
-0.0012
-0.00139
-0.00159
-0.00139
-0.0012
-0.0012
-0.00159
-0.00159
-0.00159
-0.00198
-0.00198
-0.00159
-0.00159
-0.00179
-0.00159
-0.00179
-0.00218
-0.00198
-0.00198
-0.00218
-0.00218
-0.00218
-0.00237
-0.00218
-0.00198
-0.00198
-0.00198
-0.00257
-0.00237
-0.00237
-0.00179
-0.00179
-0.00198
-0.00139
-0.00179
-0.00237
-0.00257
-0.00198
-0.00198
-0.00218
-0.00218
-0.00218
-0.00179
-0.00159
-0.00139
-0.00159
-0.00179
-0.00159
-0.00179
-0.00159
-0.00198
-0.00179
-0.00198
-0.00179
-0.00179
-0.00237
-0.00218
-0.00237
-0.00198
-0.00179
-0.00159
-0.00179
-0.00179
-0.00237
-0.00218
-0.00237
-0.00257
-0.00218
-0.00198
-0.00257
-0.00198
-0.00276
-0.00237
-0.00257
-0.00276
-0.00218
-0.00237
-0.00296
-0.00276
-0.00315
-0.00315
-0.00276
-0.00257
-0.00276
-0.00296
-0.00296
-0.00257
-0.00354
-0.00354
-0.00296
-0.00276
-0.00276
-0.00257
-0.00257
-0.00257
-0.00296
-0.00218
-0.00218
-0.00198
-0.00257
-0.00257
-0.00257
-0.00218
-0.00276
-0.00257
-0.00237
-0.00257
-0.00257
-0.00237
-0.00257
-0.00237
-0.00218
-0.00237
-0.00218
-0.00237
-0.00257
-0.00237
-0.00276
-0.00296
-0.00276
-0.00257
-0.00237
-0.00218
-0.00276
-0.00237
-0.00276
-0.00296
-0.00257
-0.00276
-0.00276
-0.00296
-0.00276
-0.00257
-0.00276
-0.00237
-0.00276
-0.00296
-0.00276
-0.00276
-0.00296
-0.00296
-0.00257
-0.00257
-0.00335
-0.00276
-0.00276
-0.00315
-0.00276
-0.00257
-0.00276
-0.00296
-0.00296
-0.00296
-0.00296
-0.00257
-0.00276
-0.00276
-0.00296
-0.00315
-0.00315
-0.00276
-0.00276
-0.00276
-0.00296
-0.00257
-0.00276
-0.00276
-0.00276
-0.00237
-0.00237
-0.00257
-0.00276
-0.00237
-0.00257
-0.00257
-0.00276
-0.00276
-0.00237
-0.00276
-0.00218
-0.00276
-0.00257
-0.00296
-0.00315
-0.00257
-0.00276
-0.00296
-0.00315
-0.00257
-0.00315
-0.00276
-0.00276
-0.00276
-0.00276
-0.00296
-0.00296
-0.00315
-0.00296
-0.00296
-0.00335
-0.00315
-0.00315
-0.00276
-0.00335
-0.00296
-0.00335
-0.00315
-0.00315
-0.00296
-0.00335
-0.00315
-0.00296
-0.00296
-0.00315
-0.00315
-0.00335
-0.00315
-0.00296
-0.00335
-0.00374
-0.00315
-0.00276
-0.00276
-0.00276
-0.00296
-0.00296
-0.00276
-0.00315
-0.00257
-0.00237
-0.00257
-0.00218
-0.00257
-0.00296
-0.00276
-0.00315
-0.00257
-0.00218
-0.00296
-0.00354
-0.00296
-0.00276
-0.00335
-0.00296
-0.00296
-0.00296
-0.00257
-0.00257
-0.00257
-0.00296
-0.00237
-0.00257
-0.00257
-0.00257
-0.00218
-0.00237
-0.00257
-0.00276
-0.00257
-0.00257
-0.00296
-0.00257
-0.00257
-0.00276
-0.00276
-0.00257
-0.00237
-0.00276
-0.00276
-0.00315
-0.00276
-0.00296
-0.00276
-0.00276
-0.00296
-0.00354
-0.00354
-0.00315
-0.00335
-0.00315
-0.00315
-0.00315
-0.00354
-0.00354
-0.00354
-0.00335
-0.00335
-0.00354
-0.00354
-0.00354
-0.00354
-0.00374
-0.00374
-0.00354
-0.00374
-0.00354
-0.00354
-0.00315
-0.00276
-0.00335
-0.00315
-0.00354
-0.00296
-0.00335
-0.00296
-0.00276
-0.00257
-0.00237
-0.00276
-0.00257
-0.00257
-0.00237
-0.00296
-0.00296
-0.00276
-0.00257
-0.00296
-0.00296
-0.00257
-0.00296
-0.00315
-0.00315
-0.00335
-0.00276
-0.00296
-0.00315
-0.00276
-0.00296
-0.00315
-0.00276
-0.00257
-0.00296
-0.00276
-0.00296
-0.00296
-0.00374
-0.00354
-0.00354
-0.00354
-0.00354
-0.00393
-0.00374
-0.00335
-0.00432
-0.00413
-0.00374
-0.00335
-0.00354
-0.00315
-0.00296
-0.00296
-0.00335
-0.00374
-0.00335
-0.00296
-0.00296
-0.00296
-0.00315
-0.00276
-0.00315
-0.00296
-0.00296
-0.00257
-0.00296
-0.00335
-0.00335
-0.00296
-0.00296
-0.00315
-0.00276
-0.00315
-0.00335
-0.00296
-0.00296
-0.00276
-0.00276
-0.00276
-0.00276
-0.00237
-0.00276
-0.00257
-0.00276
-0.00257
-0.00257
-0.00237
-0.00237
-0.00257
-0.00296
-0.00257
-0.00315
-0.00276
-0.00276
-0.00315
-0.00296
-0.00315
-0.00315
-0.00335
-0.00315
-0.00354
-0.00354
-0.00276
-0.00315
-0.00315
-0.00315
-0.00315
-0.00315
-0.00335
-0.00374
-0.00296
-0.00296
-0.00296
-0.00335
-0.00296
-0.00315
-0.00296
-0.00315
-0.00315
-0.00335
-0.00315
-0.00335
-0.00335
-0.00315
-0.00276
-0.00315
-0.00315
-0.00335
-0.00374
-0.00354
-0.00335
-0.00354
-0.00315
-0.00296
-0.00354
-0.00315
-0.00315
-0.00354
-0.00335
-0.00276
-0.00354
-0.00315
-0.00315
-0.00335
-0.00354
-0.00374
-0.00335
-0.00374
-0.00374
-0.00393
-0.00393
-0.00393
-0.00374
-0.00335
-0.00296
-0.00315
-0.00276
-0.00315
-0.00335
-0.00354
-0.00354
-0.00335
-0.00296
-0.00335
-0.00315
-0.00335
-0.00276
-0.00276
-0.00315
-0.00335
-0.00315
-0.00315
-0.00335
-0.00296
-0.00315
-0.00257
-0.00335
-0.00335
-0.00315
-0.00315
-0.00315
-0.00315
-0.00335
-0.00315
-0.00315
-0.00315
-0.00335
-0.00296
-0.00276
-0.00296
-0.00296
-0.00335
-0.00276
-0.00315
-0.00296
-0.00354
-0.00296
-0.00335
-0.00335
-0.00315
-0.00276
-0.00296
-0.00296
-0.00315
-0.00296
-0.00315
-0.00354
-0.00354
-0.00335
-0.00335
-0.00315
-0.00315
-0.00296
-0.00335
-0.00296
-0.00276
-0.00296
-0.00315
-0.00276
-0.00315
-0.00296
-0.00315
-0.00354
-0.00374
-0.00296
-0.00354
-0.00276
-0.00335
-0.00296
-0.00374
-0.00374
-0.00335
-0.00354
-0.00335
-0.00374
-0.00374
-0.00335
-0.00374
-0.00374
-0.00335
-0.00296
-0.00296
-0.00335
-0.00335
-0.00315
-0.00335
-0.00315
-0.00276
-0.00296
-0.00315
-0.00296
-0.00276
-0.00276
