-8.340002336000E-01

-0.00159
-0.00139
-0.00179
-0.0012
-0.00159
-0.0012
-0.00198
-0.0012
-0.0012
-0.0012
-0.00139
-0.00159
-0.00139
-0.00159
-0.00159
-0.00159
-0.00159
-0.00159
-0.00159
-0.00179
-0.00198
-0.00179
-0.00218
-0.00179
-0.00159
-0.00198
-0.00159
-0.00179
-0.00198
-0.00237
-0.00218
-0.00237
-0.00218
-0.00218
-0.00218
-0.00237
-0.00237
-0.00198
-0.00237
-0.00218
-0.00237
-0.00198
-0.00198
-0.00218
-0.00159
-0.00218
-0.00159
-0.00179
-0.00179
-0.00179
-0.00198
-0.00198
-0.00218
-0.00198
-0.00198
-0.00198
-0.00218
-0.00218
-0.00276
-0.00257
-0.00257
-0.00237
-0.00218
-0.00257
-0.00237
-0.00237
-0.00198
-0.00237
-0.00218
-0.00218
-0.00198
-0.00198
-0.00179
-0.00198
-0.00257
-0.00237
-0.00179
-0.00218
-0.00179
-0.00179
-0.00237
-0.00237
-0.00257
-0.00237
-0.00218
-0.00198
-0.00218
-0.00237
-0.00237
-0.00179
-0.00218
-0.00218
-0.00218
-0.00237
-0.00198
-0.00218
-0.00237
-0.00257
-0.00198
-0.00179
-0.00218
-0.00218
-0.00198
-0.00198
-0.00198
-0.00198
-0.00198
-0.00179
-0.00218
-0.00218
-0.00198
-0.00198
-0.00237
-0.00218
-0.00198
-0.00218
-0.00218
-0.00218
-0.00218
-0.00218
-0.00237
-0.00218
-0.00198
-0.00237
-0.00179
-0.00179
-0.00139
-0.00159
-0.00159
-0.00198
-0.00139
-0.00198
-0.00218
-0.00198
-0.00257
-0.00237
-0.00257
-0.00257
-0.00179
-0.00218
-0.00218
-0.00198
-0.00237
-0.00257
-0.00257
-0.00237
-0.00198
-0.00237
-0.00198
-0.00218
-0.00257
-0.00198
-0.00257
-0.00179
-0.00179
-0.00257
-0.00218
-0.00218
-0.00218
-0.00179
-0.00237
-0.00198
-0.00218
-0.00198
-0.00198
-0.00159
-0.00179
-0.00218
-0.00237
-0.00218
-0.00198
-0.00218
-0.00237
-0.00218
-0.00159
-0.00159
-0.00218
-0.00179
-0.00159
-0.00139
-0.00159
-0.00179
-0.00218
-0.00237
-0.00218
-0.00198
-0.00218
-0.00237
-0.00257
-0.00218
-0.00257
-0.00257
-0.00257
-0.00237
-0.00237
-0.00218
-0.00276
-0.00218
-0.00257
-0.00237
-0.00218
-0.00257
-0.00218
-0.00179
-0.00218
-0.00237
-0.00257
-0.00257
-0.00257
-0.00257
-0.00237
-0.00198
-0.00218
-0.00159
-0.0012
0.00017
0.00075
0.00251
0.00407
0.00583
0.00779
0.01032
0.01247
0.01443
0.01657
0.01833
0.01989
0.02204
0.024
0.02693
0.02966
0.03259
0.03571
0.03923
0.04236
0.04587
0.04821
0.05095
0.05329
0.05505
0.0572
0.05915
0.06013
0.0615
0.06286
0.06423
0.0656
0.06599
0.06657
0.06736
0.06814
0.06872
0.06931
0.0695
0.0697
0.07009
0.06989
0.0697
0.0695
0.06931
0.06911
0.06892
0.06853
0.06814
0.06755
0.06736
0.06696
0.06579
0.0656
0.06521
0.06462
0.06384
0.06325
0.06228
0.06169
0.06111
0.06091
0.06032
0.05954
0.05837
0.05759
0.05739
0.05661
0.05583
0.05505
0.05446
0.05407
0.0531
0.0529
0.05193
0.05134
0.05075
0.04978
0.04939
0.0488
0.04841
0.04743
0.04704
0.04607
0.04548
0.0445
0.04431
0.04333
0.04275
0.04255
0.04177
0.04118
0.04079
0.0404
0.0404
0.04001
0.03943
0.03884
0.03786
0.03767
0.03728
0.03669
0.0365
0.03591
0.03532
0.03532
0.03474
0.03435
0.03357
0.03357
0.03376
0.03259
0.0322
0.03161
0.03142
0.03064
0.03103
0.03044
0.03025
0.02986
0.02946
0.02868
0.02849
0.0279
0.02771
0.02693
0.02712
0.02614
0.02595
0.02575
0.02575
0.02497
0.02458
0.02439
0.02419
0.0238
0.0238
0.02321
0.02302
0.02243
0.02224
0.02224
0.02185
0.02126
0.02107
0.02048
0.02068
0.02029
0.02029
0.0197
0.01931
0.0195
0.01931
0.01911
0.01833
0.01775
0.01794
0.01755
0.01755
0.01716
0.01736
0.01696
0.01657
0.01579
0.01599
0.0156
0.01579
0.0154
0.01599
0.0154
0.01501
0.01501
0.01482
0.01443
0.01443
0.01462
0.01443
0.01384
0.01384
0.01384
0.01325
0.01345
0.01325
0.01286
0.01267
0.01267
0.01228
0.01247
0.01169
0.01189
0.01189
0.01189
0.01169
0.0113
0.01091
0.01091
0.01071
0.01091
0.01091
0.01071
0.01091
0.01013
0.01052
0.01032
0.01013
0.00974
0.00974
0.00954
0.00974
0.00954
0.00915
0.00915
0.00935
0.00935
0.00915
0.00896
0.00857
0.00837
0.00857
0.00857
0.00798
0.00759
0.00818
0.00779
0.00779
0.00798
0.00779
0.00759
0.0072
0.007
0.007
0.007
0.00661
0.00642
0.00642
0.00661
0.00603
0.00622
0.00603
0.00583
0.00583
0.00583
0.00583
0.00544
0.00564
0.00564
0.00505
0.00583
0.00564
0.00564
0.00544
0.00564
0.00525
0.00486
0.00544
0.00525
0.00505
0.00466
0.00505
0.00486
0.00466
0.00446
0.00427
0.00446
0.00407
0.00446
0.00446
0.00427
0.00388
0.00368
0.00427
0.00388
0.00407
0.00349
0.00368
0.00368
0.00368
0.00368
0.00349
0.00388
0.00349
0.0031
0.0031
0.0031
0.00329
0.00271
0.0031
0.00271
0.00251
0.00251
0.00232
0.00251
0.00212
0.00212
0.00173
0.00193
0.00232
0.00193
0.00173
0.00212
0.00193
0.00193
0.00154
0.00154
0.00114
0.00134
0.00154
0.00193
0.00154
0.00134
0.00134
0.00114
0.00134
0.00154
0.00114
0.00114
0.00114
0.00095
0.00134
0.00114
0.00134
0.00095
0.00134
0.00134
0.00134
0.00095
0.00154
0.00075
0.00134
0.00134
0.00095
0.00095
0.00095
0.00095
0.00134
0.00114
0.00095
0.00114
0.00114
0.00114
0.00075
0.00036
0.00036
0.00056
0.00036
0.00017
0.00017
0.00017
-0.00022
0.00017
0.00036
-3e-05
0.00036
-3e-05
0.00017
-3e-05
0.00017
0.00036
0.00036
0.00036
-3e-05
-3e-05
0.00017
-3e-05
-0.00022
-0.00042
-3e-05
-0.00022
-3e-05
-0.00042
-0.00042
-3e-05
0.00017
-0.00042
-0.00042
-0.00022
-3e-05
-0.00081
-0.00061
-0.001
-0.00061
-0.00061
-0.00022
-0.00081
-0.00081
-0.00081
-0.001
-0.0012
-0.00081
-0.0012
-0.00139
-0.0012
-0.0012
-0.0012
-0.0012
-0.00139
-0.00081
-0.00081
-0.00061
-0.001
-0.001
-0.00139
-0.00081
-0.0012
-0.001
-0.00159
-0.0012
-0.00081
-0.001
-0.00081
-0.00061
-0.00081
-0.001
-0.00081
-0.00042
-0.00061
-0.00042
-0.00081
-0.00081
-3e-05
-0.00022
-0.00022
-0.00022
-0.00061
-0.00042
-0.00081
-0.00042
-0.00061
-0.00061
-0.00081
-0.00042
-0.00081
-0.00042
-0.00061
-0.00042
-0.001
-0.0012
-0.001
-0.00081
-0.00081
-0.00081
-0.0012
-0.001
-0.00081
-0.0012
-0.0012
-0.00061
-0.001
-0.0012
-0.001
-0.0012
-0.00159
-0.00139
-0.00179
-0.00139
-0.0012
-0.001
-0.0012
-0.00061
-0.00139
-0.00139
-0.0012
-0.00081
-0.0012
-0.001
-0.0012
-0.001
-0.00081
-0.001
-0.00139
-0.00139
-0.0012
-0.00159
-0.00159
-0.0012
-0.00139
-0.00081
-0.00139
-0.001
-0.00139
-0.00159
-0.00159
-0.0012
-0.00139
-0.00139
-0.00139
-0.00159
-0.001
-0.0012
-0.0012
-0.00139
-0.00159
-0.00139
-0.0012
-0.0012
-0.0012
-0.001
-0.00179
-0.00139
-0.0012
-0.00179
-0.00139
-0.00159
-0.0012
-0.0012
-0.00159
-0.00159
-0.0012
-0.00159
-0.00139
-0.001
-0.00198
-0.00159
-0.00179
-0.00159
-0.0012
-0.00139
-0.00159
-0.00198
-0.00179
-0.00139
-0.00198
-0.00179
-0.00159
-0.0012
-0.0012
-0.001
-0.00159
-0.00198
-0.00198
-0.00179
-0.00179
-0.00139
-0.00139
-0.00139
-0.00159
-0.00139
-0.00179
-0.00159
-0.00159
-0.00179
-0.00218
-0.00179
-0.00179
-0.00198
-0.00159
-0.00218
-0.00218
-0.00198
-0.00198
-0.00179
-0.00218
-0.00237
-0.00237
-0.00198
-0.00179
-0.00179
-0.00237
-0.00179
-0.00237
-0.00218
-0.00237
-0.00198
-0.00218
-0.00198
-0.00198
-0.00237
-0.00198
-0.00159
-0.00198
-0.00159
-0.00159
-0.0012
-0.00159
-0.0012
-0.00198
-0.00139
-0.00159
-0.00159
-0.00179
-0.00179
-0.00257
-0.00198
-0.00237
-0.00198
-0.00198
-0.00218
-0.00218
-0.00218
-0.00218
-0.00218
-0.00218
-0.00198
-0.00237
-0.00218
-0.00198
-0.00198
-0.00198
-0.00198
-0.00159
-0.00237
-0.00257
-0.00257
-0.00257
-0.00237
-0.00276
-0.00257
-0.00257
-0.00276
-0.00257
-0.00237
-0.00276
-0.00237
-0.00218
-0.00257
-0.00257
-0.00237
-0.00237
-0.00218
-0.00179
-0.00237
-0.00218
-0.00218
-0.00198
-0.00237
-0.00237
-0.00218
-0.00159
-0.00159
-0.00139
-0.00159
-0.00179
-0.00139
-0.00179
-0.00179
-0.00198
-0.00139
-0.00179
-0.00159
-0.00179
-0.0012
-0.00139
-0.00139
-0.00159
-0.00139
-0.00139
-0.001
-0.0012
-0.00139
-0.00179
-0.00179
-0.00159
-0.00159
-0.00159
-0.00159
-0.00198
-0.00198
-0.00218
-0.00218
-0.00179
-0.00237
-0.00237
-0.00237
-0.00218
-0.00257
-0.00218
-0.00218
-0.00179
-0.00218
-0.00237
-0.00237
-0.00257
-0.00218
-0.00257
-0.00218
-0.00198
-0.00179
-0.00237
-0.00218
-0.00237
-0.00159
-0.00237
-0.00257
-0.00179
-0.00237
-0.00276
-0.00257
-0.00276
-0.00237
-0.00276
-0.00296
-0.00296
-0.00296
-0.00276
-0.00276
-0.00335
-0.00276
-0.00296
-0.00276
-0.00257
-0.00276
-0.00276
-0.00237
-0.00296
-0.00237
-0.00276
-0.00276
-0.00237
-0.00257
-0.00218
-0.00237
-0.00237
-0.00218
-0.00257
-0.00198
-0.00237
-0.00218
-0.00198
-0.00237
-0.00218
-0.00159
-0.00198
-0.00218
-0.00179
-0.00139
-0.00198
-0.00159
-0.00139
-0.0012
-0.00159
-0.00139
-0.00179
-0.00139
-0.00159
-0.001
-0.00179
-0.00179
-0.00218
-0.00218
-0.00218
-0.00237
-0.00218
-0.00218
-0.00218
-0.00237
-0.00237
-0.00218
-0.00237
-0.00198
-0.00237
-0.00198
-0.00218
-0.00257
-0.00237
-0.00237
-0.00257
-0.00257
-0.00296
-0.00218
-0.00276
-0.00237
-0.00276
-0.00296
-0.00276
-0.00218
-0.00237
-0.00257
-0.00296
-0.00257
-0.00296
-0.00218
-0.00276
-0.00179
-0.00257
-0.00257
-0.00198
-0.00198
-0.00198
-0.00198
-0.00237
-0.00179
-0.00198
-0.00159
-0.00198
-0.00237
-0.00237
-0.00237
-0.00218
-0.00198
-0.00257
-0.00237
-0.00179
-0.00237
-0.00159
-0.00198
-0.00218
-0.00218
-0.00198
-0.00198
-0.00237
-0.00257
-0.00179
-0.00159
-0.00179
-0.00179
-0.00218
-0.00179
-0.00198
-0.00198
-0.00218
-0.00198
-0.00198
-0.00237
-0.00237
-0.00179
-0.00218
-0.00198
-0.00198
-0.00218
-0.00179
-0.00159
-0.00179
-0.00237
-0.00198
-0.00237
-0.00198
-0.00179
-0.00179
-0.00198
-0.00237
-0.00218
-0.00198
-0.00198
-0.00179
-0.00218
-0.00237
-0.00257
-0.00296
-0.00276
-0.00237
-0.00218
-0.00257
-0.00237
-0.00237
-0.00218
-0.00237
-0.00218
-0.00237
-0.00237
-0.00237
-0.00218
-0.00198
-0.00218
-0.00198
-0.00237
-0.00218
-0.00237
-0.00218
-0.00276
-0.00257
-0.00276
-0.00218
-0.00218
-0.00257
-0.00257
-0.00237
-0.00257
-0.00237
-0.00218
-0.00276
-0.00237
-0.00218
-0.00218
-0.00237
-0.00218
-0.00237
-0.00159
-0.00198
-0.00179
-0.00198
-0.00139
-0.00159
-0.0012
-0.0012
-0.00139
-0.00139
-0.00159
-0.00159
-0.00139
-0.00159
-0.00159
-0.00179
-0.00179
-0.00139
-0.0012
-0.0012
-0.00159
-0.00159
-0.00139
-0.00179
-0.00179
-0.00179
-0.00198
-0.00198
-0.00198
-0.00257
-0.00198
-0.00179
-0.00237
-0.00257
-0.00218
-0.00218
-0.00198
-0.00237
-0.00218
-0.00276
-0.00257
-0.00257
-0.00296
-0.00257
-0.00296
-0.00335
-0.00257
-0.00296
-0.00276
-0.00354
-0.00257
-0.00335
-0.00315
-0.00315
-0.00276
-0.00354
-0.00276
-0.00296
-0.00335
-0.00276
-0.00237
-0.00237
-0.00218
-0.00257
-0.00296
-0.00276
-0.00218
-0.00257
-0.00198
-0.00237
-0.00257
-0.00276
-0.00218
-0.00257
-0.00237
-0.00179
-0.00218
-0.00218
-0.00198
-0.00179
-0.00179
-0.00159
-0.00139
-0.00198
-0.00179
-0.00179
-0.00159
-0.0012
-0.00139
-0.00179
-0.00159
-0.00139
-0.00179
-0.00237
-0.00218
-0.00179
-0.00139
-0.00139
-0.00139
-0.00198
-0.00198
-0.00179
-0.00198
-0.00198
-0.00179
-0.00198
-0.00139
-0.00139
-0.00179
