-4.440001248000E-01

-0.00179
-0.00179
-0.00159
-0.00218
-0.00179
-0.00198
-0.00179
-0.00179
-0.00159
-0.00179
-0.00198
-0.00139
-0.00159
-0.00198
-0.00179
-0.00179
-0.00179
-0.00198
-0.00218
-0.00237
-0.00218
-0.00218
-0.00198
-0.00218
-0.00218
-0.00276
-0.00257
-0.00315
-0.00257
-0.00276
-0.00257
-0.00257
-0.00257
-0.00237
-0.00237
-0.00296
-0.00296
-0.00257
-0.00237
-0.00257
-0.00257
-0.00237
-0.00237
-0.00237
-0.00276
-0.00296
-0.00257
-0.00276
-0.00179
-0.00276
-0.00276
-0.00237
-0.00257
-0.00276
-0.00198
-0.00257
-0.00198
-0.00198
-0.00218
-0.00237
-0.00218
-0.00198
-0.00237
-0.00179
-0.00198
-0.00198
-0.00218
-0.00237
-0.00237
-0.00179
-0.00237
-0.00218
-0.00237
-0.00257
-0.00237
-0.00237
-0.00237
-0.00237
-0.00276
-0.00276
-0.00276
-0.00257
-0.00276
-0.00276
-0.00276
-0.00296
-0.00257
-0.00257
-0.00276
-0.00276
-0.00276
-0.00276
-0.00296
-0.00296
-0.00257
-0.00296
-0.00276
-0.00276
-0.00237
-0.00237
-0.00198
-0.00218
-0.00179
-0.00198
-0.00198
-0.00198
-0.00159
-0.00198
-0.00159
-0.00139
-0.00139
-0.00159
-0.00159
-0.00139
-0.0012
-0.00139
-0.00139
-0.00139
-0.00179
-0.00218
-0.00179
-0.0012
-0.00179
-0.00159
-0.00218
-0.00218
-0.00218
-0.00276
-0.00218
-0.00257
-0.00198
-0.00257
-0.00237
-0.00237
-0.00257
-0.00315
-0.00315
-0.00276
-0.00257
-0.00257
-0.00276
-0.00296
-0.00276
-0.00335
-0.00296
-0.00276
-0.00257
-0.00276
-0.00296
-0.00276
-0.00218
-0.00237
-0.00198
-0.00198
-0.00198
-0.00159
-0.00159
-0.00237
-0.00179
-0.00198
-0.00159
-0.00159
-0.00139
-0.00179
-0.00218
-0.00159
-0.00179
-0.00139
-0.00159
-0.00198
-0.00159
-0.00198
-0.00198
-0.00159
-0.00179
-0.00159
-0.00179
-0.00179
-0.00198
-0.00237
-0.00237
-0.00257
-0.00198
-0.00198
-0.00198
-0.00237
-0.00237
-0.00237
-0.00257
-0.00237
-0.00257
-0.00257
-0.00237
-0.00257
-0.00237
-0.00237
-0.00218
-0.00198
-0.00218
-0.00237
-0.00179
-0.00198
-0.00237
-0.00237
-0.00198
-0.00218
-0.00218
-0.00257
-0.00218
-0.00198
-0.00218
-0.00159
-0.001
-0.00022
0.00075
0.00232
0.00349
0.00427
0.00603
0.00779
0.00974
0.01306
0.01716
0.02068
0.02458
0.02888
0.0322
0.0363
0.03962
0.04333
0.04646
0.04919
0.05154
0.05368
0.05564
0.05739
0.05974
0.06032
0.06228
0.06306
0.06404
0.06501
0.06618
0.06638
0.06716
0.06814
0.06814
0.06872
0.06892
0.06911
0.0695
0.06931
0.06989
0.07068
0.07146
0.07204
0.07321
0.074
0.07478
0.07497
0.07556
0.07673
0.07654
0.07693
0.07732
0.07693
0.07712
0.07654
0.07654
0.07693
0.07634
0.07614
0.07575
0.07556
0.07517
0.07439
0.07419
0.0738
0.07302
0.07243
0.07263
0.07146
0.07107
0.0695
0.06989
0.06892
0.06853
0.06716
0.06677
0.06618
0.0656
0.06501
0.06404
0.06306
0.06208
0.06169
0.06111
0.06052
0.05993
0.05876
0.05779
0.05759
0.05759
0.05661
0.05564
0.05486
0.05407
0.05349
0.0529
0.05251
0.05154
0.05134
0.05075
0.04997
0.04919
0.04939
0.049
0.04802
0.04782
0.04685
0.04646
0.04587
0.04529
0.04489
0.04392
0.04294
0.04294
0.04196
0.04196
0.04138
0.0406
0.0404
0.04021
0.03962
0.03864
0.03786
0.03767
0.03708
0.0365
0.03611
0.03552
0.03513
0.03474
0.03435
0.03376
0.03357
0.03298
0.032
0.03181
0.03161
0.03103
0.03025
0.03025
0.02986
0.02927
0.02868
0.02849
0.0279
0.02771
0.02751
0.02712
0.02654
0.02614
0.02575
0.02595
0.02536
0.02497
0.02439
0.02419
0.0238
0.02419
0.0238
0.0238
0.02282
0.02302
0.02243
0.02243
0.02185
0.02185
0.02146
0.02146
0.02146
0.02087
0.02029
0.02048
0.02048
0.02029
0.02009
0.01931
0.01911
0.01892
0.01833
0.01833
0.01794
0.01794
0.01736
0.01696
0.01638
0.01677
0.01638
0.01599
0.01618
0.01599
0.01599
0.0156
0.01521
0.0154
0.01521
0.01521
0.01482
0.01423
0.01423
0.01443
0.01423
0.01404
0.01384
0.01364
0.01345
0.01325
0.01325
0.01267
0.01247
0.01247
0.01267
0.01247
0.0115
0.01169
0.0115
0.0113
0.01111
0.0113
0.01071
0.01052
0.01071
0.01032
0.01032
0.01013
0.01013
0.00993
0.00954
0.00974
0.00954
0.00935
0.00915
0.00935
0.00896
0.00896
0.00876
0.00857
0.00818
0.00818
0.00798
0.00759
0.00798
0.00818
0.00759
0.00759
0.00798
0.00818
0.00739
0.00759
0.00798
0.00759
0.00759
0.00759
0.00759
0.00759
0.00739
0.00739
0.007
0.00759
0.0072
0.007
0.00661
0.00661
0.00642
0.00661
0.00603
0.00603
0.00583
0.00564
0.00544
0.00583
0.00583
0.00564
0.00544
0.00505
0.00505
0.00486
0.00505
0.00525
0.00466
0.00427
0.00446
0.00446
0.00427
0.00446
0.00427
0.00388
0.00388
0.00329
0.00329
0.00329
0.00329
0.00349
0.0031
0.0031
0.00271
0.0029
0.00251
0.00271
0.00271
0.0029
0.0029
0.00212
0.00232
0.0029
0.00251
0.00232
0.00251
0.0029
0.00251
0.00251
0.00251
0.00251
0.00251
0.0029
0.00232
0.00232
0.00193
0.00251
0.00193
0.00193
0.00193
0.00193
0.00193
0.00232
0.00232
0.00251
0.00232
0.00232
0.00232
0.00212
0.00232
0.00232
0.00232
0.00193
0.00154
0.00193
0.00173
0.00154
0.00134
0.00193
0.00154
0.00173
0.00114
0.00114
0.00134
0.00114
0.00154
0.00134
0.00114
0.00114
0.00114
0.00075
0.00134
0.00114
0.00075
0.00114
0.00075
0.00075
0.00095
0.00075
0.00095
0.00095
0.00036
0.00056
0.00017
0.00017
0.00036
0.00056
0.00056
0.00036
0.00036
0.00036
-3e-05
0.00036
-0.00022
0.00036
-0.00022
0.00017
0.00017
-0.00022
-0.00081
-0.00061
-0.00022
-3e-05
0.00017
-0.00022
-0.00022
-0.00022
-0.00022
-0.001
-0.00061
-0.00081
-0.001
-0.00061
-0.00139
-0.001
-0.0012
-0.00139
-0.00159
-0.00159
-0.0012
-0.00179
-0.0012
-0.001
-0.001
-0.0012
-0.00081
-0.00042
-0.00042
-0.00081
-0.00061
-0.00081
-0.00081
-0.00081
-0.001
-0.00061
-0.00061
-0.00081
-0.00061
-0.00061
-0.001
-0.0012
-0.00042
-0.00061
-0.00081
-0.00081
-0.001
-0.00081
-0.00061
-0.00081
-0.00042
-0.00061
-0.00061
-0.00061
-0.00081
-0.00081
-0.001
-0.00081
-0.001
-0.00061
-0.00081
-0.00081
-0.00139
-0.00179
-0.00159
-0.00159
-0.0012
-0.0012
-0.0012
-0.0012
-0.0012
-0.0012
-0.001
-0.0012
-0.00139
-0.0012
-0.0012
-0.0012
-0.001
-0.00159
-0.00139
-0.00159
-0.00179
-0.00159
-0.00159
-0.00139
-0.00159
-0.0012
-0.001
-0.001
-0.00139
-0.00139
-0.00159
-0.00139
-0.00139
-0.00159
-0.00139
-0.00139
-0.00139
-0.001
-0.00139
-0.0012
-0.001
-0.0012
-0.0012
-0.0012
-0.00159
-0.00042
-0.00042
-0.00061
-0.001
-0.00081
-0.001
-0.00061
-0.0012
-0.0012
-0.0012
-0.0012
-0.001
-0.0012
-0.0012
-0.001
-0.001
-0.0012
-0.00139
-0.00139
-0.00159
-0.0012
-0.00139
-0.00159
-0.00159
-0.00179
-0.0012
-0.00139
-0.0012
-0.0012
-0.0012
-0.0012
-0.00159
-0.00159
-0.00139
-0.0012
-0.00139
-0.00159
-0.00139
-0.00139
-0.00159
-0.00159
-0.00179
-0.00179
-0.00198
-0.00218
-0.00198
-0.00159
-0.00198
-0.00179
-0.00179
-0.00179
-0.00218
-0.00179
-0.00159
-0.00218
-0.00179
-0.00159
-0.00159
-0.00179
-0.00237
-0.00198
-0.00218
-0.00159
-0.00218
-0.00218
-0.00218
-0.00179
-0.00218
-0.00159
-0.00218
-0.00198
-0.00218
-0.00218
-0.00179
-0.0012
-0.00159
-0.00081
-0.001
-0.001
-0.00159
-0.001
-0.00159
-0.00139
-0.001
-0.0012
-0.00139
-0.0012
-0.00081
-0.001
-0.00139
-0.0012
-0.00081
-0.001
-0.001
-0.00139
-0.00198
-0.00159
-0.00179
-0.00218
-0.00159
-0.00159
-0.00198
-0.00179
-0.00198
-0.00237
-0.00218
-0.00218
-0.00218
-0.00237
-0.00257
-0.00257
-0.00237
-0.00218
-0.00276
-0.00257
-0.00257
-0.00257
-0.00237
-0.00257
-0.00257
-0.00276
-0.00296
-0.00296
-0.00315
-0.00257
-0.00257
-0.00257
-0.00237
-0.00276
-0.00237
-0.00257
-0.00276
-0.00257
-0.00276
-0.00257
-0.00276
-0.00276
-0.00257
-0.00218
-0.00276
-0.00257
-0.00257
-0.00198
-0.00237
-0.00257
-0.00257
-0.00276
-0.00276
-0.00296
-0.00237
-0.00257
-0.00218
-0.00237
-0.00237
-0.00257
-0.00237
-0.00257
-0.00257
-0.00198
-0.00237
-0.00198
-0.00237
-0.00257
-0.00237
-0.00257
-0.00179
-0.00237
-0.00198
-0.00257
-0.00237
-0.00237
-0.00257
-0.00237
-0.00257
-0.00257
-0.00276
-0.00276
-0.00237
-0.00257
-0.00218
-0.00276
-0.00218
-0.00257
-0.00237
-0.00257
-0.00237
-0.00237
-0.00257
-0.00218
-0.00237
-0.00198
-0.00179
-0.00218
-0.00257
-0.00218
-0.00218
-0.00218
-0.00237
-0.00198
-0.00198
-0.00276
-0.00218
-0.00179
-0.00159
-0.00237
-0.00198
-0.00237
-0.00237
-0.00218
-0.00276
-0.00218
-0.00237
-0.00237
-0.00257
-0.00257
-0.00237
-0.00179
-0.00237
-0.00237
-0.00237
-0.00218
-0.00198
-0.00198
-0.00179
-0.00198
-0.00198
-0.00218
-0.00198
-0.00179
-0.00198
-0.00179
-0.00257
-0.00198
-0.00218
-0.00237
-0.00218
-0.00179
-0.00179
-0.00179
-0.00257
-0.00257
-0.00276
-0.00257
-0.00218
-0.00179
-0.00159
-0.00139
-0.00159
-0.00198
-0.00179
-0.00139
-0.00159
-0.00139
-0.00198
-0.00218
-0.00218
-0.00218
-0.00198
-0.00179
-0.00257
-0.00237
-0.00198
-0.00237
-0.00237
-0.00218
-0.00218
-0.00198
-0.00218
-0.00218
-0.00198
-0.00257
-0.00237
-0.00237
-0.00296
-0.00198
-0.00198
-0.00237
-0.00237
-0.00218
-0.00237
-0.00218
-0.00218
-0.00218
-0.00237
-0.00237
-0.00237
-0.00218
-0.00237
-0.00237
-0.00237
-0.00179
-0.00179
-0.00237
-0.00257
-0.00237
-0.00237
-0.00218
-0.00257
-0.00257
-0.00218
-0.00218
-0.00257
-0.00198
-0.00179
-0.00218
-0.00198
-0.00218
-0.00198
-0.00218
-0.00218
-0.00237
-0.00198
-0.00218
-0.00179
-0.00237
-0.00218
-0.00198
-0.00257
-0.00237
-0.00296
-0.00218
-0.00198
-0.00218
-0.00237
-0.00237
-0.00257
-0.00237
-0.00218
-0.00257
-0.00237
-0.00296
-0.00218
-0.00237
-0.00257
-0.00218
-0.00276
-0.00198
-0.00237
-0.00257
-0.00276
-0.00257
-0.00218
-0.00237
-0.00237
-0.00257
-0.00198
-0.00218
-0.00237
-0.00218
-0.00218
-0.00198
-0.00237
-0.00218
-0.00237
-0.00179
-0.00237
-0.00218
-0.00218
-0.00237
-0.00276
-0.00257
-0.00237
-0.00237
-0.00237
-0.00257
-0.00257
-0.00237
-0.00296
-0.00296
-0.00315
-0.00296
-0.00276
-0.00257
-0.00276
-0.00237
-0.00257
-0.00257
-0.00296
-0.00296
-0.00296
-0.00296
-0.00315
-0.00315
-0.00315
-0.00276
-0.00257
-0.00237
-0.00296
-0.00257
-0.00257
-0.00237
-0.00237
-0.00237
-0.00257
-0.00237
-0.00218
-0.00198
-0.00218
-0.00198
-0.00198
-0.00179
-0.00179
-0.00159
-0.00198
-0.00218
-0.00198
-0.00257
-0.00237
-0.00276
-0.00257
-0.00237
-0.00218
-0.00218
-0.00257
-0.00276
-0.00315
-0.00296
-0.00335
-0.00315
-0.00315
-0.00315
-0.00315
-0.00315
-0.00296
-0.00296
-0.00315
-0.00315
-0.00296
-0.00315
-0.00354
-0.00315
-0.00374
-0.00296
-0.00315
-0.00257
-0.00296
-0.00315
-0.00315
-0.00257
-0.00296
-0.00296
-0.00218
-0.00257
-0.00276
-0.00276
-0.00257
-0.00257
-0.00257
-0.00257
-0.00198
-0.00198
-0.00218
-0.00198
-0.00198
-0.00218
-0.00237
-0.00198
-0.00198
-0.00179
-0.00159
-0.00257
-0.00198
-0.00198
-0.00198
-0.00179
-0.00159
-0.00198
-0.00237
-0.00198
-0.00198
-0.00179
-0.00237
-0.00218
-0.00198
-0.00179
-0.00237
-0.00179
-0.00276
-0.00237
-0.00276
-0.00276
-0.00257
-0.00276
-0.00276
-0.00296
-0.00218
-0.00296
-0.00276
-0.00276
-0.00257
-0.00237
-0.00276
-0.00276
-0.00296
-0.00257
-0.00296
-0.00257
-0.00237
-0.00257
-0.00257
