-1.154000323200E+00

-0.00354
-0.00354
-0.00335
-0.00374
-0.00374
-0.00354
-0.00374
-0.00354
-0.00393
-0.00335
-0.00354
-0.00335
-0.00335
-0.00335
-0.00315
-0.00374
-0.00354
-0.00315
-0.00335
-0.00335
-0.00296
-0.00296
-0.00257
-0.00276
-0.00296
-0.00296
-0.00315
-0.00335
-0.00276
-0.00276
-0.00296
-0.00335
-0.00315
-0.00315
-0.00276
-0.00296
-0.00218
-0.00257
-0.00315
-0.00296
-0.00257
-0.00276
-0.00257
-0.00315
-0.00296
-0.00315
-0.00296
-0.00374
-0.00296
-0.00354
-0.00296
-0.00335
-0.00315
-0.00335
-0.00296
-0.00354
-0.00315
-0.00315
-0.00296
-0.00335
-0.00276
-0.00315
-0.00257
-0.00315
-0.00237
-0.00257
-0.00218
-0.00257
-0.00179
-0.00257
-0.00218
-0.00218
-0.00198
-0.00218
-0.00179
-0.00159
-0.00179
-0.00179
-0.00198
-0.00218
-0.00218
-0.00237
-0.00237
-0.00237
-0.00218
-0.00257
-0.00159
-0.00218
-0.00218
-0.00179
-0.00179
-0.00179
-0.00237
-0.00179
-0.00139
-0.00198
-0.00179
-0.00237
-0.00257
-0.00237
-0.00257
-0.00237
-0.00218
-0.00237
-0.00237
-0.00257
-0.00218
-0.00237
-0.00257
-0.00237
-0.00218
-0.00257
-0.00237
-0.00237
-0.00218
-0.00237
-0.00218
-0.00198
-0.00218
-0.00237
-0.00218
-0.00218
-0.00179
-0.00218
-0.00198
-0.00218
-0.00237
-0.00237
-0.00237
-0.00237
-0.00257
-0.00218
-0.00218
-0.00237
-0.00257
-0.00237
-0.00218
-0.00276
-0.00257
-0.00237
-0.00257
-0.00296
-0.00296
-0.00315
-0.00296
-0.00296
-0.00296
-0.00335
-0.00315
-0.00335
-0.00315
-0.00315
-0.00354
-0.00276
-0.00335
-0.00296
-0.00296
-0.00354
-0.00335
-0.00296
-0.00335
-0.00296
-0.00296
-0.00296
-0.00296
-0.00315
-0.00276
-0.00296
-0.00276
-0.00296
-0.00315
-0.00315
-0.00276
-0.00257
-0.00296
-0.00276
-0.00257
-0.00237
-0.00257
-0.00276
-0.00257
-0.00257
-0.00276
-0.00276
-0.00296
-0.00237
-0.00276
-0.00276
-0.00276
-0.00296
-0.00276
-0.00296
-0.00296
-0.00315
-0.00335
-0.00335
-0.00315
-0.00315
-0.00237
-0.00198
-0.001
-3e-05
0.00075
0.00232
0.00388
0.00486
0.00583
0.00603
0.00739
0.00798
0.00954
0.01032
0.01189
0.01306
0.01482
0.01618
0.01775
0.01931
0.02126
0.02204
0.0238
0.02439
0.02595
0.02732
0.02868
0.03005
0.03181
0.03435
0.03728
0.04079
0.0447
0.04763
0.05193
0.05564
0.05857
0.06228
0.06443
0.06716
0.06872
0.07146
0.07341
0.07536
0.07634
0.0779
0.07927
0.08005
0.08103
0.08142
0.08239
0.08239
0.08318
0.08415
0.08474
0.08454
0.08493
0.08532
0.08513
0.08474
0.08513
0.08435
0.08474
0.08415
0.08337
0.08298
0.08259
0.08259
0.0822
0.08142
0.08025
0.07966
0.07907
0.07868
0.0781
0.07732
0.07673
0.07595
0.07439
0.074
0.0738
0.07302
0.07224
0.07146
0.07087
0.06989
0.06911
0.06892
0.06755
0.06696
0.06618
0.0656
0.06443
0.06384
0.06345
0.06189
0.06169
0.06071
0.05993
0.05935
0.05876
0.05739
0.057
0.05622
0.05583
0.05446
0.05368
0.05329
0.05251
0.05154
0.05134
0.05036
0.05017
0.04919
0.04919
0.04821
0.04763
0.04743
0.04704
0.04607
0.04548
0.0445
0.0445
0.04392
0.04314
0.04275
0.04255
0.04196
0.04138
0.0406
0.0406
0.03943
0.03923
0.03845
0.03786
0.03747
0.03708
0.03689
0.03591
0.03591
0.03591
0.03513
0.03454
0.03435
0.03357
0.03318
0.03279
0.03259
0.03161
0.03103
0.03064
0.03044
0.03025
0.03005
0.02966
0.02907
0.02888
0.02849
0.02771
0.02771
0.02693
0.02614
0.02614
0.02575
0.02556
0.02517
0.02458
0.02458
0.02439
0.02439
0.02419
0.02341
0.02361
0.02302
0.02321
0.02224
0.02243
0.02243
0.02204
0.02165
0.02126
0.02087
0.02068
0.02068
0.02048
0.02029
0.02029
0.01931
0.01931
0.01911
0.01911
0.01814
0.01853
0.01794
0.01755
0.01755
0.01755
0.01696
0.01618
0.01599
0.0156
0.01521
0.01501
0.01521
0.01462
0.01384
0.01443
0.01423
0.01423
0.01384
0.01404
0.01345
0.01384
0.01384
0.01345
0.01325
0.01306
0.01306
0.01286
0.01267
0.01247
0.01208
0.01169
0.01228
0.01189
0.01208
0.01169
0.0115
0.01091
0.01091
0.01091
0.01111
0.01091
0.01111
0.01052
0.01032
0.00993
0.00935
0.00954
0.00915
0.00896
0.00876
0.00876
0.00896
0.00896
0.00876
0.00896
0.00857
0.00818
0.00818
0.00798
0.00759
0.00759
0.0072
0.007
0.007
0.00681
0.00642
0.00661
0.00642
0.00642
0.00642
0.00642
0.00622
0.00642
0.00642
0.00642
0.00583
0.00583
0.00603
0.00544
0.00544
0.00564
0.00544
0.00525
0.00525
0.00544
0.00544
0.00525
0.00505
0.00505
0.00466
0.00505
0.00466
0.00446
0.00486
0.00505
0.00466
0.00486
0.00466
0.00427
0.00446
0.00427
0.00427
0.00466
0.00388
0.00427
0.00407
0.00427
0.00388
0.00407
0.00368
0.00388
0.00329
0.0031
0.00329
0.0031
0.00368
0.00349
0.0031
0.00329
0.00329
0.00349
0.00329
0.00349
0.00329
0.00349
0.0031
0.00349
0.00368
0.00329
0.00271
0.0031
0.0029
0.00232
0.00271
0.0031
0.00193
0.00212
0.00212
0.00212
0.00173
0.00173
0.00095
0.00114
0.00114
0.00173
0.00154
0.00134
0.00095
0.00154
0.00134
0.00095
0.00134
0.00114
0.00056
0.00056
0.00075
0.00036
0.00056
0.00056
0.00056
0.00075
0.00056
0.00017
0.00036
0.00036
0.00017
-3e-05
0.00075
-0.00022
-3e-05
-3e-05
-0.00042
-3e-05
-0.00042
-0.00022
-0.00022
-3e-05
-0.00061
-0.00042
-0.00022
-0.00022
-0.00061
-0.00061
-3e-05
-0.00061
-0.00022
-3e-05
-0.00022
-0.00022
-0.00022
-0.00022
-0.00042
-0.00022
-0.00042
-0.00022
-0.00061
-0.00022
-0.00081
-0.001
-0.00081
-0.001
-0.0012
-0.00081
-0.00042
-0.00061
-0.00081
-0.00081
-0.001
-0.00061
-0.00081
-0.001
-0.001
-0.0012
-0.00139
-0.00081
-0.00042
-0.00081
-0.00159
-0.001
-0.00081
-0.0012
-0.001
-0.00081
-0.0012
-0.0012
-0.0012
-0.001
-0.00061
-0.00061
-0.00081
-0.00081
-0.0012
-0.00061
-0.001
-0.001
-0.0012
-0.00139
-0.0012
-0.00081
-0.00179
-0.00139
-0.0012
-0.0012
-0.00139
-0.00139
-0.00159
-0.00159
-0.00159
-0.00139
-0.00159
-0.0012
-0.00159
-0.00139
-0.00159
-0.0012
-0.00179
-0.00159
-0.00198
-0.00179
-0.00159
-0.00159
-0.00179
-0.00198
-0.00198
-0.00159
-0.00237
-0.00198
-0.00179
-0.00179
-0.00179
-0.00179
-0.00218
-0.00159
-0.00159
-0.00179
-0.00179
-0.00237
-0.00198
-0.00179
-0.00218
-0.00179
-0.00179
-0.00198
-0.00218
-0.00179
-0.00218
-0.00198
-0.00218
-0.00198
-0.00218
-0.00218
-0.00218
-0.00237
-0.00237
-0.00159
-0.00218
-0.00237
-0.00198
-0.00198
-0.00198
-0.00218
-0.00257
-0.00218
-0.00198
-0.00198
-0.00159
-0.00179
-0.00198
-0.00179
-0.00198
-0.00198
-0.00198
-0.00159
-0.00159
-0.00198
-0.00218
-0.00159
-0.00179
-0.00237
-0.00218
-0.00237
-0.00237
-0.00257
-0.00276
-0.00257
-0.00237
-0.00237
-0.00218
-0.00237
-0.00237
-0.00218
-0.00257
-0.00237
-0.00276
-0.00257
-0.00276
-0.00237
-0.00315
-0.00296
-0.00276
-0.00257
-0.00257
-0.00257
-0.00276
-0.00257
-0.00276
-0.00257
-0.00218
-0.00218
-0.00218
-0.00218
-0.00257
-0.00237
-0.00237
-0.00218
-0.00237
-0.00218
-0.00237
-0.00198
-0.00198
-0.00218
-0.00237
-0.00257
-0.00257
-0.00237
-0.00315
-0.00257
-0.00296
-0.00276
-0.00296
-0.00257
-0.00237
-0.00257
-0.00237
-0.00296
-0.00276
-0.00296
-0.00237
-0.00218
-0.00276
-0.00296
-0.00354
-0.00315
-0.00335
-0.00276
-0.00354
-0.00354
-0.00335
-0.00315
-0.00315
-0.00296
-0.00335
-0.00315
-0.00354
-0.00335
-0.00315
-0.00335
-0.00276
-0.00276
-0.00315
-0.00315
-0.00354
-0.00296
-0.00276
-0.00237
-0.00276
-0.00257
-0.00315
-0.00276
-0.00315
-0.00276
-0.00276
-0.00237
-0.00237
-0.00218
-0.00276
-0.00237
-0.00276
-0.00276
-0.00257
-0.00257
-0.00276
-0.00276
-0.00315
-0.00296
-0.00296
-0.00257
-0.00276
-0.00257
-0.00296
-0.00257
-0.00296
-0.00335
-0.00315
-0.00296
-0.00315
-0.00335
-0.00315
-0.00315
-0.00335
-0.00276
-0.00296
-0.00335
-0.00296
-0.00276
-0.00315
-0.00257
-0.00276
-0.00276
-0.00296
-0.00276
-0.00237
-0.00257
-0.00198
-0.00218
-0.00296
-0.00257
-0.00276
-0.00276
-0.00296
-0.00257
-0.00276
-0.00257
-0.00257
-0.00237
-0.00257
-0.00237
-0.00276
-0.00257
-0.00296
-0.00296
-0.00257
-0.00276
-0.00237
-0.00276
-0.00296
-0.00296
-0.00276
-0.00237
-0.00296
-0.00335
-0.00354
-0.00354
-0.00374
-0.00354
-0.00335
-0.00374
-0.00335
-0.00315
-0.00335
-0.00354
-0.00374
-0.00354
-0.00374
-0.00354
-0.00374
-0.00315
-0.00315
-0.00276
-0.00315
-0.00315
-0.00276
-0.00315
-0.00315
-0.00257
-0.00315
-0.00257
-0.00276
-0.00237
-0.00198
-0.00218
-0.00237
-0.00257
-0.00218
-0.00237
-0.00237
-0.00218
-0.00276
-0.00296
-0.00257
-0.00198
-0.00237
-0.00257
-0.00296
-0.00276
-0.00276
-0.00276
-0.00296
-0.00257
-0.00237
-0.00276
-0.00276
-0.00296
-0.00237
-0.00276
-0.00276
-0.00276
-0.00315
-0.00296
-0.00296
-0.00315
-0.00374
-0.00354
-0.00315
-0.00354
-0.00354
-0.00296
-0.00315
-0.00354
-0.00374
-0.00374
-0.00354
-0.00374
-0.00354
-0.00354
-0.00335
-0.00354
-0.00374
-0.00296
-0.00315
-0.00296
-0.00354
-0.00335
-0.00335
-0.00354
-0.00374
-0.00335
-0.00354
-0.00374
-0.00354
-0.00335
-0.00335
-0.00354
-0.00315
-0.00315
-0.00354
-0.00335
-0.00335
-0.00315
-0.00335
-0.00315
-0.00335
-0.00354
-0.00335
-0.00276
-0.00296
-0.00296
-0.00296
-0.00276
-0.00315
-0.00257
-0.00315
-0.00276
-0.00296
-0.00257
-0.00296
-0.00315
-0.00276
-0.00335
-0.00296
-0.00335
-0.00296
-0.00315
-0.00315
-0.00315
-0.00276
-0.00296
-0.00276
-0.00276
-0.00257
-0.00276
-0.00237
-0.00257
-0.00218
-0.00237
-0.00276
-0.00257
-0.00276
-0.00296
-0.00296
-0.00257
-0.00315
-0.00315
-0.00296
-0.00296
-0.00296
-0.00296
-0.00276
-0.00296
-0.00296
-0.00315
-0.00315
-0.00296
-0.00315
-0.00335
-0.00296
-0.00296
-0.00315
-0.00296
-0.00335
-0.00296
-0.00276
-0.00237
-0.00257
-0.00296
-0.00296
-0.00296
-0.00276
-0.00257
-0.00315
-0.00257
-0.00257
-0.00296
-0.00296
-0.00218
-0.00276
-0.00237
-0.00296
-0.00276
-0.00218
-0.00257
-0.00237
-0.00257
-0.00276
-0.00276
-0.00257
-0.00218
-0.00257
-0.00237
-0.00276
-0.00218
-0.00237
-0.00276
-0.00257
-0.00276
-0.00276
-0.00257
-0.00257
-0.00257
-0.00296
-0.00276
-0.00257
-0.00296
-0.00237
-0.00296
-0.00315
-0.00296
-0.00315
-0.00296
-0.00276
-0.00315
-0.00335
-0.00276
-0.00335
-0.00315
-0.00315
-0.00335
-0.00315
-0.00354
-0.00335
-0.00315
-0.00335
-0.00335
-0.00315
-0.00335
-0.00393
-0.00315
-0.00335
-0.00315
-0.00374
-0.00315
-0.00335
-0.00315
-0.00354
-0.00335
-0.00335
-0.00315
-0.00354
-0.00374
-0.00374
-0.00315
-0.00335
-0.00296
-0.00335
-0.00354
-0.00335
-0.00315
-0.00315
-0.00354
-0.00354
-0.00354
-0.00335
-0.00296
-0.00335
-0.00296
-0.00315
-0.00296
-0.00335
-0.00315
-0.00335
-0.00315
-0.00354
-0.00335
-0.00393
-0.00335
-0.00354
-0.00354
-0.00354
-0.00354
-0.00335
-0.00335
-0.00335
-0.00335
-0.00354
-0.00374
-0.00315
-0.00315
-0.00315
-0.00315
-0.00335
-0.00296
-0.00315
-0.00354
-0.00354
-0.00374
-0.00335
-0.00315
-0.00354
-0.00296
-0.00374
-0.00354
-0.00354
-0.00335
-0.00335
-0.00335
-0.00335
-0.00354
-0.00393
-0.00315
-0.00335
-0.00354
-0.00335
-0.00354
-0.00354
-0.00354
-0.00354
-0.00354
-0.00315
-0.00393
-0.00335
-0.00393
-0.00335
-0.00335
-0.00354
-0.00335
-0.00354
-0.00315
-0.00296
-0.00335
-0.00335
-0.00276
-0.00296
-0.00296
-0.00276
-0.00276
-0.00296
-0.00276
-0.00296
-0.00296
-0.00237
