-2.130000608000E-01

-0.00276
-0.00237
-0.00218
-0.00198
-0.00218
-0.00218
-0.00257
-0.00198
-0.00257
-0.00257
-0.00257
-0.00257
-0.00218
-0.00198
-0.00296
-0.00257
-0.00237
-0.00257
-0.00237
-0.00237
-0.00218
-0.00257
-0.00257
-0.00218
-0.00218
-0.00257
-0.00257
-0.00237
-0.00257
-0.00198
-0.00198
-0.00179
-0.00198
-0.00179
-0.00218
-0.00218
-0.00218
-0.00218
-0.00237
-0.00179
-0.00218
-0.00198
-0.00257
-0.00237
-0.00257
-0.00179
-0.00198
-0.00237
-0.00257
-0.00257
-0.00257
-0.00276
-0.00257
-0.00218
-0.00257
-0.00237
-0.00257
-0.00257
-0.00296
-0.00276
-0.00296
-0.00276
-0.00257
-0.00276
-0.00315
-0.00276
-0.00315
-0.00237
-0.00276
-0.00315
-0.00315
-0.00257
-0.00276
-0.00257
-0.00257
-0.00257
-0.00296
-0.00257
-0.00257
-0.00276
-0.00296
-0.00257
-0.00237
-0.00218
-0.00276
-0.00257
-0.00257
-0.00237
-0.00296
-0.00237
-0.00276
-0.00237
-0.00257
-0.00276
-0.00296
-0.00296
-0.00315
-0.00276
-0.00296
-0.00315
-0.00315
-0.00257
-0.00296
-0.00257
-0.00315
-0.00296
-0.00276
-0.00257
-0.00296
-0.00257
-0.00218
-0.00237
-0.00296
-0.00296
-0.00257
-0.00237
-0.00237
-0.00257
-0.00257
-0.00198
-0.00218
-0.00218
-0.00218
-0.00139
-0.00179
-0.00159
-0.00139
-0.00218
-0.00198
-0.00218
-0.00198
-0.00179
-0.00159
-0.00198
-0.00179
-0.00198
-0.00139
-0.00159
-0.00159
-0.00179
-0.00159
-0.00179
-0.00237
-0.00218
-0.00237
-0.00198
-0.00179
-0.00198
-0.00218
-0.00159
-0.00179
-0.0012
-0.00198
-0.00159
-0.00159
-0.00179
-0.00198
-0.00179
-0.00139
-0.00179
-0.00159
-0.00159
-0.00139
-0.0012
-0.00179
-0.0012
-0.00159
-0.001
-0.00159
-0.0012
-0.00159
-0.00139
-0.00139
-0.00159
-0.00159
-0.00139
-0.00159
-0.00139
-0.00159
-0.0012
-0.0012
-0.00061
-0.00179
-0.00159
-0.00198
-0.00179
-0.00139
-0.0012
-0.00198
-0.00159
-0.00198
-0.00179
-0.00179
-0.00159
-0.00198
-0.00179
-0.00179
-0.00081
-0.00042
0.00075
0.00154
0.00271
0.00368
0.00525
0.00564
0.00739
0.00857
0.01013
0.01189
0.01306
0.0154
0.01677
0.0195
0.02185
0.02439
0.02751
0.02927
0.0322
0.03474
0.03747
0.04001
0.04294
0.04568
0.04802
0.05154
0.05446
0.057
0.06013
0.06345
0.06638
0.06872
0.07087
0.07321
0.07536
0.07712
0.07849
0.08005
0.08103
0.08181
0.08279
0.08396
0.08415
0.08474
0.08493
0.08513
0.08552
0.08571
0.08591
0.08532
0.08552
0.08493
0.08474
0.08435
0.08415
0.08337
0.08239
0.082
0.08142
0.08044
0.08025
0.07986
0.07888
0.0779
0.07712
0.07673
0.07575
0.07536
0.07419
0.07341
0.07302
0.07204
0.07126
0.07048
0.0697
0.06892
0.06872
0.06716
0.06677
0.0654
0.06501
0.06423
0.06364
0.06267
0.06228
0.06071
0.06091
0.06013
0.05935
0.05857
0.05739
0.0572
0.05603
0.05564
0.05466
0.05407
0.05329
0.05251
0.05251
0.05134
0.05114
0.05056
0.04978
0.04939
0.04861
0.04821
0.04685
0.04665
0.04646
0.04607
0.04509
0.04431
0.04411
0.04314
0.04294
0.04196
0.04157
0.04099
0.0404
0.03962
0.03904
0.03884
0.03864
0.03825
0.03767
0.03747
0.03708
0.0363
0.03591
0.03552
0.03513
0.03493
0.03454
0.03396
0.03415
0.03396
0.03318
0.0322
0.03181
0.03142
0.03103
0.03103
0.03103
0.03044
0.03005
0.02966
0.02986
0.02888
0.02888
0.02829
0.02829
0.02732
0.02732
0.02693
0.02634
0.02654
0.02654
0.02673
0.02614
0.02536
0.02536
0.02497
0.02458
0.024
0.02419
0.02361
0.02321
0.02282
0.02263
0.02243
0.02204
0.02165
0.02107
0.02146
0.02107
0.02087
0.02048
0.02048
0.02009
0.01989
0.0197
0.01911
0.01892
0.01872
0.01892
0.01794
0.01814
0.01755
0.01794
0.01755
0.01794
0.01716
0.01716
0.01638
0.01638
0.01599
0.01599
0.0154
0.0154
0.01482
0.01521
0.01462
0.01462
0.01462
0.01384
0.01384
0.01384
0.01306
0.01325
0.01286
0.01247
0.01189
0.01228
0.01208
0.0115
0.01169
0.0113
0.01091
0.0115
0.01091
0.01071
0.01013
0.01032
0.00993
0.00993
0.00935
0.00935
0.00915
0.00954
0.00896
0.00896
0.00935
0.00954
0.00876
0.00857
0.00837
0.00818
0.00818
0.00779
0.00779
0.00779
0.00779
0.00779
0.00759
0.00739
0.00681
0.007
0.00739
0.00739
0.00661
0.00681
0.00622
0.00661
0.00603
0.00622
0.00603
0.00642
0.00583
0.00544
0.00525
0.00525
0.00486
0.00544
0.00544
0.00564
0.00505
0.00505
0.00466
0.00486
0.00486
0.00427
0.00446
0.00446
0.00388
0.00407
0.00388
0.00427
0.00368
0.00388
0.00388
0.0031
0.00349
0.00329
0.00349
0.00329
0.00349
0.00349
0.00349
0.00368
0.0031
0.00349
0.00349
0.00349
0.00349
0.00329
0.00349
0.00349
0.00349
0.0031
0.00329
0.00349
0.00329
0.00349
0.00329
0.00329
0.0031
0.0029
0.0029
0.0031
0.0029
0.0029
0.00329
0.0031
0.0029
0.0031
0.00251
0.00251
0.0029
0.00251
0.00271
0.00251
0.00232
0.00212
0.00251
0.00232
0.00271
0.00251
0.00251
0.00251
0.00251
0.00271
0.00251
0.00232
0.00232
0.00271
0.00212
0.00193
0.00173
0.00193
0.00232
0.00232
0.00212
0.00232
0.00212
0.00232
0.00232
0.00232
0.00251
0.00193
0.00232
0.00193
0.00173
0.00193
0.00154
0.00154
0.00173
0.00173
0.00173
0.00134
0.00114
0.00114
0.00095
0.00075
0.00056
0.00075
0.00075
0.00056
0.00036
0.00056
0.00056
0.00056
-3e-05
0.00036
-3e-05
-0.00022
-3e-05
0.00017
-0.00042
-0.00061
-0.00042
-0.00022
-0.00042
-0.00042
-0.00042
-0.00061
-0.00081
-0.0012
-0.00061
-0.00081
-0.00081
-0.001
-0.00061
-0.0012
-0.001
-0.001
-0.00061
-0.001
-0.0012
-0.0012
-0.00139
-0.001
-0.001
-0.00081
-0.00061
-0.001
-0.00081
-0.0012
-0.0012
-0.00081
-0.00139
-0.00061
-0.00081
-0.00139
-0.001
-0.0012
-0.00139
-0.001
-0.001
-0.00179
-0.00159
-0.00198
-0.00198
-0.00218
-0.00218
-0.00179
-0.00179
-0.00139
-0.00198
-0.00237
-0.00276
-0.00257
-0.00257
-0.00237
-0.00218
-0.00276
-0.00237
-0.00237
-0.00237
-0.00218
-0.00276
-0.00276
-0.00237
-0.00237
-0.00237
-0.00237
-0.00218
-0.00218
-0.00218
-0.00179
-0.00218
-0.00198
-0.00237
-0.00218
-0.00159
-0.00179
-0.00159
-0.00179
-0.00159
-0.00139
-0.001
-0.0012
-0.00159
-0.0012
-0.00159
-0.00179
-0.00159
-0.0012
-0.00139
-0.00159
-0.00218
-0.00139
-0.00159
-0.00159
-0.00179
-0.0012
-0.00179
-0.00139
-0.0012
-0.001
-0.00179
-0.001
-0.001
-0.00159
-0.0012
-0.0012
-0.0012
-0.00081
-0.00081
-0.00061
-0.0012
-0.001
-0.001
-0.0012
-0.0012
-0.001
-0.00139
-0.001
-0.001
-0.00081
-0.00081
-0.00081
-0.001
-0.001
-0.00081
-0.00061
-0.00061
-0.00061
-0.00061
-0.00081
-0.0012
-0.00061
-0.00081
-0.00061
-0.00061
-0.00042
-0.001
-0.00061
-0.00081
-0.0012
-0.001
-0.00139
-0.00081
-0.0012
-0.001
-0.00081
-0.00139
-0.0012
-0.0012
-0.00061
-0.00081
-0.0012
-0.001
-0.0012
-0.00139
-0.0012
-0.0012
-0.00139
-0.00179
-0.00198
-0.00159
-0.00139
-0.0012
-0.00139
-0.00179
-0.00139
-0.00159
-0.00159
-0.00139
-0.00139
-0.00179
-0.00139
-0.0012
-0.00139
-0.00179
-0.00139
-0.00139
-0.00159
-0.00159
-0.00198
-0.00218
-0.00159
-0.00198
-0.00179
-0.00237
-0.00237
-0.00257
-0.00198
-0.00218
-0.00179
-0.00198
-0.00237
-0.00218
-0.00179
-0.00237
-0.00218
-0.00276
-0.00276
-0.00296
-0.00296
-0.00315
-0.00315
-0.00276
-0.00315
-0.00296
-0.00335
-0.00315
-0.00296
-0.00296
-0.00296
-0.00335
-0.00276
-0.00335
-0.00315
-0.00374
-0.00315
-0.00335
-0.00315
-0.00315
-0.00315
-0.00257
-0.00315
-0.00335
-0.00335
-0.00374
-0.00335
-0.00354
-0.00296
-0.00296
-0.00296
-0.00296
-0.00296
-0.00315
-0.00276
-0.00296
-0.00257
-0.00296
-0.00257
-0.00257
-0.00276
-0.00257
-0.00257
-0.00237
-0.00296
-0.00315
-0.00237
-0.00276
-0.00257
-0.00257
-0.00315
-0.00296
-0.00237
-0.00296
-0.00257
-0.00257
-0.00296
-0.00296
-0.00237
-0.00257
-0.00237
-0.00257
-0.00237
-0.00257
-0.00257
-0.00218
-0.00179
-0.00179
-0.00179
-0.00198
-0.00159
-0.00179
-0.00159
-0.00139
-0.00159
-0.00179
-0.00139
-0.00159
-0.00139
-0.00159
-0.00179
-0.00159
-0.00139
-0.001
-0.00061
-0.00022
-0.00061
-0.00061
-0.00061
-0.00081
-0.00081
-0.00081
-0.00061
-0.00061
-0.00042
-0.001
-0.0012
-0.001
-0.00081
-0.0012
-0.001
-0.001
-0.00139
-0.00139
-0.00061
-0.00081
-0.00061
-0.00139
-0.00081
-0.00159
-0.00159
-0.001
-0.001
-0.001
-0.0012
-0.0012
-0.001
-0.00081
-0.001
-0.0012
-0.00139
-0.0012
-0.0012
-0.0012
-0.00139
-0.0012
-0.001
-0.0012
-0.00081
-0.0012
-0.00139
-0.00081
-0.00081
-0.0012
-0.001
-0.0012
-0.001
-0.0012
-0.001
-0.001
-0.00139
-0.00159
-0.00139
-0.00198
-0.00159
-0.00139
-0.00139
-0.00159
-0.00179
-0.00237
-0.00237
-0.00257
-0.00257
-0.00296
-0.00237
-0.00296
-0.00276
-0.00276
-0.00276
-0.00315
-0.00315
-0.00335
-0.00335
-0.00315
-0.00335
-0.00335
-0.00296
-0.00315
-0.00315
-0.00315
-0.00374
-0.00393
-0.00374
-0.00374
-0.00315
-0.00354
-0.00315
-0.00335
-0.00374
-0.00393
-0.00374
-0.00374
-0.00393
-0.00393
-0.00432
-0.00413
-0.00413
-0.00432
-0.00374
-0.00393
-0.00374
-0.00393
-0.00413
-0.00393
-0.00354
-0.00335
-0.00354
-0.00315
-0.00315
-0.00315
-0.00296
-0.00315
-0.00315
-0.00335
-0.00315
-0.00335
-0.00315
-0.00335
-0.00296
-0.00276
-0.00335
-0.00296
-0.00276
-0.00296
-0.00296
-0.00374
-0.00296
-0.00257
-0.00237
-0.00315
-0.00296
-0.00276
-0.00257
-0.00257
-0.00296
-0.00276
-0.00276
-0.00276
-0.00276
-0.00276
-0.00218
-0.00276
-0.00218
-0.00237
-0.00237
-0.00198
-0.00198
-0.00218
-0.00198
-0.00218
-0.00237
-0.00179
-0.00237
-0.00179
-0.00179
-0.00179
-0.00159
-0.00159
-0.00218
-0.00198
-0.00218
-0.00218
-0.00237
-0.00198
-0.00179
-0.00159
-0.00218
-0.00198
-0.00198
-0.00198
-0.00237
-0.00198
-0.00218
-0.00218
-0.00218
-0.00159
-0.00159
-0.00218
-0.00179
-0.00198
-0.00198
-0.00198
-0.00139
-0.0012
-0.00139
-0.0012
-0.00179
-0.00139
-0.00159
-0.00159
-0.00198
-0.00179
-0.0012
-0.00159
-0.0012
-0.00179
-0.001
-0.0012
-0.0012
-0.00139
-0.0012
-0.00159
-0.0012
-0.0012
-0.001
-0.00139
-0.0012
-0.00159
-0.00139
-0.00159
-0.0012
-0.0012
-0.00159
-0.00139
-0.00139
-0.00139
-0.00139
-0.00139
-0.00179
-0.0012
-0.00198
-0.00218
-0.00218
-0.00237
-0.00179
-0.00198
-0.00218
-0.00257
-0.00237
-0.00237
-0.00159
-0.00218
-0.00237
-0.00257
-0.00237
-0.00257
-0.00198
-0.00237
-0.00257
-0.00257
-0.00237
-0.00237
-0.00257
-0.00276
-0.00296
-0.00315
-0.00276
-0.00276
-0.00276
-0.00315
-0.00296
-0.00315
-0.00296
-0.00257
-0.00296
-0.00276
-0.00335
-0.00296
-0.00296
-0.00257
-0.00315
-0.00315
-0.00354
-0.00315
-0.00335
-0.00393
-0.00374
-0.00315
-0.00335
-0.00354
-0.00374
-0.00432
-0.00354
-0.00413
-0.00393
-0.00393
-0.00374
-0.00452
-0.00432
-0.00354
-0.00393
-0.00374
-0.00354
-0.00354
-0.00393
-0.00374
-0.00374
-0.00354
-0.00335
-0.00393
-0.00354
-0.00354
-0.00315
-0.00315
-0.00393
-0.00374
-0.00315
-0.00296
-0.00296
-0.00276
-0.00237
-0.00257
-0.00315
-0.00296
-0.00296
-0.00296
-0.00237
-0.00296
-0.00296
-0.00315
-0.00276
-0.00296
-0.00257
-0.00237
-0.00237
-0.00218
-0.00237
-0.00276
-0.00296
-0.00296
-0.00296
-0.00276
-0.00257
-0.00218
-0.00237
-0.00198
-0.00257
-0.00276
-0.00296
-0.00276
-0.00276
-0.00276
-0.00237
