-1.470000416000E-01

-0.00257
-0.00237
-0.00257
-0.00296
-0.00218
-0.00257
-0.00276
-0.00218
-0.00276
-0.00296
-0.00257
-0.00257
-0.00237
-0.00218
-0.00257
-0.00237
-0.00237
-0.00257
-0.00257
-0.00257
-0.00276
-0.00237
-0.00315
-0.00296
-0.00257
-0.00257
-0.00257
-0.00276
-0.00257
-0.00257
-0.00257
-0.00276
-0.00237
-0.00257
-0.00257
-0.00296
-0.00237
-0.00257
-0.00218
-0.00218
-0.00218
-0.00276
-0.00296
-0.00257
-0.00276
-0.00296
-0.00276
-0.00315
-0.00257
-0.00335
-0.00335
-0.00335
-0.00296
-0.00296
-0.00296
-0.00276
-0.00276
-0.00315
-0.00315
-0.00354
-0.00315
-0.00315
-0.00296
-0.00237
-0.00257
-0.00296
-0.00296
-0.00276
-0.00257
-0.00276
-0.00296
-0.00296
-0.00335
-0.00276
-0.00296
-0.00296
-0.00296
-0.00276
-0.00296
-0.00276
-0.00237
-0.00257
-0.00257
-0.00276
-0.00257
-0.00237
-0.00218
-0.00218
-0.00237
-0.00296
-0.00315
-0.00276
-0.00218
-0.00237
-0.00257
-0.00218
-0.00237
-0.00218
-0.00237
-0.00237
-0.00276
-0.00296
-0.00315
-0.00296
-0.00276
-0.00335
-0.00276
-0.00296
-0.00237
-0.00237
-0.00296
-0.00276
-0.00276
-0.00257
-0.00257
-0.00296
-0.00237
-0.00257
-0.00276
-0.00315
-0.00315
-0.00315
-0.00315
-0.00315
-0.00296
-0.00276
-0.00276
-0.00296
-0.00296
-0.00315
-0.00276
-0.00296
-0.00315
-0.00257
-0.00296
-0.00237
-0.00276
-0.00296
-0.00237
-0.00218
-0.00198
-0.00179
-0.00179
-0.00198
-0.00179
-0.00159
-0.00159
-0.00159
-0.00179
-0.00218
-0.00218
-0.00198
-0.00218
-0.00198
-0.00276
-0.00276
-0.00237
-0.00296
-0.00335
-0.00276
-0.00257
-0.00257
-0.00276
-0.00276
-0.00257
-0.00198
-0.00237
-0.00257
-0.00296
-0.00257
-0.00237
-0.00218
-0.00257
-0.00296
-0.00237
-0.00257
-0.00257
-0.00296
-0.00257
-0.00335
-0.00354
-0.00276
-0.00296
-0.00257
-0.00315
-0.00315
-0.00296
-0.00296
-0.00315
-0.00315
-0.00296
-0.00276
-0.00276
-0.00296
-0.00335
-0.00296
-0.00276
-0.00335
-0.00296
-0.00296
-0.00315
-0.00315
-0.00276
-0.00296
-0.00276
-0.00296
-0.00296
-0.00276
-0.00257
-0.00296
-0.00315
-0.00315
-0.00296
-0.00315
-0.00296
-0.00315
-0.00296
-0.00276
-0.00179
0.00017
0.00427
0.00759
0.01189
0.01638
0.02165
0.02634
0.03181
0.03767
0.04392
0.05017
0.05564
0.06071
0.0654
0.07009
0.07458
0.0779
0.08122
0.08474
0.08767
0.09079
0.09275
0.09489
0.09685
0.099
0.10056
0.10173
0.1029
0.10388
0.10447
0.10525
0.10564
0.10661
0.10622
0.10661
0.10622
0.10622
0.10583
0.10622
0.10544
0.10505
0.10407
0.10368
0.10271
0.10193
0.10134
0.10017
0.09978
0.0988
0.09763
0.09685
0.09529
0.0947
0.09372
0.09236
0.09196
0.09079
0.09021
0.08923
0.08806
0.08728
0.08591
0.08513
0.08376
0.08318
0.082
0.08103
0.07966
0.07868
0.07771
0.07693
0.07556
0.07458
0.074
0.07302
0.07243
0.07126
0.07048
0.06931
0.06775
0.06736
0.06677
0.06599
0.06501
0.06423
0.06345
0.06286
0.06189
0.0613
0.06071
0.05993
0.05876
0.05818
0.05759
0.05681
0.05642
0.05603
0.05603
0.05622
0.05642
0.05642
0.057
0.05759
0.05857
0.05876
0.05915
0.05974
0.05954
0.05974
0.05974
0.06032
0.06032
0.05993
0.06013
0.05974
0.05935
0.05935
0.05915
0.05876
0.05857
0.05818
0.05818
0.05739
0.05759
0.0572
0.05642
0.05603
0.05525
0.05505
0.05466
0.05466
0.05388
0.0531
0.0529
0.05232
0.05193
0.05154
0.05075
0.04997
0.04939
0.04841
0.04821
0.04763
0.04685
0.04665
0.04607
0.04587
0.04548
0.0445
0.04431
0.04353
0.04314
0.04275
0.04236
0.04138
0.04138
0.0406
0.04021
0.04021
0.03923
0.03904
0.03825
0.03806
0.03747
0.03728
0.03689
0.0365
0.03571
0.03513
0.03454
0.03396
0.03376
0.03376
0.03337
0.03279
0.03239
0.03142
0.03122
0.03122
0.03064
0.03064
0.02986
0.02907
0.02868
0.02829
0.0281
0.02771
0.02751
0.02712
0.02654
0.02614
0.02556
0.02575
0.02536
0.02517
0.0238
0.0238
0.0238
0.02341
0.02321
0.02282
0.02204
0.02185
0.02165
0.02126
0.02087
0.02048
0.02048
0.02029
0.02029
0.01989
0.0197
0.01989
0.0195
0.01911
0.01911
0.01892
0.01794
0.01814
0.01833
0.01716
0.01696
0.01677
0.01657
0.01696
0.01618
0.01618
0.01599
0.01618
0.0156
0.01579
0.0154
0.0156
0.0154
0.01521
0.01521
0.01482
0.01501
0.01443
0.01423
0.01423
0.01364
0.01325
0.01267
0.01286
0.01306
0.01306
0.01267
0.01247
0.01208
0.01208
0.01189
0.01247
0.01189
0.0115
0.0113
0.01111
0.01091
0.01052
0.01052
0.01052
0.01013
0.01032
0.01013
0.01032
0.00974
0.00974
0.00993
0.00954
0.00896
0.00876
0.00896
0.00818
0.00896
0.00896
0.00798
0.00798
0.00779
0.00818
0.00818
0.00798
0.00759
0.00759
0.00739
0.0072
0.00739
0.00759
0.00739
0.00681
0.007
0.00681
0.00661
0.00661
0.00642
0.00622
0.00642
0.00622
0.00583
0.00583
0.00544
0.00583
0.00505
0.00525
0.00525
0.00564
0.00525
0.00466
0.00466
0.00427
0.00486
0.00505
0.00486
0.00505
0.00505
0.00486
0.00466
0.00466
0.00446
0.00427
0.00407
0.00446
0.00427
0.00427
0.00427
0.00446
0.00427
0.00446
0.00427
0.00446
0.00446
0.00427
0.00388
0.00446
0.00407
0.00427
0.00368
0.00368
0.00368
0.00349
0.00349
0.0031
0.00329
0.0031
0.0031
0.0031
0.0031
0.0029
0.00232
0.00251
0.00232
0.00232
0.00193
0.00193
0.00154
0.00173
0.00212
0.00193
0.00173
0.00173
0.00154
0.00154
0.00154
0.00134
0.00134
0.00134
0.00134
0.00114
0.00114
0.00134
0.00075
0.00114
0.00114
0.00114
0.00056
0.00095
0.00075
0.00154
0.00114
0.00095
0.00017
0.00095
0.00095
0.00095
0.00075
0.00075
0.00095
0.00095
0.00075
0.00056
0.00075
0.00075
0.00056
0.00056
0.00036
0.00056
0.00056
0.00036
0.00036
0.00017
0.00017
0.00036
0.00017
-0.00042
-3e-05
-0.00022
0.00017
-0.00061
-0.00042
-0.00042
-3e-05
-0.00042
0.00017
-3e-05
-0.00022
0.00017
-0.00042
-3e-05
-0.00042
-0.00042
-0.001
-0.00061
-0.00042
-0.00022
-0.00042
-0.00061
-0.00061
-0.00022
-0.00042
-3e-05
-0.00042
-3e-05
-0.00042
-0.00042
-0.00081
-0.00081
-0.001
-0.00081
-0.00042
-0.00022
-0.00042
-0.0012
-0.0012
-0.001
-0.00081
-0.0012
-0.00139
-0.0012
-0.001
-0.001
-0.00139
-0.00139
-0.00139
-0.00159
-0.00139
-0.00179
-0.00198
-0.00159
-0.00198
-0.00179
-0.00159
-0.00198
-0.00179
-0.00198
-0.00179
-0.00179
-0.00198
-0.00179
-0.00218
-0.00218
-0.00159
-0.00179
-0.00179
-0.00198
-0.00179
-0.00179
-0.00139
-0.0012
-0.00159
-0.00198
-0.00159
-0.00139
-0.00139
-0.0012
-0.00139
-0.00139
-0.0012
-0.00179
-0.00159
-0.00179
-0.00159
-0.00139
-0.00179
-0.00159
-0.00179
-0.00198
-0.00179
-0.00218
-0.00198
-0.00237
-0.00198
-0.00218
-0.00237
-0.00218
-0.00237
-0.00218
-0.00179
-0.00237
-0.00198
-0.00198
-0.00237
-0.00237
-0.00237
-0.00276
-0.00237
-0.00218
-0.00218
-0.00257
-0.00257
-0.00237
-0.00218
-0.00237
-0.00237
-0.00218
-0.00237
-0.00257
-0.00276
-0.00218
-0.00257
-0.00218
-0.00257
-0.00179
-0.00237
-0.00218
-0.00218
-0.00257
-0.00237
-0.00218
-0.00218
-0.00257
-0.00218
-0.00179
-0.00179
-0.00198
-0.00237
-0.00179
-0.00179
-0.00218
-0.00218
-0.00179
-0.00237
-0.00198
-0.00237
-0.00198
-0.00218
-0.00237
-0.00237
-0.00218
-0.00218
-0.00218
-0.00218
-0.00198
-0.00159
-0.00179
-0.00218
-0.00237
-0.00198
-0.00179
-0.00237
-0.00218
-0.00237
-0.00218
-0.00276
-0.00198
-0.00237
-0.00198
-0.00198
-0.00198
-0.00179
-0.00198
-0.00198
-0.00218
-0.00218
-0.00179
-0.00237
-0.00218
-0.00218
-0.00237
-0.00237
-0.00218
-0.00296
-0.00257
-0.00257
-0.00237
-0.00218
-0.00237
-0.00237
-0.00276
-0.00237
-0.00276
-0.00315
-0.00276
-0.00296
-0.00296
-0.00276
-0.00257
-0.00296
-0.00257
-0.00296
-0.00276
-0.00296
-0.00276
-0.00257
-0.00237
-0.00257
-0.00257
-0.00296
-0.00296
-0.00257
-0.00276
-0.00257
-0.00218
-0.00198
-0.00237
-0.00257
-0.00257
-0.00218
-0.00276
-0.00198
-0.00237
-0.00218
-0.00218
-0.00198
-0.00237
-0.00237
-0.00218
-0.00198
-0.00179
-0.00218
-0.00218
-0.00218
-0.00218
-0.00179
-0.00237
-0.00198
-0.00179
-0.00198
-0.00218
-0.00159
-0.00179
-0.00159
-0.00218
-0.00159
-0.00198
-0.00218
-0.00218
-0.00198
-0.00218
-0.00198
-0.00237
-0.00198
-0.00237
-0.00257
-0.00257
-0.00276
-0.00296
-0.00257
-0.00237
-0.00198
-0.00218
-0.00296
-0.00237
-0.00276
-0.00276
-0.00237
-0.00257
-0.00257
-0.00257
-0.00257
-0.00257
-0.00296
-0.00315
-0.00296
-0.00257
-0.00276
-0.00276
-0.00257
-0.00296
-0.00276
-0.00335
-0.00296
-0.00276
-0.00257
-0.00257
-0.00315
-0.00276
-0.00315
-0.00276
-0.00257
-0.00296
-0.00276
-0.00257
-0.00237
-0.00237
-0.00276
-0.00296
-0.00237
-0.00257
-0.00257
-0.00237
-0.00257
-0.00237
-0.00276
-0.00257
-0.00257
-0.00257
-0.00296
-0.00296
-0.00296
-0.00276
-0.00257
-0.00276
-0.00257
-0.00315
-0.00315
-0.00315
-0.00296
-0.00296
-0.00296
-0.00296
-0.00296
-0.00257
-0.00237
-0.00257
-0.00315
-0.00296
-0.00315
-0.00276
-0.00276
-0.00315
-0.00276
-0.00257
-0.00296
-0.00257
-0.00296
-0.00296
-0.00315
-0.00354
-0.00315
-0.00335
-0.00296
-0.00296
-0.00335
-0.00335
-0.00374
-0.00335
-0.00296
-0.00335
-0.00315
-0.00335
-0.00335
-0.00335
-0.00335
-0.00296
-0.00354
-0.00354
-0.00335
-0.00354
-0.00374
-0.00354
-0.00315
-0.00335
-0.00335
-0.00374
-0.00315
-0.00335
-0.00315
-0.00354
-0.00315
-0.00276
-0.00335
-0.00296
-0.00296
-0.00296
-0.00315
-0.00296
-0.00335
-0.00276
-0.00296
-0.00257
-0.00237
-0.00237
-0.00296
-0.00276
-0.00218
-0.00237
-0.00198
-0.00237
-0.00237
-0.00237
-0.00237
-0.00276
-0.00276
-0.00257
-0.00237
-0.00237
-0.00218
-0.00257
-0.00257
-0.00335
-0.00296
-0.00257
-0.00237
-0.00257
-0.00296
-0.00296
-0.00315
-0.00315
-0.00276
-0.00296
-0.00335
-0.00315
-0.00315
-0.00335
-0.00315
-0.00315
-0.00296
-0.00315
-0.00354
-0.00354
-0.00335
-0.00315
-0.00315
-0.00296
-0.00335
-0.00315
-0.00335
-0.00335
-0.00315
-0.00335
-0.00315
-0.00296
-0.00296
-0.00315
-0.00315
-0.00276
-0.00276
-0.00315
-0.00335
-0.00296
-0.00276
-0.00257
-0.00335
-0.00315
-0.00315
-0.00296
-0.00296
-0.00296
-0.00315
-0.00276
-0.00276
-0.00276
-0.00276
-0.00257
-0.00296
-0.00276
-0.00257
-0.00276
-0.00257
-0.00257
-0.00276
-0.00296
-0.00296
-0.00218
-0.00296
-0.00276
-0.00276
-0.00218
-0.00276
-0.00257
-0.00276
-0.00296
-0.00335
-0.00315
-0.00335
-0.00315
-0.00315
-0.00237
-0.00296
-0.00296
-0.00296
-0.00296
-0.00276
-0.00237
-0.00257
-0.00257
-0.00257
-0.00257
-0.00257
-0.00296
-0.00296
-0.00257
-0.00237
-0.00237
-0.00296
-0.00296
-0.00296
-0.00257
-0.00296
-0.00237
-0.00257
-0.00237
-0.00276
-0.00296
-0.00237
-0.00257
-0.00296
-0.00296
-0.00315
-0.00276
-0.00276
-0.00296
-0.00257
-0.00296
-0.00296
-0.00315
-0.00315
-0.00296
-0.00335
-0.00315
-0.00315
-0.00315
-0.00296
-0.00315
-0.00315
-0.00315
-0.00315
-0.00296
-0.00296
-0.00335
-0.00296
-0.00276
-0.00257
-0.00257
-0.00237
-0.00296
-0.00276
-0.00257
-0.00237
-0.00257
-0.00257
-0.00257
-0.00257
-0.00257
-0.00237
-0.00257
-0.00276
-0.00237
-0.00257
-0.00257
-0.00296
-0.00276
-0.00237
-0.00257
-0.00276
-0.00257
-0.00276
-0.00257
-0.00296
-0.00354
-0.00335
-0.00276
-0.00276
-0.00257
-0.00315
-0.00257
-0.00315
-0.00315
-0.00335
-0.00315
-0.00354
-0.00296
