-7.790002176000E-01

-0.00276
-0.00296
-0.00296
-0.00237
-0.00237
-0.00198
-0.00218
-0.00218
-0.00257
-0.00198
-0.00139
-0.00218
-0.00237
-0.00218
-0.00139
-0.00139
-0.00159
-0.00179
-0.00139
-0.00159
-0.00159
-0.00159
-0.00139
-0.00139
-0.00159
-0.00218
-0.00159
-0.00198
-0.00179
-0.00198
-0.00179
-0.00218
-0.00218
-0.00218
-0.00179
-0.00237
-0.00198
-0.00179
-0.00237
-0.00237
-0.00218
-0.00257
-0.00237
-0.00218
-0.00198
-0.00218
-0.00198
-0.00257
-0.00159
-0.00218
-0.00198
-0.00276
-0.00257
-0.00257
-0.00237
-0.00257
-0.00276
-0.00218
-0.00179
-0.00218
-0.00237
-0.00198
-0.00257
-0.00276
-0.00237
-0.00257
-0.00218
-0.00237
-0.00237
-0.00218
-0.00237
-0.00257
-0.00179
-0.00198
-0.00218
-0.00237
-0.00218
-0.00218
-0.00237
-0.00218
-0.00179
-0.00257
-0.00218
-0.00257
-0.00218
-0.00218
-0.00179
-0.00159
-0.00198
-0.00218
-0.00198
-0.00218
-0.00198
-0.00257
-0.00237
-0.00198
-0.00218
-0.00257
-0.00218
-0.00276
-0.00237
-0.00198
-0.00237
-0.00237
-0.00257
-0.00237
-0.00257
-0.00218
-0.00237
-0.00218
-0.00218
-0.00198
-0.00198
-0.00218
-0.00179
-0.00218
-0.00237
-0.00237
-0.00257
-0.00276
-0.00218
-0.00198
-0.00237
-0.00276
-0.00218
-0.00237
-0.00198
-0.00237
-0.00159
-0.00257
-0.00179
-0.00237
-0.00218
-0.00276
-0.00257
-0.00237
-0.00257
-0.00218
-0.00237
-0.00257
-0.00237
-0.00257
-0.00237
-0.00257
-0.00218
-0.00237
-0.00257
-0.00276
-0.00257
-0.00218
-0.00237
-0.00237
-0.00237
-0.00218
-0.00198
-0.00198
-0.00237
-0.00257
-0.00218
-0.00218
-0.00198
-0.00218
-0.00218
-0.00198
-0.0012
-0.00179
-0.00159
-0.00198
-0.00179
-0.00179
-0.00198
-0.00218
-0.00198
-0.00198
-0.00159
-0.00218
-0.00198
-0.00237
-0.00159
-0.00237
-0.00218
-0.00237
-0.00198
-0.00139
-0.00159
-0.00159
-0.00159
-0.00218
-0.00237
-0.00198
-0.00179
-0.00218
-0.00179
-0.00218
-0.00179
-0.00179
-0.00218
-0.00218
-0.00237
-0.00218
-0.00237
-0.00218
-0.00218
-0.00237
-0.00218
-0.00159
-0.0012
-0.00022
0.00095
0.00251
0.00368
0.00407
0.00564
0.00642
0.00759
0.00837
0.00915
0.01013
0.01091
0.01169
0.01286
0.01423
0.0156
0.01736
0.01911
0.02107
0.02302
0.02497
0.02771
0.03005
0.03298
0.03591
0.03904
0.04157
0.0445
0.04724
0.05056
0.05271
0.05505
0.05642
0.05857
0.05993
0.0615
0.06306
0.06443
0.06501
0.0656
0.06599
0.06638
0.06716
0.06794
0.06872
0.06853
0.06931
0.06911
0.06892
0.06911
0.06872
0.06892
0.06833
0.06833
0.06794
0.06755
0.06716
0.06677
0.06638
0.06618
0.0656
0.06482
0.06423
0.06404
0.06364
0.06247
0.06208
0.06111
0.06032
0.05974
0.05935
0.05896
0.05837
0.057
0.05661
0.05544
0.05544
0.05407
0.05388
0.05329
0.05271
0.05232
0.05154
0.05154
0.05036
0.05017
0.04939
0.0488
0.04724
0.04724
0.04646
0.04607
0.04548
0.0447
0.0445
0.04333
0.04275
0.04236
0.04177
0.04099
0.0406
0.04001
0.03943
0.03904
0.03806
0.03806
0.03767
0.03747
0.03708
0.03708
0.03611
0.03571
0.03513
0.03513
0.03435
0.03435
0.03376
0.03337
0.03318
0.03279
0.03239
0.03142
0.03083
0.03064
0.03025
0.03025
0.02946
0.02907
0.02868
0.02849
0.0281
0.02771
0.02732
0.02693
0.02673
0.02673
0.02595
0.02634
0.02595
0.02536
0.02497
0.02478
0.02439
0.02439
0.024
0.02361
0.02302
0.02243
0.02204
0.02185
0.02126
0.02107
0.02126
0.02068
0.02048
0.0197
0.01931
0.01911
0.01892
0.01892
0.01911
0.01892
0.01833
0.01814
0.01794
0.01794
0.01736
0.01716
0.01716
0.01696
0.01657
0.01638
0.01599
0.0156
0.01521
0.0154
0.01443
0.01521
0.01482
0.01423
0.01404
0.01364
0.01345
0.01384
0.01345
0.01345
0.01325
0.01306
0.01325
0.01306
0.01267
0.01247
0.01247
0.01189
0.01169
0.01169
0.01208
0.0115
0.0115
0.01091
0.01071
0.0113
0.01091
0.01052
0.01032
0.01013
0.01013
0.00974
0.00954
0.00993
0.00974
0.00954
0.00935
0.00857
0.00896
0.00915
0.00915
0.00954
0.00896
0.00876
0.00896
0.00818
0.00857
0.00857
0.00857
0.00837
0.00798
0.00798
0.007
0.0072
0.0072
0.007
0.00681
0.00681
0.00661
0.00681
0.00622
0.00661
0.00661
0.00642
0.00661
0.00622
0.00603
0.00603
0.00583
0.00603
0.00583
0.00583
0.00583
0.00564
0.00544
0.00505
0.00486
0.00505
0.00486
0.00544
0.00525
0.00505
0.00505
0.00446
0.00427
0.00388
0.00446
0.00446
0.00427
0.00466
0.00466
0.00486
0.00446
0.00427
0.00486
0.00486
0.00466
0.00446
0.00407
0.00407
0.00446
0.00446
0.00407
0.00388
0.00388
0.00388
0.00407
0.00368
0.00349
0.00349
0.00349
0.00368
0.00349
0.00349
0.0029
0.00368
0.00349
0.00329
0.0031
0.00349
0.00329
0.0031
0.0029
0.00251
0.00271
0.00232
0.00212
0.00232
0.00212
0.00232
0.00212
0.00154
0.00114
0.00154
0.00154
0.00134
0.00154
0.00134
0.00173
0.00114
0.00154
0.00095
0.00114
0.00056
0.00095
0.00075
0.00056
0.00056
0.00095
0.00114
0.00095
0.00095
0.00036
0.00056
0.00075
0.00095
0.00075
0.00056
0.00017
0.00036
0.00017
0.00036
0.00056
0.00095
0.00036
0.00036
0.00056
0.00017
0.00056
0.00017
-0.00022
0.00036
-3e-05
-3e-05
-3e-05
0.00017
-0.00022
0.00036
-0.00022
-0.00022
-0.00042
-0.00061
-0.00081
-0.00061
-0.00061
-0.00081
-0.00081
-0.00061
-0.00081
-3e-05
-0.00081
-0.00042
-0.00081
-0.00022
-0.00061
-0.00061
-0.00042
-0.00081
-0.00081
-0.001
-0.00061
-0.00081
-0.00042
-0.00022
-0.00081
-0.001
-0.00061
-0.00061
-0.00081
-0.00081
-0.00081
-0.00061
-0.001
-0.00042
-0.00081
-0.00042
-0.00042
-0.00061
-0.00081
-0.00081
-0.0012
-0.00061
-0.00081
-0.00081
-0.001
-0.00061
-0.00081
-0.00081
-0.00081
-0.001
-0.001
-0.00081
-0.00061
-0.001
-0.001
-0.0012
-0.0012
-0.00159
-0.00081
-0.0012
-0.00081
-0.0012
-0.001
-0.00198
-0.00159
-0.0012
-0.001
-0.001
-0.00081
-0.00081
-0.00081
-0.00061
-0.0012
-0.001
-0.0012
-0.00139
-0.00081
-0.00081
-0.001
-0.00061
-0.00081
-0.00081
-0.00061
-0.00081
-0.00061
-0.00081
-0.00081
-0.00061
-0.00081
-0.0012
-0.001
-0.0012
-0.0012
-0.0012
-0.0012
-0.0012
-0.00159
-0.00139
-0.00139
-0.00179
-0.00159
-0.00081
-0.00159
-0.00159
-0.00179
-0.00198
-0.00179
-0.00159
-0.00139
-0.00159
-0.0012
-0.00159
-0.00237
-0.00179
-0.00179
-0.00218
-0.00159
-0.00179
-0.00179
-0.00198
-0.00179
-0.00179
-0.00218
-0.00179
-0.00159
-0.00139
-0.00198
-0.00198
-0.00198
-0.00179
-0.00159
-0.00179
-0.00198
-0.00198
-0.00179
-0.00198
-0.00218
-0.00179
-0.00198
-0.00218
-0.00159
-0.00159
-0.00179
-0.0012
-0.00159
-0.00198
-0.00159
-0.00139
-0.00159
-0.00198
-0.00198
-0.00139
-0.00139
-0.00179
-0.0012
-0.00159
-0.00159
-0.00159
-0.00198
-0.00159
-0.00159
-0.00237
-0.00237
-0.00218
-0.00218
-0.00257
-0.00179
-0.00198
-0.00139
-0.00159
-0.00198
-0.00198
-0.00198
-0.00159
-0.00179
-0.00237
-0.00218
-0.00218
-0.00198
-0.00179
-0.00218
-0.00237
-0.00198
-0.00179
-0.00198
-0.00198
-0.00198
-0.00198
-0.00179
-0.00218
-0.00179
-0.00179
-0.00218
-0.00179
-0.00179
-0.00159
-0.00198
-0.00179
-0.00218
-0.00237
-0.00198
-0.00198
-0.00218
-0.00218
-0.00218
-0.00218
-0.00218
-0.00218
-0.00198
-0.00218
-0.00198
-0.00179
-0.00237
-0.00198
-0.00179
-0.00139
-0.00159
-0.00237
-0.00198
-0.00237
-0.00218
-0.00198
-0.00179
-0.00198
-0.00198
-0.00179
-0.00159
-0.00179
-0.00198
-0.00179
-0.00179
-0.00159
-0.00179
-0.00198
-0.00179
-0.00198
-0.00198
-0.00218
-0.00218
-0.00218
-0.00237
-0.00237
-0.00218
-0.00179
-0.00159
-0.00139
-0.00139
-0.00179
-0.00159
-0.00179
-0.00179
-0.00179
-0.00159
-0.00198
-0.00198
-0.00218
-0.00198
-0.00218
-0.00218
-0.00218
-0.00257
-0.00237
-0.00257
-0.00257
-0.00218
-0.00276
-0.00237
-0.00237
-0.00237
-0.00257
-0.00218
-0.00218
-0.00179
-0.00198
-0.00257
-0.00237
-0.00296
-0.00237
-0.00198
-0.00237
-0.00257
-0.00257
-0.00218
-0.00218
-0.00237
-0.00257
-0.00257
-0.00218
-0.00198
-0.00198
-0.00218
-0.00218
-0.00218
-0.00218
-0.00179
-0.00159
-0.00198
-0.00218
-0.00179
-0.00237
-0.00218
-0.00198
-0.00198
-0.00198
-0.00198
-0.00218
-0.00198
-0.00257
-0.00237
-0.00218
-0.00218
-0.00179
-0.00218
-0.00198
-0.00237
-0.00257
-0.00276
-0.00237
-0.00276
-0.00257
-0.00276
-0.00257
-0.00257
-0.00237
-0.00237
-0.00257
-0.00257
-0.00237
-0.00237
-0.00237
-0.00237
-0.00218
-0.00198
-0.00218
-0.00237
-0.00257
-0.00296
-0.00218
-0.00218
-0.00218
-0.00198
-0.00237
-0.00237
-0.00237
-0.00237
-0.00218
-0.00237
-0.00218
-0.00237
-0.00218
-0.00218
-0.00257
-0.00276
-0.00276
-0.00237
-0.00257
-0.00237
-0.00257
-0.00276
-0.00218
-0.00315
-0.00257
-0.00237
-0.00218
-0.00218
-0.00276
-0.00257
-0.00276
-0.00276
-0.00276
-0.00257
-0.00276
-0.00257
-0.00257
-0.00276
-0.00237
-0.00237
-0.00257
-0.00237
-0.00257
-0.00276
-0.00218
-0.00218
-0.00237
-0.00218
-0.00237
-0.00198
-0.00237
-0.00198
-0.00257
-0.00237
-0.00237
-0.00218
-0.00198
-0.00198
-0.00198
-0.00218
-0.00179
-0.00198
-0.00198
-0.00179
-0.00198
-0.00179
-0.00218
-0.00237
-0.00198
-0.00237
-0.00198
-0.00179
-0.00179
-0.00179
-0.00179
-0.00257
-0.00218
-0.00218
-0.00218
-0.00276
-0.00237
-0.00198
-0.00257
-0.00237
-0.00257
-0.00276
-0.00237
-0.00276
-0.00276
-0.00237
-0.00276
-0.00276
-0.00218
-0.00257
-0.00257
-0.00257
-0.00218
-0.00198
-0.00237
-0.00218
-0.00237
-0.00218
-0.00218
-0.00237
-0.00218
-0.00257
-0.00237
-0.00237
-0.00237
-0.00198
-0.00257
-0.00237
-0.00276
-0.00276
-0.00257
-0.00296
-0.00315
-0.00257
-0.00237
-0.00237
-0.00276
-0.00257
-0.00257
-0.00296
-0.00276
-0.00296
-0.00276
-0.00315
-0.00296
-0.00257
-0.00276
-0.00257
-0.00237
-0.00237
-0.00237
-0.00276
-0.00237
-0.00218
-0.00237
-0.00276
-0.00257
-0.00276
-0.00296
-0.00257
-0.00257
-0.00276
-0.00237
-0.00257
-0.00237
-0.00218
-0.00237
-0.00276
-0.00218
-0.00198
-0.00237
-0.00198
-0.00198
-0.00218
-0.00257
-0.00276
-0.00276
-0.00335
-0.00315
-0.00276
-0.00257
-0.00237
-0.00237
-0.00276
-0.00257
-0.00276
-0.00257
-0.00257
-0.00276
-0.00335
-0.00237
-0.00296
-0.00296
-0.00276
-0.00296
-0.00257
-0.00315
-0.00315
-0.00296
-0.00374
-0.00315
-0.00296
-0.00257
-0.00296
-0.00237
-0.00296
-0.00315
-0.00335
-0.00315
-0.00335
-0.00276
-0.00237
-0.00296
-0.00218
-0.00237
-0.00237
-0.00257
-0.00179
-0.00218
-0.00237
-0.00218
-0.00198
-0.00218
-0.00198
-0.00179
-0.00198
-0.00218
-0.00179
-0.00237
-0.00198
-0.00198
-0.00218
-0.00218
-0.00237
-0.00179
-0.00218
-0.00218
-0.00218
-0.00237
-0.00237
-0.00218
-0.00257
-0.00237
-0.00218
-0.00218
-0.00198
-0.00198
-0.00198
-0.00198
-0.00218
-0.00257
-0.00276
-0.00218
-0.00296
-0.00276
-0.00257
-0.00257
-0.00276
-0.00257
-0.00296
-0.00257
-0.00237
-0.00257
-0.00276
-0.00257
-0.00257
-0.00237
-0.00257
-0.00237
-0.00237
-0.00257
-0.00237
-0.00296
-0.00276
-0.00257
-0.00296
-0.00257
-0.00276
-0.00237
-0.00276
-0.00296
-0.00296
-0.00257
-0.00296
-0.00276
-0.00257
-0.00276
-0.00296
-0.00237
-0.00237
-0.00257
-0.00276
-0.00237
-0.00237
-0.00237
-0.00237
-0.00257
-0.00237
-0.00159
-0.00198
-0.00179
-0.00218
-0.00257
-0.00218
-0.00257
-0.00296
-0.00315
-0.00296
-0.00257
-0.00257
-0.00296
-0.00276
-0.00315
-0.00296
-0.00335
-0.00296
