-8.200002304000E-01

-0.00354
-0.00393
-0.00374
-0.00393
-0.00354
-0.00374
-0.00354
-0.00374
-0.00354
-0.00335
-0.00315
-0.00296
-0.00296
-0.00296
-0.00296
-0.00335
-0.00354
-0.00335
-0.00335
-0.00315
-0.00315
-0.00354
-0.00296
-0.00296
-0.00296
-0.00276
-0.00276
-0.00276
-0.00237
-0.00276
-0.00257
-0.00237
-0.00237
-0.00237
-0.00257
-0.00237
-0.00237
-0.00218
-0.00218
-0.00257
-0.00179
-0.00198
-0.00237
-0.00218
-0.00198
-0.00276
-0.00198
-0.00237
-0.00218
-0.00276
-0.00276
-0.00257
-0.00276
-0.00335
-0.00257
-0.00296
-0.00257
-0.00257
-0.00257
-0.00276
-0.00237
-0.00276
-0.00237
-0.00276
-0.00296
-0.00296
-0.00315
-0.00296
-0.00315
-0.00315
-0.00315
-0.00315
-0.00335
-0.00315
-0.00315
-0.00335
-0.00315
-0.00296
-0.00237
-0.00296
-0.00257
-0.00276
-0.00315
-0.00296
-0.00315
-0.00237
-0.00276
-0.00257
-0.00276
-0.00296
-0.00257
-0.00257
-0.00276
-0.00276
-0.00257
-0.00237
-0.00218
-0.00237
-0.00296
-0.00315
-0.00257
-0.00276
-0.00257
-0.00296
-0.00257
-0.00276
-0.00218
-0.00276
-0.00237
-0.00218
-0.00237
-0.00315
-0.00218
-0.00257
-0.00276
-0.00257
-0.00276
-0.00276
-0.00237
-0.00296
-0.00257
-0.00335
-0.00257
-0.00296
-0.00296
-0.00315
-0.00296
-0.00315
-0.00276
-0.00335
-0.00237
-0.00276
-0.00257
-0.00237
-0.00237
-0.00296
-0.00276
-0.00276
-0.00237
-0.00237
-0.00257
-0.00276
-0.00218
-0.00296
-0.00315
-0.00257
-0.00296
-0.00296
-0.00276
-0.00315
-0.00335
-0.00354
-0.00296
-0.00315
-0.00335
-0.00296
-0.00276
-0.00296
-0.00296
-0.00276
-0.00296
-0.00257
-0.00296
-0.00315
-0.00276
-0.00276
-0.00257
-0.00237
-0.00237
-0.00276
-0.00257
-0.00257
-0.00237
-0.00257
-0.00237
-0.00276
-0.00257
-0.00218
-0.00218
-0.00257
-0.00179
-0.00198
-0.00198
-0.00218
-0.00237
-0.00276
-0.00237
-0.00237
-0.00218
-0.00257
-0.00296
-0.00276
-0.00237
-0.00276
-0.00315
-0.00296
-0.00276
-0.00276
-0.00257
-0.00296
-0.00296
-0.00237
-0.00159
-0.00081
-3e-05
0.00173
0.00349
0.00603
0.00798
0.01032
0.01208
0.01423
0.01638
0.01794
0.0197
0.02126
0.02263
0.02458
0.02712
0.02927
0.03103
0.03357
0.03532
0.03767
0.0406
0.04372
0.04763
0.05095
0.05427
0.05837
0.06111
0.06404
0.06638
0.06931
0.07146
0.0738
0.07575
0.0779
0.08025
0.08239
0.08435
0.08708
0.08864
0.09079
0.09196
0.09411
0.09529
0.09665
0.09724
0.09782
0.09861
0.0988
0.099
0.09997
0.09958
0.09958
0.09997
0.09939
0.0988
0.09841
0.09802
0.09782
0.09743
0.09685
0.09626
0.09568
0.09509
0.0945
0.09431
0.09314
0.09314
0.09216
0.09157
0.09079
0.09079
0.0906
0.08982
0.08943
0.08864
0.08825
0.08747
0.08708
0.0863
0.08532
0.08493
0.08435
0.08357
0.08259
0.082
0.08142
0.08142
0.07986
0.07946
0.07849
0.0779
0.07673
0.07614
0.07536
0.07419
0.07321
0.07263
0.07204
0.07146
0.07029
0.0697
0.06853
0.06755
0.06657
0.06618
0.0656
0.06443
0.06404
0.06306
0.06247
0.06169
0.06111
0.06052
0.05954
0.05915
0.05818
0.05739
0.05661
0.05642
0.05525
0.05486
0.05388
0.05368
0.0529
0.05251
0.05114
0.05114
0.05056
0.04997
0.0488
0.04861
0.04743
0.04724
0.04685
0.04646
0.04568
0.04489
0.0445
0.04431
0.04392
0.04353
0.04294
0.04236
0.04177
0.04157
0.04079
0.0406
0.03982
0.03923
0.03923
0.03904
0.03845
0.03806
0.03747
0.03689
0.03611
0.03591
0.03552
0.03513
0.03474
0.03415
0.03396
0.03337
0.03259
0.03239
0.03181
0.03181
0.03103
0.03083
0.03044
0.03025
0.02927
0.02888
0.02888
0.02849
0.0279
0.02751
0.02712
0.02654
0.02575
0.02575
0.02575
0.02536
0.02517
0.02497
0.024
0.0238
0.0238
0.02341
0.02341
0.02321
0.02302
0.02282
0.02204
0.02185
0.02165
0.02146
0.02126
0.02087
0.02009
0.02029
0.02048
0.02009
0.0195
0.0195
0.01892
0.01892
0.01853
0.01814
0.01794
0.01794
0.01794
0.01755
0.01736
0.01736
0.01677
0.01657
0.01638
0.01638
0.01579
0.0154
0.01521
0.01501
0.01462
0.01482
0.01423
0.01404
0.01423
0.01364
0.01325
0.01325
0.01267
0.01267
0.01267
0.01228
0.01267
0.01189
0.01247
0.01208
0.01189
0.01189
0.01208
0.01189
0.0113
0.0113
0.01052
0.01071
0.01071
0.01013
0.01091
0.01032
0.00993
0.00954
0.00935
0.00935
0.00896
0.00954
0.00876
0.00857
0.00857
0.00857
0.00876
0.00857
0.00837
0.00876
0.00876
0.00818
0.00818
0.00818
0.00818
0.00759
0.00759
0.00759
0.0072
0.00759
0.007
0.0072
0.0072
0.0072
0.007
0.0072
0.007
0.0072
0.00622
0.00642
0.00622
0.00642
0.00661
0.007
0.00642
0.00642
0.00661
0.00603
0.00603
0.00564
0.00564
0.00564
0.00564
0.00603
0.00505
0.00525
0.00505
0.00544
0.00525
0.00486
0.00505
0.00505
0.00407
0.00446
0.00368
0.00368
0.00349
0.00349
0.00329
0.0031
0.0031
0.0029
0.0031
0.00329
0.00271
0.0029
0.0029
0.00251
0.00232
0.00251
0.00212
0.00212
0.00212
0.00232
0.0029
0.00251
0.00271
0.00271
0.00251
0.00193
0.00193
0.00232
0.00193
0.00193
0.00212
0.00212
0.00173
0.00212
0.00173
0.00173
0.00134
0.00154
0.00154
0.00154
0.00134
0.00173
0.00173
0.00173
0.00154
0.00173
0.00114
0.00114
0.00095
0.00134
0.00134
0.00134
0.00114
0.00134
0.00114
0.00075
0.00114
0.00134
0.00095
0.00095
0.00056
0.00075
0.00036
0.00075
0.00056
0.00056
-3e-05
0.00036
0.00056
0.00036
0.00017
0.00017
0.00056
0.00017
0.00017
0.00017
-0.00022
0.00036
-0.00061
-0.00022
-0.00061
0.00017
-0.00022
0.00017
-3e-05
0.00017
-0.00061
-0.00061
-0.00042
-0.00042
-0.00042
-3e-05
-0.00042
-0.00022
-3e-05
-0.00022
-3e-05
-0.00042
-0.00061
-0.00042
-0.00061
-0.00061
-0.00081
-0.00081
-0.00061
-0.00081
-0.00081
-0.001
-0.001
-0.0012
-0.0012
-0.0012
-0.001
-0.00159
-0.00159
-0.00139
-0.00139
-0.00159
-0.0012
-0.00159
-0.00139
-0.00139
-0.0012
-0.00081
-0.0012
-0.00139
-0.00139
-0.0012
-0.00159
-0.00139
-0.00159
-0.00139
-0.00139
-0.0012
-0.00159
-0.00139
-0.00139
-0.001
-0.0012
-0.00042
-0.001
-0.00081
-0.001
-0.00081
-0.001
-0.001
-0.00179
-0.0012
-0.00081
-0.00061
-0.00042
-0.00081
-0.00042
-0.00022
-0.00061
-3e-05
-0.00061
-0.00042
-0.00042
-0.00022
-0.00042
-0.00081
-0.00042
-0.00081
-0.00042
-0.001
-0.00081
-0.00081
-0.00061
-0.00022
-0.00081
-0.001
-0.00139
-0.001
-0.00139
-0.0012
-0.001
-0.00139
-0.00139
-0.00159
-0.00159
-0.00139
-0.00179
-0.00139
-0.00179
-0.00179
-0.00179
-0.0012
-0.00179
-0.00159
-0.00159
-0.00179
-0.00139
-0.00179
-0.00179
-0.00218
-0.00218
-0.00218
-0.00198
-0.00179
-0.00139
-0.00179
-0.00198
-0.00159
-0.00198
-0.00218
-0.00159
-0.00179
-0.00159
-0.00179
-0.00198
-0.00198
-0.00198
-0.00179
-0.00179
-0.00198
-0.00179
-0.00139
-0.00198
-0.00139
-0.00198
-0.00237
-0.00179
-0.00179
-0.00237
-0.00198
-0.00257
-0.00179
-0.00237
-0.00237
-0.00218
-0.00257
-0.00198
-0.00237
-0.00198
-0.00218
-0.00179
-0.00159
-0.00159
-0.00179
-0.00159
-0.00179
-0.00179
-0.00179
-0.00218
-0.00179
-0.00237
-0.00218
-0.00198
-0.00179
-0.00179
-0.00179
-0.00179
-0.00159
-0.00179
-0.00218
-0.00198
-0.00198
-0.00198
-0.00198
-0.00198
-0.00159
-0.00218
-0.00218
-0.00179
-0.00198
-0.00257
-0.00198
-0.00257
-0.00257
-0.00257
-0.00276
-0.00296
-0.00296
-0.00335
-0.00257
-0.00237
-0.00237
-0.00257
-0.00315
-0.00257
-0.00237
-0.00276
-0.00257
-0.00257
-0.00257
-0.00257
-0.00257
-0.00198
-0.00237
-0.00198
-0.00179
-0.00198
-0.00159
-0.00159
-0.00198
-0.00179
-0.00257
-0.00218
-0.00218
-0.00257
-0.00257
-0.00257
-0.00198
-0.00218
-0.00179
-0.00218
-0.00257
-0.00237
-0.00237
-0.00218
-0.00198
-0.00198
-0.00218
-0.00218
-0.00218
-0.00257
-0.00237
-0.00257
-0.00257
-0.00237
-0.00257
-0.00237
-0.00276
-0.00315
-0.00296
-0.00354
-0.00335
-0.00296
-0.00335
-0.00374
-0.00315
-0.00335
-0.00335
-0.00335
-0.00354
-0.00374
-0.00315
-0.00315
-0.00315
-0.00315
-0.00276
-0.00315
-0.00296
-0.00296
-0.00296
-0.00296
-0.00296
-0.00315
-0.00276
-0.00296
-0.00296
-0.00315
-0.00315
-0.00335
-0.00296
-0.00335
-0.00335
-0.00315
-0.00315
-0.00315
-0.00296
-0.00276
-0.00296
-0.00296
-0.00296
-0.00257
-0.00218
-0.00257
-0.00237
-0.00276
-0.00276
-0.00296
-0.00237
-0.00237
-0.00198
-0.00257
-0.00218
-0.00276
-0.00276
-0.00257
-0.00257
-0.00276
-0.00276
-0.00296
-0.00237
-0.00276
-0.00257
-0.00257
-0.00257
-0.00218
-0.00257
-0.00257
-0.00237
-0.00276
-0.00198
-0.00218
-0.00257
-0.00198
-0.00198
-0.00276
-0.00257
-0.00257
-0.00276
-0.00276
-0.00237
-0.00257
-0.00276
-0.00257
-0.00257
-0.00237
-0.00257
-0.00257
-0.00276
-0.00237
-0.00296
-0.00257
-0.00257
-0.00296
-0.00257
-0.00257
-0.00218
-0.00257
-0.00257
-0.00257
-0.00257
-0.00257
-0.00237
-0.00296
-0.00257
-0.00237
-0.00257
-0.00296
-0.00296
-0.00315
-0.00315
-0.00315
-0.00276
-0.00296
-0.00296
-0.00257
-0.00237
-0.00218
-0.00218
-0.00257
-0.00237
-0.00257
-0.00237
-0.00198
-0.00179
-0.00218
-0.00237
-0.00218
-0.00218
-0.00237
-0.00218
-0.00257
-0.00257
-0.00257
-0.00198
-0.00257
-0.00257
-0.00237
-0.00218
-0.00237
-0.00237
-0.00237
-0.00237
-0.00237
-0.00179
-0.00218
-0.00218
-0.00257
-0.00218
-0.00218
-0.00179
-0.00237
-0.00218
-0.00276
-0.00257
-0.00237
-0.00237
-0.00296
-0.00257
-0.00276
-0.00257
-0.00276
-0.00296
-0.00296
-0.00315
-0.00276
-0.00296
-0.00276
-0.00296
-0.00315
-0.00237
-0.00296
-0.00276
-0.00296
-0.00257
-0.00237
-0.00257
-0.00276
-0.00257
-0.00257
-0.00237
-0.00276
-0.00257
-0.00257
-0.00257
-0.00276
-0.00257
-0.00276
-0.00296
-0.00296
-0.00315
-0.00276
-0.00257
-0.00296
-0.00218
-0.00237
-0.00315
-0.00276
-0.00276
-0.00276
-0.00276
-0.00296
-0.00257
-0.00257
-0.00257
-0.00296
-0.00276
-0.00315
-0.00315
-0.00335
-0.00354
-0.00335
-0.00296
-0.00335
-0.00276
-0.00296
-0.00354
-0.00315
-0.00335
-0.00296
-0.00315
-0.00315
-0.00315
-0.00315
-0.00296
-0.00296
-0.00257
-0.00237
-0.00237
-0.00198
-0.00237
-0.00179
-0.00237
-0.00237
-0.00218
-0.00218
-0.00237
-0.00257
-0.00179
-0.00218
-0.00237
-0.00237
-0.00257
-0.00218
-0.00237
-0.00237
-0.00218
-0.00257
-0.00237
-0.00257
-0.00218
-0.00257
-0.00237
-0.00276
-0.00257
-0.00257
-0.00237
-0.00257
-0.00296
-0.00315
-0.00296
-0.00276
-0.00296
-0.00335
-0.00296
-0.00315
-0.00354
-0.00315
-0.00315
-0.00315
-0.00315
-0.00276
-0.00315
-0.00296
-0.00315
-0.00276
-0.00257
-0.00257
-0.00257
-0.00257
-0.00257
-0.00296
-0.00296
-0.00237
-0.00257
-0.00257
-0.00218
-0.00237
-0.00237
-0.00237
-0.00257
-0.00257
-0.00237
-0.00237
-0.00218
-0.00237
-0.00218
-0.00237
-0.00257
-0.00257
-0.00257
-0.00276
-0.00276
-0.00237
-0.00257
-0.00257
-0.00276
-0.00296
-0.00276
-0.00296
-0.00296
-0.00315
-0.00315
-0.00315
-0.00315
-0.00296
-0.00335
-0.00354
-0.00315
-0.00276
-0.00276
-0.00354
-0.00354
-0.00354
-0.00315
-0.00296
-0.00315
-0.00335
-0.00296
-0.00296
-0.00296
-0.00296
-0.00296
-0.00315
-0.00315
-0.00335
-0.00335
-0.00315
-0.00354
-0.00393
-0.00354
-0.00374
-0.00315
-0.00393
-0.00296
-0.00374
-0.00335
-0.00315
-0.00276
-0.00276
-0.00276
-0.00335
-0.00296
-0.00296
-0.00257
-0.00296
-0.00296
-0.00276
-0.00257
-0.00276
-0.00315
-0.00374
