-1.915000537600E+00

-0.00159
-0.00179
-0.00198
-0.00218
-0.00218
-0.00198
-0.00237
-0.00198
-0.00198
-0.00257
-0.00218
-0.00237
-0.00198
-0.00257
-0.00257
-0.00218
-0.00257
-0.00237
-0.00276
-0.00237
-0.00237
-0.00198
-0.00237
-0.00237
-0.00257
-0.00218
-0.00218
-0.00237
-0.00218
-0.00218
-0.00218
-0.00198
-0.00179
-0.00237
-0.00198
-0.00218
-0.00257
-0.00237
-0.00257
-0.00237
-0.00237
-0.00218
-0.00159
-0.00179
-0.00139
-0.00198
-0.00218
-0.00218
-0.00218
-0.00198
-0.00179
-0.00198
-0.00198
-0.00198
-0.00218
-0.00218
-0.00237
-0.00218
-0.00218
-0.00257
-0.00218
-0.00218
-0.00198
-0.00198
-0.00257
-0.00257
-0.00218
-0.00179
-0.00218
-0.00237
-0.00218
-0.00179
-0.00139
-0.00218
-0.00179
-0.00179
-0.00198
-0.00218
-0.00179
-0.00159
-0.00159
-0.00159
-0.00179
-0.00139
-0.00179
-0.00179
-0.00159
-0.00179
-0.00139
-0.00159
-0.001
-0.00179
-0.00159
-0.00139
-0.00139
-0.00179
-0.00179
-0.00179
-0.00159
-0.00179
-0.00198
-0.00159
-0.00179
-0.00198
-0.00218
-0.00276
-0.00237
-0.00257
-0.00218
-0.00237
-0.00257
-0.00237
-0.00237
-0.00257
-0.00257
-0.00257
-0.00276
-0.00237
-0.00257
-0.00237
-0.00237
-0.00218
-0.00218
-0.00276
-0.00218
-0.00237
-0.00237
-0.00257
-0.00257
-0.00276
-0.00257
-0.00296
-0.00257
-0.00257
-0.00257
-0.00257
-0.00237
-0.00218
-0.00237
-0.00237
-0.00159
-0.00237
-0.00218
-0.00237
-0.00237
-0.00257
-0.00257
-0.00179
-0.00198
-0.00218
-0.00218
-0.00198
-0.00237
-0.00218
-0.00218
-0.00198
-0.00198
-0.00237
-0.00198
-0.00179
-0.00218
-0.00237
-0.00198
-0.00257
-0.00179
-0.00179
-0.00218
-0.00179
-0.00218
-0.00198
-0.00159
-0.00179
-0.00179
-0.00159
-0.00179
-0.00198
-0.00237
-0.00198
-0.00198
-0.00179
-0.00218
-0.00159
-0.00218
-0.00237
-0.00159
-0.00218
-0.00159
-0.00198
-0.00198
-0.00218
-0.00198
-0.00198
-0.00179
-0.00179
-0.00237
-0.00218
-0.00237
-0.00218
-0.00218
-0.00296
-0.00218
-0.00276
-0.00257
-0.00237
-0.00237
-0.00296
-0.00276
-0.00276
-0.00237
-0.00296
-0.00276
-0.00257
-0.00237
-0.00237
-0.00198
-0.00179
-3e-05
0.00232
0.00525
0.00798
0.0113
0.01501
0.01853
0.02165
0.02517
0.0281
0.03161
0.03532
0.03982
0.04372
0.04763
0.05173
0.05544
0.05935
0.06306
0.06618
0.06989
0.07204
0.07458
0.07634
0.0781
0.08005
0.08181
0.08337
0.08396
0.08552
0.0863
0.08708
0.08747
0.08806
0.08864
0.08884
0.08845
0.08864
0.08825
0.08864
0.08806
0.08767
0.08767
0.08767
0.08689
0.0863
0.08571
0.08493
0.08435
0.08337
0.08279
0.08142
0.08122
0.08044
0.07966
0.07849
0.07771
0.07673
0.07654
0.07575
0.07497
0.07517
0.07556
0.07595
0.07614
0.07654
0.07673
0.07712
0.07751
0.07771
0.07771
0.07732
0.07732
0.07693
0.07673
0.07693
0.07673
0.07595
0.07595
0.07536
0.07497
0.07439
0.074
0.0738
0.07302
0.07224
0.07165
0.07107
0.07087
0.07087
0.06989
0.06892
0.06833
0.06755
0.06657
0.06657
0.06579
0.06521
0.06501
0.06384
0.06325
0.06228
0.06228
0.06091
0.06052
0.05935
0.05915
0.05818
0.05739
0.05681
0.05564
0.05564
0.05486
0.05466
0.0531
0.0531
0.05232
0.05154
0.05095
0.05017
0.05017
0.04958
0.049
0.04841
0.04782
0.04704
0.04665
0.04607
0.04548
0.0445
0.04411
0.04333
0.04314
0.04236
0.04236
0.04177
0.04099
0.04079
0.04001
0.03943
0.03904
0.03864
0.03825
0.03767
0.03747
0.0363
0.03571
0.03552
0.03532
0.03474
0.03376
0.03376
0.03337
0.03298
0.03259
0.03239
0.032
0.03142
0.03083
0.03044
0.03005
0.02966
0.02946
0.02888
0.02888
0.0281
0.0281
0.0279
0.0279
0.02732
0.02693
0.02712
0.02654
0.02634
0.02614
0.02556
0.02536
0.02536
0.02517
0.02439
0.02419
0.0238
0.02341
0.02302
0.02321
0.02263
0.02243
0.02185
0.02185
0.02107
0.02107
0.02087
0.02029
0.02048
0.01989
0.01911
0.01931
0.01853
0.01853
0.01814
0.01775
0.01775
0.01775
0.01736
0.01736
0.01696
0.01696
0.01657
0.01618
0.01599
0.01618
0.0156
0.01521
0.01521
0.01521
0.01521
0.01521
0.01462
0.01482
0.01521
0.01404
0.01404
0.01345
0.01345
0.01345
0.01306
0.01345
0.01306
0.01228
0.01247
0.01208
0.01228
0.01228
0.01169
0.0115
0.0115
0.01169
0.0115
0.0115
0.01052
0.01091
0.00993
0.01071
0.01071
0.00993
0.00974
0.00974
0.01013
0.00993
0.00954
0.00915
0.00974
0.00954
0.00935
0.00857
0.00915
0.00896
0.00876
0.00915
0.00876
0.00876
0.00798
0.00857
0.00818
0.00857
0.00837
0.00837
0.00818
0.00739
0.00759
0.00759
0.00739
0.00739
0.0072
0.007
0.007
0.00661
0.00642
0.00622
0.00603
0.00642
0.00603
0.00622
0.00622
0.00622
0.00603
0.00564
0.00583
0.00583
0.00564
0.00564
0.00525
0.00505
0.00544
0.00505
0.00505
0.00505
0.00505
0.00466
0.00525
0.00486
0.00427
0.00427
0.00466
0.00446
0.00446
0.00427
0.00407
0.00407
0.00368
0.00368
0.00349
0.00349
0.00349
0.00349
0.00329
0.0029
0.00329
0.0031
0.0029
0.0031
0.00271
0.00251
0.00271
0.0029
0.00251
0.00271
0.00251
0.00232
0.00271
0.00271
0.0031
0.00349
0.0031
0.0031
0.00232
0.00232
0.00251
0.00251
0.0029
0.00251
0.00329
0.00251
0.0029
0.0031
0.0031
0.0029
0.0029
0.00271
0.00251
0.00232
0.00232
0.00212
0.00212
0.00232
0.00193
0.00212
0.00173
0.00193
0.00173
0.00114
0.00114
0.00154
0.00154
0.00114
0.00114
0.00056
0.00075
0.00095
0.00036
0.00056
0.00056
0.00056
0.00036
0.00056
0.00056
0.00036
-0.00042
-0.00022
-3e-05
0.00017
-3e-05
0.00017
0.00036
0.00017
0.00017
0.00036
0.00036
0.00017
-3e-05
0.00017
0.00056
0.00017
0.00056
-0.00022
0.00036
0.00056
0.00075
0.00036
0.00095
0.00036
-0.00022
0.00036
-3e-05
0.00017
-3e-05
-3e-05
-0.00022
-0.00061
-0.00081
-0.00061
-0.00022
-3e-05
-3e-05
-0.00061
0.00017
-3e-05
-0.00042
-0.00042
-0.00022
-0.00042
-0.00081
-0.001
-0.00042
-0.00042
-3e-05
-0.00042
-0.00022
-0.00022
-3e-05
0.00017
-3e-05
-0.00022
-0.00022
-0.00042
-0.00042
-0.00042
-0.00042
-0.00022
-0.00022
-0.00042
-0.00042
-0.00022
-0.00042
-0.00061
-0.00061
-0.00061
-0.00022
-0.00022
-0.00042
-0.00042
-3e-05
-0.00042
-0.00061
-0.00061
-0.00061
-0.00061
-0.001
-0.0012
-0.0012
-0.001
-0.00139
-0.00159
-0.00159
-0.00139
-0.0012
-0.00159
-0.00159
-0.001
-0.00218
-0.00179
-0.00139
-0.00139
-0.00139
-0.00139
-0.00139
-0.001
-0.00159
-0.00179
-0.0012
-0.00179
-0.00139
-0.001
-0.00159
-0.00139
-0.00159
-0.00081
-0.001
-0.00081
-0.001
-0.001
-0.00081
-0.001
-0.00081
-0.00061
-0.00061
-0.001
-0.00081
-0.00081
-0.001
-0.00081
-0.00081
-0.001
-0.001
-0.0012
-0.00159
-0.00179
-0.00159
-0.00198
-0.00198
-0.00179
-0.00198
-0.00179
-0.00218
-0.00139
-0.00159
-0.00198
-0.00237
-0.00198
-0.00198
-0.00237
-0.00218
-0.00179
-0.00218
-0.00237
-0.00257
-0.00257
-0.00237
-0.00198
-0.00198
-0.00198
-0.00218
-0.00218
-0.00257
-0.00198
-0.00179
-0.00198
-0.00179
-0.00159
-0.00198
-0.00159
-0.00198
-0.00179
-0.00179
-0.00179
-0.00198
-0.00159
-0.00159
-0.00159
-0.0012
-0.00159
-0.00179
-0.00159
-0.00198
-0.00237
-0.00179
-0.00218
-0.00159
-0.00179
-0.00179
-0.00159
-0.00218
-0.00159
-0.00159
-0.00198
-0.00179
-0.00159
-0.00159
-0.00159
-0.00159
-0.00139
-0.00139
-0.00179
-0.00198
-0.00179
-0.00179
-0.00159
-0.00159
-0.00179
-0.00198
-0.00139
-0.00179
-0.00159
-0.00198
-0.00198
-0.00179
-0.00159
-0.00159
-0.00179
-0.00179
-0.001
-0.0012
-0.00139
-0.00159
-0.00159
-0.00198
-0.00198
-0.00218
-0.00159
-0.00139
-0.00139
-0.00139
-0.00179
-0.00198
-0.00179
-0.00198
-0.00237
-0.00237
-0.00179
-0.00198
-0.00218
-0.00296
-0.00237
-0.00257
-0.00257
-0.00276
-0.00315
-0.00276
-0.00296
-0.00257
-0.00276
-0.00296
-0.00315
-0.00276
-0.00296
-0.00315
-0.00257
-0.00315
-0.00257
-0.00257
-0.00257
-0.00218
-0.00237
-0.00237
-0.00198
-0.00237
-0.00237
-0.00276
-0.00218
-0.00218
-0.00218
-0.00179
-0.00139
-0.00218
-0.00218
-0.00237
-0.00218
-0.00159
-0.00218
-0.00198
-0.00218
-0.00198
-0.00179
-0.00218
-0.00237
-0.00159
-0.00179
-0.00179
-0.00198
-0.00237
-0.00218
-0.00179
-0.00218
-0.00198
-0.00179
-0.00159
-0.00198
-0.00159
-0.00198
-0.00218
-0.00198
-0.00198
-0.00179
-0.00198
-0.00179
-0.00198
-0.00198
-0.00179
-0.00179
-0.00179
-0.00198
-0.00237
-0.00218
-0.00198
-0.00198
-0.00218
-0.00198
-0.00159
-0.00198
-0.00179
-0.00159
-0.00159
-0.00198
-0.00179
-0.00218
-0.00198
-0.00198
-0.00218
-0.00237
-0.00198
-0.00198
-0.00218
-0.00218
-0.00237
-0.00198
-0.00198
-0.00218
-0.00198
-0.00198
-0.00198
-0.00179
-0.00218
-0.00198
-0.00198
-0.00198
-0.00198
-0.00159
-0.00218
-0.00237
-0.00179
-0.00198
-0.00237
-0.00218
-0.00257
-0.00179
-0.00179
-0.00179
-0.00218
-0.00218
-0.00237
-0.00237
-0.00237
-0.00218
-0.00218
-0.00218
-0.00179
-0.00218
-0.00218
-0.00237
-0.00257
-0.00257
-0.00257
-0.00257
-0.00257
-0.00276
-0.00237
-0.00237
-0.00198
-0.00237
-0.00276
-0.00257
-0.00257
-0.00237
-0.00198
-0.00198
-0.00218
-0.00198
-0.00237
-0.00218
-0.00198
-0.00218
-0.00179
-0.00198
-0.00198
-0.00179
-0.00237
-0.00218
-0.00237
-0.00257
-0.00237
-0.00237
-0.00198
-0.00218
-0.00237
-0.00237
-0.00237
-0.00237
-0.00237
-0.00218
-0.00218
-0.00218
-0.00257
-0.00257
-0.00237
-0.00237
-0.00257
-0.00218
-0.00296
-0.00237
-0.00296
-0.00257
-0.00276
-0.00257
-0.00218
-0.00257
-0.00218
-0.00218
-0.00198
-0.00257
-0.00159
-0.00159
-0.00179
-0.00198
-0.00218
-0.00218
-0.00198
-0.00237
-0.00198
-0.00159
-0.00139
-0.00179
-0.00198
-0.00198
-0.00198
-0.00159
-0.00218
-0.00218
-0.00257
-0.00179
-0.00237
-0.00257
-0.00237
-0.00218
-0.00218
-0.00198
-0.00218
-0.00179
-0.00218
-0.00237
-0.00296
-0.00237
-0.00237
-0.00257
-0.00237
-0.00257
-0.00315
-0.00315
-0.00276
-0.00296
-0.00276
-0.00296
-0.00296
-0.00315
-0.00315
-0.00315
-0.00296
-0.00315
-0.00315
-0.00335
-0.00296
-0.00315
-0.00315
-0.00296
-0.00315
-0.00335
-0.00296
-0.00296
-0.00296
-0.00276
-0.00296
-0.00296
-0.00296
-0.00296
-0.00296
-0.00315
-0.00296
-0.00276
-0.00354
-0.00335
-0.00354
-0.00335
-0.00315
-0.00315
-0.00296
-0.00276
-0.00276
-0.00276
-0.00315
-0.00257
-0.00335
-0.00276
-0.00276
-0.00276
-0.00296
-0.00257
-0.00276
-0.00296
-0.00276
-0.00237
-0.00276
-0.00237
-0.00237
-0.00237
-0.00257
-0.00257
-0.00296
-0.00218
-0.00296
-0.00237
-0.00257
-0.00276
-0.00237
-0.00257
-0.00237
-0.00237
-0.00276
-0.00237
-0.00218
-0.00257
-0.00218
-0.00218
-0.00218
-0.00237
-0.00276
-0.00218
-0.00257
-0.00276
-0.00276
-0.00218
-0.00218
-0.00237
-0.00257
-0.00237
-0.00257
-0.00218
-0.00296
-0.00276
-0.00237
-0.00237
-0.00276
-0.00218
-0.00276
-0.00296
-0.00296
-0.00296
-0.00257
-0.00276
-0.00257
-0.00237
-0.00218
-0.00237
-0.00276
-0.00276
-0.00296
-0.00257
-0.00276
-0.00296
-0.00315
-0.00257
-0.00296
-0.00257
-0.00296
-0.00296
-0.00276
-0.00276
-0.00296
-0.00257
-0.00237
-0.00276
-0.00237
-0.00257
-0.00237
-0.00257
-0.00218
-0.00257
-0.00237
-0.00218
-0.00257
-0.00237
-0.00237
-0.00237
-0.00198
-0.00179
-0.00198
-0.00237
-0.00237
-0.00218
-0.00257
-0.00237
-0.00218
-0.00159
-0.00198
-0.00198
-0.00198
