-3.570001024000E-01

-0.00257
-0.00257
-0.00296
-0.00276
-0.00257
-0.00218
-0.00276
-0.00276
-0.00257
-0.00257
-0.00237
-0.00237
-0.00198
-0.00179
-0.00179
-0.00237
-0.00237
-0.00257
-0.00237
-0.00237
-0.00237
-0.00276
-0.00257
-0.00237
-0.00237
-0.00257
-0.00257
-0.00296
-0.00296
-0.00315
-0.00276
-0.00276
-0.00315
-0.00296
-0.00296
-0.00257
-0.00296
-0.00276
-0.00276
-0.00296
-0.00237
-0.00296
-0.00257
-0.00315
-0.00296
-0.00276
-0.00276
-0.00237
-0.00257
-0.00237
-0.00257
-0.00257
-0.00237
-0.00257
-0.00276
-0.00198
-0.00257
-0.00276
-0.00218
-0.00218
-0.00198
-0.00218
-0.00237
-0.00257
-0.00257
-0.00257
-0.00257
-0.00218
-0.00218
-0.00237
-0.00257
-0.00179
-0.00159
-0.00218
-0.00218
-0.00237
-0.00218
-0.00218
-0.00218
-0.00218
-0.00218
-0.00218
-0.00198
-0.00179
-0.00218
-0.00237
-0.00237
-0.00198
-0.00179
-0.00218
-0.00179
-0.00179
-0.00218
-0.00198
-0.00218
-0.00237
-0.00218
-0.00237
-0.00257
-0.00218
-0.00237
-0.00276
-0.00296
-0.00237
-0.00237
-0.00237
-0.00257
-0.00257
-0.00257
-0.00257
-0.00237
-0.00218
-0.00218
-0.00218
-0.00276
-0.00218
-0.00296
-0.00237
-0.00198
-0.00237
-0.00218
-0.00296
-0.00198
-0.00218
-0.00218
-0.00237
-0.00257
-0.00218
-0.00237
-0.00257
-0.00257
-0.00296
-0.00179
-0.00237
-0.00257
-0.00276
-0.00257
-0.00276
-0.00218
-0.00237
-0.00198
-0.00257
-0.00237
-0.00198
-0.00257
-0.00257
-0.00237
-0.00218
-0.00198
-0.00257
-0.00237
-0.00276
-0.00237
-0.00276
-0.00276
-0.00296
-0.00237
-0.00276
-0.00257
-0.00296
-0.00296
-0.00257
-0.00257
-0.00257
-0.00218
-0.00179
-0.00198
-0.00237
-0.00237
-0.00237
-0.00237
-0.00218
-0.00198
-0.00218
-0.00276
-0.00257
-0.00237
-0.00237
-0.00218
-0.00159
-0.0012
0.00017
0.00056
0.00212
0.0029
0.00407
0.00564
0.00661
0.00739
0.00857
0.00935
0.00993
0.01052
0.01111
0.01208
0.01228
0.01306
0.01482
0.01618
0.01833
0.02048
0.02282
0.02556
0.02829
0.03083
0.03337
0.0365
0.03943
0.04236
0.0447
0.04724
0.04978
0.05251
0.05407
0.05583
0.05779
0.05974
0.06169
0.06325
0.0656
0.06696
0.06931
0.07087
0.07243
0.07439
0.07595
0.07849
0.07986
0.08161
0.08376
0.08513
0.08728
0.08845
0.0904
0.09157
0.09275
0.09333
0.09392
0.09509
0.09548
0.09587
0.09626
0.09626
0.09626
0.09626
0.09646
0.09607
0.09607
0.09587
0.09529
0.09509
0.09431
0.09372
0.09275
0.09216
0.09118
0.09099
0.08982
0.08884
0.08845
0.08747
0.08669
0.08591
0.08493
0.08435
0.08279
0.08239
0.08181
0.08064
0.07986
0.07927
0.0779
0.07771
0.07595
0.07478
0.07419
0.07341
0.07224
0.07107
0.06989
0.06931
0.06872
0.06853
0.06736
0.06716
0.0656
0.06521
0.06404
0.06345
0.06306
0.06228
0.06111
0.06052
0.06013
0.05915
0.05857
0.05779
0.05681
0.05583
0.05603
0.05505
0.05427
0.05368
0.05251
0.05212
0.05134
0.05075
0.05017
0.04958
0.049
0.04841
0.04782
0.04743
0.04665
0.04607
0.04509
0.0445
0.04431
0.04333
0.04294
0.04275
0.04216
0.04118
0.04099
0.0404
0.04001
0.03923
0.03884
0.03806
0.03767
0.03747
0.0365
0.03591
0.03552
0.03513
0.03435
0.03435
0.03415
0.03357
0.03279
0.03239
0.03161
0.032
0.03161
0.03122
0.03064
0.03005
0.02946
0.02946
0.02888
0.02849
0.02849
0.0281
0.02751
0.02751
0.02712
0.02673
0.02654
0.02595
0.02595
0.02536
0.02497
0.02497
0.02458
0.02439
0.02419
0.024
0.02321
0.02361
0.02321
0.02302
0.02263
0.02263
0.02224
0.02185
0.02185
0.02126
0.02126
0.02048
0.02009
0.02009
0.01989
0.01989
0.0195
0.01872
0.01833
0.01833
0.01853
0.01872
0.01794
0.01736
0.01736
0.01716
0.01677
0.01677
0.01638
0.01599
0.01599
0.0156
0.01579
0.01521
0.01501
0.01501
0.01501
0.01462
0.01443
0.01423
0.01404
0.01325
0.01364
0.01345
0.01345
0.01306
0.01286
0.01286
0.01306
0.01286
0.01208
0.01208
0.01208
0.01208
0.01169
0.0113
0.0115
0.01111
0.01071
0.0115
0.01071
0.01091
0.01071
0.01032
0.01032
0.01032
0.00993
0.01013
0.00954
0.01013
0.00993
0.00974
0.00974
0.01013
0.00954
0.00915
0.00915
0.00896
0.00857
0.00798
0.00818
0.00857
0.00818
0.00798
0.00779
0.00837
0.00798
0.00759
0.00779
0.0072
0.00739
0.0072
0.00681
0.00661
0.00681
0.00661
0.00661
0.00661
0.00622
0.00661
0.00603
0.00564
0.00564
0.00603
0.00622
0.00603
0.00603
0.00603
0.00564
0.00583
0.00583
0.00525
0.00544
0.00544
0.00525
0.00544
0.00505
0.00525
0.00525
0.00446
0.00466
0.00486
0.00466
0.00446
0.00466
0.00427
0.00407
0.00407
0.00388
0.00407
0.00368
0.00368
0.00349
0.00388
0.00349
0.00329
0.00329
0.00329
0.00329
0.00349
0.0031
0.0031
0.0031
0.00271
0.00329
0.00271
0.0031
0.0029
0.0029
0.0031
0.00271
0.0031
0.0031
0.00271
0.0029
0.00251
0.00271
0.0031
0.00251
0.0029
0.0029
0.00271
0.00232
0.00212
0.00251
0.00251
0.00271
0.00251
0.00232
0.00212
0.00173
0.00173
0.00134
0.00212
0.00212
0.00173
0.00154
0.00154
0.00114
0.00154
0.00173
0.00134
0.00114
0.00095
0.00114
0.00056
0.00075
0.00095
0.00036
0.00095
0.00095
0.00075
0.00095
0.00075
0.00095
0.00056
0.00075
0.00056
0.00036
0.00075
0.00036
0.00056
0.00036
0.00056
0.00036
0.00056
0.00017
0.00036
0.00036
0.00056
0.00056
0.00075
0.00056
0.00075
0.00075
0.00056
0.00036
0.00017
0.00056
0.00056
-3e-05
0.00017
-3e-05
0.00017
-3e-05
-0.00022
-3e-05
-0.00022
-0.00061
-0.00042
-0.00042
-0.00022
-3e-05
-0.00022
-0.00022
-0.00022
-0.00042
-0.00022
-0.00042
-0.00061
-0.00061
-0.00081
-0.00061
-0.00061
-0.00042
-0.00061
-0.00061
-0.00042
-0.00022
-0.00061
-0.0012
-0.00061
-0.00042
-0.00061
-0.00081
-0.00061
-0.00061
-0.00081
-0.0012
-0.0012
-0.001
-0.00042
-0.001
-0.00061
-0.0012
-0.00081
-0.00139
-0.00081
-0.00061
-0.00061
-0.00081
-0.00081
-0.001
-0.001
-0.001
-0.001
-0.001
-0.001
-0.00139
-0.00159
-0.00139
-0.00139
-0.00139
-0.0012
-0.00159
-0.00198
-0.00237
-0.00179
-0.00198
-0.00198
-0.00159
-0.00179
-0.00179
-0.00179
-0.00218
-0.00218
-0.00179
-0.00198
-0.00218
-0.00218
-0.00179
-0.00198
-0.00218
-0.00218
-0.00198
-0.00198
-0.00237
-0.00179
-0.00179
-0.00198
-0.00159
-0.00179
-0.00139
-0.00179
-0.00139
-0.00159
-0.00179
-0.00139
-0.0012
-0.00159
-0.00139
-0.00139
-0.00081
-0.0012
-0.0012
-0.0012
-0.00139
-0.0012
-0.0012
-0.00139
-0.00139
-0.0012
-0.00139
-0.00159
-0.0012
-0.00159
-0.00139
-0.00179
-0.00218
-0.00139
-0.0012
-0.00081
-0.00139
-0.00198
-0.00179
-0.00198
-0.00198
-0.00139
-0.00159
-0.00218
-0.00179
-0.00218
-0.00179
-0.00198
-0.00218
-0.00218
-0.00198
-0.00218
-0.00159
-0.00179
-0.00198
-0.00257
-0.00218
-0.00218
-0.00198
-0.00198
-0.00218
-0.00218
-0.00237
-0.00198
-0.00218
-0.00198
-0.00179
-0.00179
-0.00179
-0.00218
-0.00198
-0.00218
-0.00159
-0.00218
-0.00218
-0.00218
-0.00198
-0.00179
-0.00159
-0.00179
-0.00159
-0.00179
-0.00139
-0.00159
-0.00198
-0.00218
-0.00218
-0.00179
-0.00159
-0.00179
-0.00179
-0.00218
-0.00159
-0.00218
-0.00159
-0.00179
-0.00198
-0.00159
-0.00198
-0.00198
-0.00159
-0.00179
-0.00179
-0.00179
-0.00198
-0.00218
-0.00198
-0.00198
-0.00179
-0.00237
-0.001
-0.00139
-0.00179
-0.00159
-0.00159
-0.00179
-0.00159
-0.00179
-0.00218
-0.00218
-0.00198
-0.00198
-0.00218
-0.00179
-0.00179
-0.00218
-0.00218
-0.00218
-0.00198
-0.00159
-0.00159
-0.00179
-0.00218
-0.00198
-0.00198
-0.00218
-0.00198
-0.00198
-0.00237
-0.00218
-0.00198
-0.00257
-0.00257
-0.00296
-0.00296
-0.00296
-0.00198
-0.00237
-0.00237
-0.00276
-0.00257
-0.00257
-0.00296
-0.00257
-0.00257
-0.00218
-0.00296
-0.00296
-0.00237
-0.00276
-0.00296
-0.00257
-0.00276
-0.00257
-0.00218
-0.00257
-0.00237
-0.00198
-0.00237
-0.00218
-0.00218
-0.00237
-0.00237
-0.00237
-0.00237
-0.00237
-0.00218
-0.00257
-0.00198
-0.00218
-0.00179
-0.00218
-0.00218
-0.00237
-0.00237
-0.00237
-0.00257
-0.00257
-0.00276
-0.00198
-0.00198
-0.00237
-0.00218
-0.00257
-0.00218
-0.00276
-0.00237
-0.00257
-0.00237
-0.00218
-0.00198
-0.00198
-0.00179
-0.00218
-0.00237
-0.00257
-0.00257
-0.00257
-0.00237
-0.00237
-0.00237
-0.00237
-0.00237
-0.00237
-0.00237
-0.00237
-0.00218
-0.00218
-0.00218
-0.00276
-0.00296
-0.00257
-0.00276
-0.00276
-0.00257
-0.00257
-0.00237
-0.00237
-0.00276
-0.00276
-0.00276
-0.00218
-0.00237
-0.00237
-0.00257
-0.00237
-0.00237
-0.00179
-0.00218
-0.00218
-0.00237
-0.00237
-0.00237
-0.00218
-0.00237
-0.00218
-0.00218
-0.00198
-0.00218
-0.00218
-0.00198
-0.00237
-0.00257
-0.00276
-0.00237
-0.00218
-0.00179
-0.00198
-0.00159
-0.00198
-0.00159
-0.00198
-0.00159
-0.00159
-0.00218
-0.00179
-0.00198
-0.00179
-0.00218
-0.00179
-0.00159
-0.00198
-0.00198
-0.00179
-0.00198
-0.00198
-0.00237
-0.00218
-0.00237
-0.00257
-0.00237
-0.00218
-0.00257
-0.00198
-0.00237
-0.00257
-0.00218
-0.00237
-0.00276
-0.00257
-0.00276
-0.00257
-0.00257
-0.00276
-0.00276
-0.00296
-0.00335
-0.00315
-0.00374
-0.00296
-0.00374
-0.00354
-0.00354
-0.00315
-0.00335
-0.00354
-0.00374
-0.00354
-0.00335
-0.00335
-0.00335
-0.00315
-0.00374
-0.00315
-0.00296
-0.00296
-0.00237
-0.00296
-0.00276
-0.00257
-0.00257
-0.00276
-0.00237
-0.00237
-0.00257
-0.00257
-0.00257
-0.00257
-0.00237
-0.00237
-0.00198
-0.00257
-0.00276
-0.00296
-0.00237
-0.00257
-0.00296
-0.00315
-0.00257
-0.00276
-0.00335
-0.00257
-0.00237
-0.00276
-0.00276
-0.00276
-0.00276
-0.00296
-0.00296
-0.00315
-0.00276
-0.00276
-0.00257
-0.00276
-0.00276
-0.00276
-0.00296
-0.00335
-0.00335
-0.00315
-0.00393
-0.00296
-0.00315
-0.00296
-0.00335
-0.00296
-0.00335
-0.00296
-0.00296
-0.00315
-0.00296
-0.00257
-0.00296
-0.00296
-0.00237
-0.00315
-0.00237
-0.00296
-0.00276
-0.00315
-0.00315
-0.00335
-0.00315
-0.00296
-0.00296
-0.00335
-0.00335
-0.00335
-0.00296
-0.00257
-0.00296
-0.00276
-0.00276
-0.00257
-0.00276
-0.00257
-0.00237
-0.00218
-0.00198
-0.00257
-0.00296
-0.00257
-0.00198
-0.00198
-0.00276
-0.00237
-0.00276
-0.00237
-0.00257
-0.00276
-0.00276
-0.00276
-0.00257
-0.00296
-0.00276
-0.00237
-0.00237
-0.00257
-0.00237
-0.00237
-0.00218
-0.00218
-0.00198
-0.00276
-0.00257
-0.00218
-0.00218
-0.00237
-0.00218
-0.00237
-0.00198
-0.00218
-0.00218
-0.00237
-0.00257
-0.00296
-0.00296
-0.00257
-0.00296
-0.00335
-0.00276
-0.00276
-0.00257
-0.00296
-0.00315
-0.00315
-0.00315
-0.00315
-0.00296
-0.00237
-0.00296
-0.00276
-0.00315
-0.00276
-0.00296
-0.00296
-0.00315
-0.00296
-0.00296
-0.00296
-0.00315
-0.00315
-0.00276
-0.00315
-0.00257
-0.00257
-0.00276
-0.00276
-0.00257
-0.00276
-0.00257
-0.00276
-0.00257
-0.00257
-0.00276
-0.00257
-0.00257
-0.00257
-0.00198
-0.00179
-0.00237
-0.00218
-0.00218
-0.00198
-0.00218
-0.00237
-0.00198
-0.00179
-0.00198
-0.00179
-0.00198
-0.00218
-0.00198
-0.00237
-0.00237
-0.00218
-0.00237
-0.00237
-0.00218
-0.00218
-0.00218
-0.00257
-0.00237
-0.00198
-0.00276
-0.00218
-0.00257
-0.00296
-0.00276
-0.00276
-0.00257
-0.00315
-0.00296
-0.00276
-0.00257
-0.00296
-0.00276
-0.00335
-0.00276
-0.00296
-0.00315
-0.00276
-0.00315
-0.00296
-0.00315
-0.00296
-0.00257
