-1.000000278400E+00

-0.00257
-0.00218
-0.00237
-0.00218
-0.00257
-0.00237
-0.00296
-0.00237
-0.00257
-0.00257
-0.00276
-0.00276
-0.00257
-0.00276
-0.00276
-0.00296
-0.00315
-0.00315
-0.00276
-0.00315
-0.00296
-0.00335
-0.00257
-0.00335
-0.00296
-0.00335
-0.00296
-0.00315
-0.00354
-0.00374
-0.00315
-0.00296
-0.00276
-0.00257
-0.00296
-0.00335
-0.00315
-0.00335
-0.00276
-0.00296
-0.00257
-0.00296
-0.00257
-0.00315
-0.00296
-0.00276
-0.00315
-0.00296
-0.00296
-0.00257
-0.00315
-0.00257
-0.00276
-0.00237
-0.00237
-0.00257
-0.00237
-0.00257
-0.00237
-0.00237
-0.00218
-0.00218
-0.00257
-0.00296
-0.00237
-0.00218
-0.00218
-0.00257
-0.00257
-0.00257
-0.00237
-0.00296
-0.00257
-0.00315
-0.00257
-0.00276
-0.00296
-0.00276
-0.00315
-0.00315
-0.00335
-0.00276
-0.00257
-0.00296
-0.00257
-0.00276
-0.00257
-0.00237
-0.00237
-0.00257
-0.00257
-0.00296
-0.00315
-0.00315
-0.00354
-0.00335
-0.00276
-0.00315
-0.00335
-0.00354
-0.00315
-0.00296
-0.00257
-0.00257
-0.00218
-0.00276
-0.00198
-0.00296
-0.00315
-0.00218
-0.00257
-0.00198
-0.00237
-0.00237
-0.00179
-0.00218
-0.00198
-0.00257
-0.00257
-0.00257
-0.00276
-0.00198
-0.00257
-0.00276
-0.00276
-0.00276
-0.00257
-0.00237
-0.00257
-0.00218
-0.00276
-0.00276
-0.00257
-0.00276
-0.00276
-0.00276
-0.00296
-0.00237
-0.00276
-0.00257
-0.00257
-0.00276
-0.00257
-0.00276
-0.00296
-0.00257
-0.00218
-0.00276
-0.00257
-0.00276
-0.00237
-0.00257
-0.00257
-0.00296
-0.00276
-0.00257
-0.00257
-0.00276
-0.00257
-0.00257
-0.00218
-0.00237
-0.00237
-0.00296
-0.00218
-0.00257
-0.00257
-0.00257
-0.00257
-0.00276
-0.00296
-0.00276
-0.00296
-0.00276
-0.00296
-0.00296
-0.00315
-0.00354
-0.00296
-0.00296
-0.00276
-0.00296
-0.00296
-0.00296
-0.00296
-0.00296
-0.00296
-0.00315
-0.00296
-0.00276
-0.00315
-0.00374
-0.00296
-0.00315
-0.00257
-0.00335
-0.00315
-0.00315
-0.00315
-0.00276
-0.00296
-0.00296
-0.00315
-0.00315
-0.00315
-0.00276
-0.00237
-0.00218
-0.00276
-0.00159
-0.00061
-3e-05
0.00173
0.00349
0.00583
0.00779
0.01111
0.01423
0.01736
0.02087
0.02419
0.02673
0.02907
0.03142
0.03454
0.03767
0.04118
0.0447
0.04861
0.05349
0.05798
0.06286
0.06696
0.07087
0.07517
0.07888
0.08181
0.08513
0.08806
0.09021
0.09177
0.09431
0.09607
0.09743
0.0988
0.10056
0.10095
0.10154
0.10232
0.10329
0.1031
0.1031
0.10329
0.10368
0.10349
0.10388
0.1031
0.1029
0.10212
0.10193
0.10095
0.10056
0.09978
0.09919
0.09861
0.09743
0.09646
0.09568
0.09529
0.0947
0.09411
0.09255
0.09196
0.09079
0.09021
0.08864
0.08806
0.08728
0.08552
0.08513
0.08415
0.08279
0.08181
0.08103
0.08025
0.07946
0.07829
0.07634
0.07536
0.07478
0.074
0.07321
0.07263
0.07165
0.07048
0.0697
0.06911
0.06814
0.06677
0.06599
0.06579
0.06501
0.06364
0.06247
0.06169
0.06111
0.06091
0.06032
0.05896
0.05818
0.05759
0.05739
0.05603
0.05583
0.05525
0.05427
0.05368
0.05329
0.05251
0.05154
0.05075
0.05036
0.04997
0.04958
0.04802
0.04763
0.04724
0.04665
0.04626
0.04568
0.04489
0.04392
0.04392
0.04275
0.04294
0.04177
0.04138
0.0404
0.0406
0.04001
0.03884
0.03884
0.03806
0.03806
0.03728
0.03747
0.03728
0.03669
0.03669
0.03591
0.03571
0.03474
0.03396
0.03357
0.03357
0.03279
0.03239
0.0322
0.03181
0.03142
0.03103
0.03025
0.03044
0.03005
0.02966
0.02927
0.02907
0.02849
0.02868
0.02829
0.0281
0.02751
0.02732
0.02693
0.02673
0.02693
0.02595
0.02536
0.02517
0.02497
0.02439
0.024
0.02341
0.02302
0.02321
0.02263
0.02263
0.02224
0.02165
0.02126
0.02107
0.02107
0.02087
0.02048
0.02009
0.02009
0.02009
0.0195
0.01911
0.01911
0.01814
0.01814
0.01814
0.01736
0.01755
0.01755
0.01696
0.01638
0.01638
0.01599
0.01579
0.0156
0.01521
0.0156
0.01521
0.01501
0.01482
0.01482
0.01423
0.01404
0.01384
0.01404
0.01384
0.01384
0.01364
0.01364
0.01306
0.01306
0.01286
0.01286
0.01267
0.01189
0.01208
0.01208
0.01208
0.0115
0.0115
0.0113
0.01111
0.01091
0.01091
0.01052
0.01071
0.01032
0.01052
0.01052
0.01032
0.00974
0.00954
0.00935
0.00993
0.00935
0.00915
0.00876
0.00896
0.00876
0.00837
0.00798
0.00818
0.00818
0.00779
0.00798
0.00779
0.00739
0.00779
0.00739
0.00759
0.00739
0.0072
0.0072
0.0072
0.00642
0.007
0.00661
0.007
0.00661
0.007
0.00622
0.00603
0.00603
0.00622
0.00603
0.00564
0.00564
0.00564
0.00544
0.00525
0.00466
0.00525
0.00525
0.00525
0.00505
0.00525
0.00486
0.00486
0.00427
0.00446
0.00446
0.00446
0.00427
0.00427
0.00407
0.00427
0.00427
0.00427
0.00427
0.00407
0.00349
0.00368
0.00388
0.00349
0.00368
0.00349
0.00349
0.00349
0.00349
0.00329
0.00349
0.00329
0.0029
0.00349
0.0029
0.00251
0.0031
0.00271
0.00329
0.0031
0.00271
0.0031
0.00251
0.0029
0.00232
0.00251
0.00212
0.00193
0.00212
0.00251
0.00193
0.00134
0.00114
0.00134
0.00134
0.00134
0.00114
0.00075
0.00095
0.00036
0.00075
0.00056
0.00056
0.00056
0.00056
0.00036
0.00017
0.00017
0.00017
0.00017
0.00036
0.00056
0.00036
0.00056
0.00017
-3e-05
-0.00042
-0.00022
-3e-05
-3e-05
0.00036
0.00017
-0.00061
0.00017
-0.00081
-0.00022
-0.00042
0.00017
-0.00022
-0.00042
0.00036
0.00017
-3e-05
0.00017
0.00017
0.00056
0.00017
0.00036
-0.00022
-3e-05
-0.00022
0.00017
0.00036
0.00036
-3e-05
0.00056
-0.00022
-0.00022
-0.00042
-0.00042
-0.00042
-0.00061
-0.00081
-0.00022
-0.00042
-0.00061
-0.00042
-3e-05
-0.00061
-0.00042
-0.00042
-0.00081
-0.00022
-0.00022
-0.00042
-0.00042
-0.00042
-0.00022
-3e-05
-0.00022
-0.00061
-0.001
-0.001
-0.00061
-0.00081
-0.00081
-0.001
-0.00081
-0.00081
-0.001
-0.001
-0.00061
-0.00081
-0.00081
-0.00081
-0.00042
-0.0012
-0.00061
-0.0012
-0.0012
-0.00061
-0.00081
-0.0012
-0.00081
-0.001
-0.001
-0.00139
-0.00159
-0.0012
-0.00179
-0.00159
-0.0012
-0.00139
-0.00139
-0.00179
-0.00179
-0.00139
-0.0012
-0.00139
-0.00159
-0.00179
-0.00139
-0.00159
-0.0012
-0.00139
-0.00159
-0.00159
-0.001
-0.00159
-0.00139
-0.00159
-0.00159
-0.00159
-0.00139
-0.00179
-0.00179
-0.00139
-0.00159
-0.00139
-0.0012
-0.0012
-0.00159
-0.00159
-0.00159
-0.00159
-0.00139
-0.00159
-0.00139
-0.00159
-0.00139
-0.00139
-0.00139
-0.00179
-0.00159
-0.00179
-0.00179
-0.00179
-0.00237
-0.00198
-0.00198
-0.00198
-0.00218
-0.00159
-0.00198
-0.00198
-0.00159
-0.00198
-0.00179
-0.00159
-0.00179
-0.00159
-0.00218
-0.00198
-0.00159
-0.00198
-0.00218
-0.00179
-0.00179
-0.00198
-0.00179
-0.00198
-0.00218
-0.00198
-0.00159
-0.00218
-0.00179
-0.00218
-0.00257
-0.00237
-0.00218
-0.00218
-0.00237
-0.00257
-0.00257
-0.00257
-0.00296
-0.00218
-0.00159
-0.00159
-0.00179
-0.00218
-0.00198
-0.00179
-0.00198
-0.00179
-0.00218
-0.00218
-0.00218
-0.00257
-0.00198
-0.00218
-0.00257
-0.00218
-0.00179
-0.00218
-0.00218
-0.00198
-0.00237
-0.00218
-0.00218
-0.00179
-0.00198
-0.00198
-0.00198
-0.00218
-0.00159
-0.00237
-0.00218
-0.00198
-0.00237
-0.00218
-0.00218
-0.00198
-0.00218
-0.00257
-0.00237
-0.00179
-0.00198
-0.00179
-0.00198
-0.00198
-0.00198
-0.00218
-0.00218
-0.00218
-0.00237
-0.00237
-0.00237
-0.00198
-0.00198
-0.00218
-0.00237
-0.00198
-0.00218
-0.00218
-0.00218
-0.00257
-0.00198
-0.00237
-0.00296
-0.00276
-0.00335
-0.00315
-0.00276
-0.00257
-0.00335
-0.00374
-0.00335
-0.00296
-0.00315
-0.00296
-0.00315
-0.00374
-0.00315
-0.00354
-0.00296
-0.00335
-0.00315
-0.00315
-0.00315
-0.00276
-0.00296
-0.00315
-0.00276
-0.00315
-0.00315
-0.00276
-0.00276
-0.00296
-0.00276
-0.00315
-0.00276
-0.00257
-0.00237
-0.00296
-0.00296
-0.00276
-0.00296
-0.00276
-0.00257
-0.00237
-0.00198
-0.00276
-0.00257
-0.00257
-0.00257
-0.00237
-0.00257
-0.00315
-0.00315
-0.00276
-0.00276
-0.00315
-0.00296
-0.00296
-0.00276
-0.00296
-0.00276
-0.00335
-0.00296
-0.00335
-0.00296
-0.00315
-0.00335
-0.00296
-0.00335
-0.00296
-0.00315
-0.00335
-0.00315
-0.00276
-0.00315
-0.00276
-0.00257
-0.00335
-0.00315
-0.00335
-0.00335
-0.00354
-0.00335
-0.00315
-0.00354
-0.00315
-0.00315
-0.00296
-0.00354
-0.00315
-0.00296
-0.00335
-0.00315
-0.00374
-0.00276
-0.00257
-0.00296
-0.00315
-0.00276
-0.00276
-0.00276
-0.00315
-0.00276
-0.00257
-0.00237
-0.00276
-0.00257
-0.00296
-0.00276
-0.00257
-0.00257
-0.00257
-0.00257
-0.00315
-0.00257
-0.00257
-0.00257
-0.00257
-0.00257
-0.00276
-0.00257
-0.00296
-0.00315
-0.00296
-0.00276
-0.00276
-0.00257
-0.00296
-0.00296
-0.00257
-0.00257
-0.00276
-0.00296
-0.00296
-0.00276
-0.00276
-0.00257
-0.00296
-0.00276
-0.00296
-0.00276
-0.00237
-0.00276
-0.00276
-0.00257
-0.00296
-0.00257
-0.00218
-0.00237
-0.00296
-0.00315
-0.00315
-0.00296
-0.00257
-0.00257
-0.00296
-0.00315
-0.00296
-0.00237
-0.00296
-0.00296
-0.00276
-0.00315
-0.00296
-0.00335
-0.00335
-0.00374
-0.00335
-0.00315
-0.00354
-0.00315
-0.00315
-0.00335
-0.00354
-0.00296
-0.00354
-0.00393
-0.00374
-0.00354
-0.00335
-0.00335
-0.00315
-0.00315
-0.00315
-0.00354
-0.00413
-0.00374
-0.00335
-0.00315
-0.00335
-0.00296
-0.00335
-0.00276
-0.00354
-0.00354
-0.00354
-0.00335
-0.00296
-0.00315
-0.00296
-0.00276
-0.00296
-0.00237
-0.00296
-0.00296
-0.00354
-0.00276
-0.00315
-0.00296
-0.00315
-0.00315
-0.00276
-0.00315
-0.00335
-0.00276
-0.00296
-0.00276
-0.00257
-0.00296
-0.00296
-0.00257
-0.00276
-0.00257
-0.00257
-0.00198
-0.00296
-0.00296
-0.00257
-0.00296
-0.00315
-0.00315
-0.00296
-0.00335
-0.00335
-0.00276
-0.00296
-0.00296
-0.00296
-0.00354
-0.00315
-0.00335
-0.00335
-0.00296
-0.00315
-0.00315
-0.00296
-0.00315
-0.00276
-0.00296
-0.00315
-0.00315
-0.00354
-0.00335
-0.00276
-0.00276
-0.00315
-0.00354
-0.00374
-0.00335
-0.00354
-0.00335
-0.00335
-0.00354
-0.00335
-0.00335
-0.00354
-0.00315
-0.00276
-0.00335
-0.00335
-0.00315
-0.00315
-0.00354
-0.00315
-0.00315
-0.00276
-0.00315
-0.00335
-0.00335
-0.00335
-0.00393
-0.00374
-0.00354
-0.00315
-0.00315
-0.00374
-0.00335
-0.00374
-0.00354
-0.00354
-0.00335
-0.00296
-0.00354
-0.00315
-0.00296
-0.00335
-0.00315
-0.00296
-0.00315
-0.00315
-0.00237
-0.00276
-0.00276
-0.00315
-0.00257
-0.00315
-0.00315
-0.00296
-0.00354
-0.00315
-0.00315
-0.00296
-0.00335
-0.00374
-0.00374
-0.00335
-0.00354
-0.00315
-0.00335
-0.00335
-0.00354
-0.00335
-0.00413
-0.00374
-0.00413
-0.00354
-0.00413
-0.00374
-0.00452
-0.00393
-0.00432
-0.00413
-0.00432
-0.00452
-0.00432
-0.00393
-0.00413
-0.00413
-0.00413
-0.00374
-0.00413
-0.00413
-0.00452
-0.00393
-0.00393
-0.00393
-0.00354
-0.00335
-0.00393
-0.00374
-0.00335
-0.00315
-0.00315
-0.00374
-0.00315
-0.00335
-0.00354
-0.00296
-0.00276
-0.00315
-0.00296
-0.00315
-0.00296
-0.00296
-0.00257
-0.00296
-0.00296
-0.00296
-0.00257
-0.00237
-0.00257
-0.00276
-0.00296
-0.00296
-0.00276
-0.00198
-0.00237
-0.00276
-0.00296
-0.00237
-0.00296
-0.00276
-0.00296
-0.00315
-0.00315
-0.00276
-0.00296
-0.00276
-0.00335
-0.00335
-0.00315
-0.00354
-0.00354
-0.00374
-0.00393
-0.00354
-0.00354
-0.00374
-0.00354
-0.00296
-0.00315
-0.00335
-0.00315
-0.00315
-0.00315
-0.00296
