-1.067000297600E+00

-0.00276
-0.00276
-0.00296
-0.00296
-0.00257
-0.00257
-0.00315
-0.00237
-0.00296
-0.00257
-0.00296
-0.00237
-0.00257
-0.00257
-0.00237
-0.00237
-0.00218
-0.00237
-0.00257
-0.00237
-0.00257
-0.00237
-0.00237
-0.00198
-0.00218
-0.00257
-0.00276
-0.00218
-0.00198
-0.00179
-0.00218
-0.00198
-0.00179
-0.00179
-0.00159
-0.00237
-0.00257
-0.00257
-0.00237
-0.00237
-0.00257
-0.00237
-0.00257
-0.00257
-0.00237
-0.00257
-0.00257
-0.00257
-0.00198
-0.00237
-0.00257
-0.00276
-0.00218
-0.00257
-0.00276
-0.00276
-0.00276
-0.00276
-0.00276
-0.00296
-0.00276
-0.00257
-0.00237
-0.00276
-0.00257
-0.00237
-0.00315
-0.00276
-0.00257
-0.00296
-0.00315
-0.00257
-0.00276
-0.00257
-0.00257
-0.00296
-0.00276
-0.00257
-0.00218
-0.00218
-0.00198
-0.00237
-0.00218
-0.00198
-0.00237
-0.00218
-0.00237
-0.00237
-0.00237
-0.00237
-0.00276
-0.00237
-0.00198
-0.00218
-0.00198
-0.00218
-0.00198
-0.00179
-0.00159
-0.00198
-0.00179
-0.00198
-0.00218
-0.00179
-0.00198
-0.00237
-0.00237
-0.00218
-0.00218
-0.00198
-0.00198
-0.00257
-0.00218
-0.00218
-0.00237
-0.00257
-0.00237
-0.00257
-0.00237
-0.00237
-0.00257
-0.00257
-0.00237
-0.00237
-0.00237
-0.00237
-0.00218
-0.00257
-0.00237
-0.00218
-0.00218
-0.00218
-0.00237
-0.00218
-0.00237
-0.00218
-0.00218
-0.00237
-0.00237
-0.00276
-0.00276
-0.00237
-0.00257
-0.00218
-0.00276
-0.00296
-0.00296
-0.00257
-0.00276
-0.00276
-0.00276
-0.00218
-0.00276
-0.00257
-0.00257
-0.00257
-0.00276
-0.00237
-0.00257
-0.00257
-0.00257
-0.00237
-0.00257
-0.00276
-0.00276
-0.00198
-0.00218
-0.00218
-0.00218
-0.00237
-0.00237
-0.00257
-0.00198
-0.00218
-0.00257
-0.00237
-0.00276
-0.00218
-0.00218
-0.00179
-0.00198
-0.00198
-0.00218
-0.00179
-0.00218
-0.00198
-0.00218
-0.00237
-0.00198
-0.00179
-0.00179
-0.00198
-0.00237
-0.00218
-0.00218
-0.00218
-0.00218
-0.00276
-0.00276
-0.00237
-0.00276
-0.00276
-0.00296
-0.00296
-0.00257
-0.00296
-0.00276
-0.00179
-0.00061
0.00056
0.00154
0.00232
0.00368
0.00505
0.00583
0.00759
0.00915
0.01169
0.01482
0.01853
0.02185
0.02575
0.02888
0.03298
0.03689
0.04079
0.04372
0.04626
0.049
0.05173
0.05407
0.05583
0.05759
0.05935
0.06091
0.06228
0.06462
0.06755
0.06911
0.07185
0.0738
0.07536
0.07732
0.07946
0.08083
0.08142
0.08279
0.08376
0.08435
0.08454
0.08532
0.08611
0.0863
0.08689
0.0865
0.08708
0.0863
0.08591
0.08571
0.08532
0.08513
0.08474
0.08435
0.08357
0.08318
0.0822
0.08161
0.08122
0.08025
0.07966
0.07888
0.07849
0.07693
0.07654
0.07536
0.07458
0.07419
0.07282
0.07224
0.07185
0.07107
0.0697
0.06931
0.06833
0.06736
0.06657
0.06599
0.06501
0.06462
0.06384
0.06325
0.06267
0.06169
0.0613
0.06013
0.05974
0.05896
0.05779
0.05739
0.05661
0.05583
0.05486
0.05368
0.0531
0.05271
0.05173
0.05114
0.05036
0.04958
0.04939
0.04861
0.04821
0.04743
0.04665
0.04607
0.04587
0.0447
0.0447
0.04392
0.04372
0.04294
0.04236
0.04236
0.04177
0.04079
0.04079
0.04021
0.04001
0.03904
0.03923
0.03806
0.03728
0.03708
0.03689
0.03611
0.03591
0.03552
0.03571
0.03493
0.03493
0.03435
0.03357
0.03318
0.03337
0.03259
0.0322
0.03181
0.03142
0.03122
0.03103
0.03103
0.03005
0.02927
0.02927
0.02849
0.02829
0.02771
0.02712
0.02712
0.02693
0.02654
0.02614
0.02556
0.02536
0.02458
0.024
0.02419
0.0238
0.02341
0.02302
0.02302
0.02243
0.02185
0.02165
0.02126
0.02185
0.02126
0.02087
0.02068
0.02009
0.02009
0.02009
0.0195
0.01931
0.01872
0.01892
0.01872
0.01814
0.01853
0.01814
0.01814
0.01814
0.01775
0.01775
0.01736
0.01755
0.01696
0.01618
0.01638
0.01657
0.01638
0.01579
0.01579
0.0156
0.0154
0.01482
0.01462
0.01482
0.01443
0.01423
0.01423
0.01384
0.01404
0.01404
0.01384
0.01384
0.01306
0.01325
0.01267
0.01267
0.01267
0.01247
0.01247
0.01228
0.01189
0.01169
0.0115
0.0113
0.01111
0.01091
0.01071
0.01052
0.00993
0.00993
0.00935
0.00915
0.00974
0.00974
0.00954
0.00935
0.00896
0.00896
0.00915
0.00876
0.00857
0.00896
0.00857
0.00837
0.00857
0.00876
0.00818
0.00779
0.00759
0.0072
0.00739
0.00739
0.00739
0.007
0.00681
0.00681
0.00681
0.00642
0.00622
0.00622
0.00603
0.00622
0.00583
0.00525
0.00564
0.00564
0.00564
0.00583
0.00583
0.00525
0.00544
0.00564
0.00564
0.00564
0.00544
0.00544
0.00544
0.00525
0.00525
0.00486
0.00486
0.00505
0.00466
0.00486
0.00466
0.00466
0.00466
0.00427
0.00427
0.00427
0.00446
0.00466
0.00486
0.00427
0.00427
0.00427
0.00407
0.00368
0.00368
0.00407
0.00368
0.00329
0.00329
0.00271
0.0029
0.00271
0.00271
0.00232
0.00271
0.00251
0.00193
0.00232
0.00173
0.00193
0.00251
0.00232
0.00212
0.00212
0.00193
0.00193
0.00193
0.00134
0.00193
0.00154
0.00154
0.00134
0.00154
0.00193
0.00134
0.00154
0.00154
0.00134
0.00154
0.00114
0.00134
0.00134
0.00075
0.00134
0.00114
0.00154
0.00193
0.00134
0.00095
0.00075
0.00075
0.00114
0.00134
0.00134
0.00114
0.00114
0.00095
0.00075
0.00095
0.00056
0.00075
0.00056
0.00095
0.00075
0.00056
0.00075
0.00056
0.00056
0.00036
0.00075
-3e-05
0.00036
-3e-05
0.00036
0.00036
0.00056
0.00017
-3e-05
0.00036
0.00036
0.00056
0.00036
0.00036
0.00036
0.00036
0.00095
0.00017
0.00036
0.00056
0.00017
0.00017
0.00056
0.00017
0.00017
0.00056
0.00036
-3e-05
0.00017
0.00017
-3e-05
-3e-05
-3e-05
0.00017
-3e-05
-0.00022
-0.00022
0.00017
-0.00022
-3e-05
-3e-05
-0.00022
-0.00022
-0.00022
-0.001
-0.00042
-0.00042
-0.00042
-0.00081
-0.00081
-0.00159
-0.00159
-0.00159
-0.001
-0.001
-0.00139
-0.001
-0.0012
-0.001
-0.00139
-0.0012
-0.00081
-0.0012
-0.0012
-0.00022
-0.001
-0.001
-0.00139
-0.0012
-0.001
-0.00081
-0.001
-0.00139
-0.0012
-0.0012
-0.0012
-0.00139
-0.00139
-0.00139
-0.00159
-0.00139
-0.001
-0.001
-0.001
-0.001
-0.001
-0.001
-0.001
-0.00061
-0.00081
-0.00061
-0.00061
-3e-05
-0.00042
-0.00042
-0.00081
-0.00042
-0.00081
-0.001
-0.001
-0.00139
-0.0012
-0.00081
-0.0012
-0.00139
-0.00198
-0.00159
-0.00159
-0.00198
-0.00179
-0.00159
-0.00139
-0.0012
-0.00159
-0.00159
-0.00159
-0.00198
-0.00198
-0.00139
-0.00159
-0.00081
-0.00139
-0.0012
-0.00159
-0.00159
-0.00139
-0.00159
-0.00159
-0.0012
-0.00139
-0.001
-0.001
-0.00159
-0.00139
-0.00159
-0.00159
-0.0012
-0.0012
-0.0012
-0.0012
-0.0012
-0.001
-0.00081
-0.00081
-0.00081
-0.00081
-0.00061
-0.00061
-0.00081
-0.001
-0.0012
-0.0012
-0.0012
-0.001
-0.00159
-0.001
-0.001
-0.00139
-0.00179
-0.00179
-0.00159
-0.00159
-0.00159
-0.00159
-0.00159
-0.0012
-0.00179
-0.00159
-0.00198
-0.00159
-0.00179
-0.00159
-0.00218
-0.00198
-0.00218
-0.00257
-0.00237
-0.00257
-0.00198
-0.00218
-0.00218
-0.00218
-0.00257
-0.00237
-0.00257
-0.00257
-0.00237
-0.00257
-0.00218
-0.00198
-0.00179
-0.00218
-0.00179
-0.00179
-0.00159
-0.00179
-0.00159
-0.00159
-0.00179
-0.00198
-0.00218
-0.00237
-0.00179
-0.00218
-0.00218
-0.00198
-0.00218
-0.00218
-0.00257
-0.00257
-0.00257
-0.00276
-0.00276
-0.00237
-0.00296
-0.00257
-0.00276
-0.00276
-0.00296
-0.00276
-0.00237
-0.00218
-0.00237
-0.00218
-0.00237
-0.00257
-0.00218
-0.00218
-0.00237
-0.00218
-0.00237
-0.00218
-0.00257
-0.00237
-0.00237
-0.00218
-0.00218
-0.00218
-0.00218
-0.00218
-0.00237
-0.00198
-0.00198
-0.00179
-0.00179
-0.00198
-0.00198
-0.00139
-0.00159
-0.00179
-0.00179
-0.00159
-0.0012
-0.00179
-0.00159
-0.00179
-0.00198
-0.00257
-0.00276
-0.00296
-0.00257
-0.00257
-0.00257
-0.00257
-0.00257
-0.00257
-0.00218
-0.00257
-0.00237
-0.00257
-0.00257
-0.00257
-0.00237
-0.00257
-0.00218
-0.00276
-0.00257
-0.00257
-0.00257
-0.00296
-0.00237
-0.00296
-0.00237
-0.00257
-0.00257
-0.00237
-0.00257
-0.00257
-0.00257
-0.00257
-0.00237
-0.00276
-0.00257
-0.00237
-0.00179
-0.00179
-0.00198
-0.00237
-0.00237
-0.00237
-0.00257
-0.00237
-0.00159
-0.00218
-0.00159
-0.00218
-0.00218
-0.00296
-0.00237
-0.00218
-0.00237
-0.00218
-0.00257
-0.00276
-0.00257
-0.00218
-0.00257
-0.00257
-0.00257
-0.00218
-0.00159
-0.00218
-0.00237
-0.00198
-0.00237
-0.00179
-0.00237
-0.00179
-0.00179
-0.00198
-0.00198
-0.00198
-0.00198
-0.00218
-0.00198
-0.00179
-0.00218
-0.00218
-0.00237
-0.00276
-0.00257
-0.00218
-0.00237
-0.00198
-0.00218
-0.00198
-0.00237
-0.00237
-0.00218
-0.00198
-0.00218
-0.00218
-0.00198
-0.00198
-0.00159
-0.00198
-0.00218
-0.00218
-0.00257
-0.00257
-0.00296
-0.00315
-0.00296
-0.00315
-0.00315
-0.00315
-0.00315
-0.00296
-0.00257
-0.00296
-0.00276
-0.00315
-0.00257
-0.00315
-0.00315
-0.00335
-0.00296
-0.00315
-0.00296
-0.00296
-0.00276
-0.00276
-0.00276
-0.00257
-0.00296
-0.00257
-0.00237
-0.00257
-0.00257
-0.00276
-0.00257
-0.00296
-0.00257
-0.00257
-0.00237
-0.00237
-0.00237
-0.00198
-0.00218
-0.00257
-0.00198
-0.00159
-0.00159
-0.00218
-0.00198
-0.00198
-0.00198
-0.00237
-0.00237
-0.00237
-0.00237
-0.00257
-0.00237
-0.00237
-0.00257
-0.00276
-0.00237
-0.00276
-0.00257
-0.00315
-0.00335
-0.00315
-0.00315
-0.00276
-0.00315
-0.00315
-0.00296
-0.00296
-0.00276
-0.00296
-0.00257
-0.00276
-0.00257
-0.00296
-0.00296
-0.00257
-0.00296
-0.00276
-0.00257
-0.00315
-0.00257
-0.00276
-0.00296
-0.00296
-0.00218
-0.00218
-0.00237
-0.00257
-0.00237
-0.00257
-0.00237
-0.00276
-0.00198
-0.00198
-0.00218
-0.00218
-0.00237
-0.00218
-0.00218
-0.00237
-0.00257
-0.00218
-0.00218
-0.00237
-0.00218
-0.00218
-0.00237
-0.00237
-0.00237
-0.00276
-0.00257
-0.00257
-0.00257
-0.00276
-0.00237
-0.00276
-0.00257
-0.00276
-0.00179
-0.00237
-0.00237
-0.00237
-0.00237
-0.00257
-0.00257
-0.00237
-0.00237
-0.00198
-0.00257
-0.00218
-0.00179
-0.00218
-0.00237
-0.00237
-0.00257
-0.00276
-0.00218
-0.00296
-0.00237
-0.00315
-0.00218
-0.00257
-0.00218
-0.00237
-0.00198
-0.00159
-0.00198
-0.00179
-0.00198
-0.00159
-0.00139
-0.00198
-0.00198
-0.00257
-0.00257
-0.00276
-0.00257
-0.00276
-0.00257
-0.00296
-0.00296
-0.00296
-0.00315
-0.00296
-0.00335
-0.00296
-0.00276
-0.00335
-0.00276
-0.00296
-0.00257
-0.00296
-0.00296
-0.00276
-0.00237
-0.00237
-0.00218
-0.00257
-0.00257
-0.00276
-0.00257
-0.00296
-0.00257
-0.00276
-0.00237
-0.00218
-0.00237
-0.00237
-0.00198
-0.00237
-0.00237
-0.00218
-0.00218
-0.00218
-0.00198
-0.00237
-0.00198
-0.00198
-0.00218
-0.00198
-0.00159
-0.00139
-0.00179
-0.00179
-0.00218
-0.00179
-0.00179
-0.00237
-0.00237
-0.00237
-0.00257
-0.00237
-0.00276
-0.00198
-0.00257
-0.00276
-0.00198
-0.00218
-0.00218
-0.00237
-0.00237
-0.00218
-0.00257
-0.00237
-0.00237
-0.00198
-0.00237
-0.00237
-0.00276
-0.00237
-0.00276
-0.00276
-0.00276
-0.00257
-0.00257
-0.00296
-0.00257
-0.00276
-0.00257
-0.00257
-0.00257
-0.00276
-0.00237
-0.00237
-0.00296
-0.00257
-0.00237
-0.00257
-0.00237
-0.00257
-0.00296
-0.00315
-0.00296
-0.00276
-0.00296
-0.00296
-0.00296
-0.00276
-0.00276
-0.00296
-0.00296
-0.00296
-0.00315
-0.00335
-0.00296
-0.00296
-0.00315
-0.00315
-0.00354
-0.00354
-0.00315
-0.00315
-0.00296
