-1.167000336000E+00

0.00154
0.00181
0.00158
0.00168
0.00172
0.00154
0.00172
0.00168
0.00177
0.00168
0.00163
0.00163
0.00168
0.00172
0.00163
0.00181
0.00168
0.00186
0.00177
0.00186
0.00168
0.00172
0.00172
0.00168
0.00172
0.00172
0.00177
0.00177
0.00172
0.00177
0.00172
0.00177
0.00177
0.00177
0.00172
0.00172
0.00172
0.00177
0.00186
0.00186
0.00177
0.00181
0.00177
0.00177
0.00172
0.00177
0.00181
0.00177
0.00168
0.00172
0.00172
0.00177
0.00177
0.00186
0.0019
0.00195
0.00195
0.00195
0.00208
0.00199
0.00204
0.00208
0.00199
0.00208
0.00204
0.00213
0.00208
0.00208
0.00204
0.00213
0.00222
0.00222
0.00218
0.00218
0.00204
0.00204
0.00199
0.00208
0.00199
0.00204
0.00195
0.00195
0.00186
0.00186
0.00186
0.00181
0.00181
0.00172
0.00186
0.00172
0.00181
0.00186
0.00172
0.00177
0.00168
0.00177
0.00168
0.00172
0.00177
0.00172
0.00168
0.00168
0.00163
0.00168
0.00172
0.00177
0.00168
0.00163
0.00168
0.00177
0.00158
0.00172
0.00177
0.00177
0.00168
0.0019
0.00186
0.00172
0.00172
0.00181
0.00177
0.00181
0.00181
0.00172
0.00172
0.00168
0.00172
0.00172
0.00168
0.00181
0.00177
0.00181
0.00177
0.00181
0.00168
0.00177
0.00172
0.00172
0.00168
0.00177
0.00158
0.00172
0.00177
0.00177
0.00172
0.00186
0.00177
0.00177
0.00172
0.00168
0.00172
0.00172
0.00168
0.00181
0.00172
0.00181
0.00181
0.00186
0.00177
0.00186
0.00181
0.0019
0.00186
0.0019
0.0019
0.00199
0.00199
0.00195
0.0019
0.0019
0.00208
0.00208
0.00204
0.00204
0.0019
0.00213
0.00213
0.00208
0.00208
0.00208
0.00204
0.00204
0.00208
0.00208
0.00204
0.00208
0.00199
0.00204
0.00195
0.00199
0.0019
0.0019
0.00186
0.00199
0.00181
0.00186
0.00181
0.00186
0.00177
0.00181
0.00172
0.00177
0.00177
0.00168
0.00172
0.00172
0.00154
0.00168
0.00163
0.00168
0.00168
0.00177
0.00172
0.00163
0.00163
0.00168
0.00158
0.00154
0.00168
0.00158
0.00158
0.00163
0.00149
0.00168
0.00163
0.00172
0.00158
0.00163
0.00168
0.00172
0.00168
0.00186
0.00172
0.00186
0.00186
0.00199
0.00186
0.00195
0.0019
0.00195
0.00213
0.00213
0.00213
0.00227
0.00231
0.00236
0.00245
0.00263
0.00258
0.00272
0.00281
0.00299
0.00304
0.00313
0.00308
0.00336
0.00349
0.00363
0.00376
0.00386
0.00404
0.00413
0.00435
0.00445
0.00449
0.00463
0.00481
0.00504
0.00513
0.00522
0.00535
0.00554
0.00544
0.00544
0.00558
0.00567
0.00576
0.00585
0.0059
0.00604
0.00613
0.00622
0.00622
0.00635
0.00626
0.00635
0.0064
0.00649
0.00649
0.00649
0.00653
0.00672
0.00663
0.00663
0.00663
0.00658
0.00667
0.00667
0.00672
0.00676
0.00676
0.00681
0.00676
0.00676
0.00676
0.00676
0.00681
0.00681
0.00676
0.00676
0.00685
0.00676
0.00685
0.00681
0.00685
0.00681
0.00676
0.00685
0.00676
0.00694
0.00685
0.00685
0.00685
0.00694
0.00685
0.00694
0.00694
0.00685
0.0069
0.00685
0.00681
0.00681
0.00685
0.00672
0.00676
0.00667
0.00667
0.00663
0.00663
0.00672
0.0064
0.00649
0.00644
0.0064
0.0064
0.00649
0.00649
0.00644
0.00644
0.00635
0.00631
0.0064
0.00635
0.0064
0.00631
0.00631
0.00635
0.00649
0.0064
0.0064
0.0064
0.00635
0.00626
0.00631
0.00626
0.00644
0.00631
0.0064
0.00626
0.00626
0.00617
0.00626
0.00617
0.00622
0.00626
0.00635
0.00635
0.00617
0.00622
0.00608
0.00626
0.00613
0.00613
0.00613
0.00608
0.00604
0.00599
0.00594
0.00594
0.00594
0.0059
0.00604
0.0059
0.00581
0.00576
0.00576
0.00576
0.00563
0.00554
0.00572
0.00563
0.00558
0.00549
0.00554
0.00531
0.00535
0.00531
0.00531
0.00531
0.0054
0.00535
0.00522
0.00513
0.00517
0.00522
0.00526
0.00526
0.00526
0.00522
0.00526
0.00517
0.00522
0.00513
0.00508
0.00508
0.00499
0.00508
0.00499
0.00513
0.00504
0.00513
0.00504
0.00508
0.00499
0.00495
0.00485
0.00485
0.0049
0.0049
0.00485
0.00476
0.00458
0.00467
0.00476
0.00476
0.00463
0.00458
0.00467
0.00445
0.00463
0.00449
0.00449
0.00458
0.00445
0.0044
0.00449
0.00454
0.00445
0.00449
0.00445
0.00435
0.0044
0.00445
0.0044
0.0044
0.00435
0.0044
0.00426
0.00426
0.00426
0.00422
0.0044
0.00435
0.00445
0.00426
0.00431
0.00431
0.00426
0.00426
0.00431
0.00417
0.00426
0.00417
0.00422
0.00422
0.00426
0.00431
0.00435
0.00422
0.00413
0.00431
0.00431
0.00426
0.00417
0.00422
0.00426
0.00422
0.00404
0.00408
0.00417
0.00404
0.00404
0.00404
0.00408
0.00395
0.00399
0.00395
0.00404
0.00386
0.00399
0.00395
0.00399
0.00381
0.00386
0.00386
0.00376
0.00376
0.00376
0.00376
0.00381
0.00376
0.00376
0.00372
0.00376
0.00376
0.00381
0.00381
0.00395
0.00381
0.00381
0.00381
0.00381
0.00386
0.00381
0.00372
0.00386
0.00376
0.00376
0.00376
0.00372
0.00363
0.00358
0.00358
0.00367
0.00363
0.00358
0.00354
0.00354
0.00354
0.00345
0.00349
0.00349
0.00354
0.00349
0.00345
0.00345
0.00336
0.00345
0.00336
0.00354
0.00354
0.0034
0.00345
0.00345
0.0034
0.00336
0.0034
0.00345
0.0034
0.00336
0.00345
0.00336
0.0034
0.00349
0.00345
0.00363
0.00345
0.00354
0.00349
0.00349
0.00354
0.00358
0.00363
0.00367
0.00354
0.00363
0.00358
0.00349
0.00345
0.00358
0.00354
0.00358
0.00358
0.00354
0.00345
0.00336
0.00345
0.0034
0.0034
0.00345
0.00336
0.00326
0.0034
0.00326
0.00331
0.00326
0.00326
0.00336
0.00336
0.00326
0.00336
0.00331
0.00326
0.00322
0.00322
0.00322
0.00317
0.00322
0.00326
0.00336
0.00322
0.00322
0.00308
0.00308
0.00308
0.00304
0.00317
0.00313
0.00304
0.00308
0.00313
0.00304
0.00308
0.00299
0.00308
0.00295
0.00295
0.00317
0.00299
0.00317
0.00304
0.00304
0.00308
0.00313
0.00304
0.00299
0.00304
0.00308
0.00299
0.00295
0.00317
0.00308
0.00313
0.00299
0.00286
0.00295
0.0029
0.00295
0.00295
0.00295
0.00299
0.0029
0.0029
0.00304
0.00304
0.00308
0.00304
0.0029
0.0029
0.00304
0.0029
0.00299
0.00295
0.00286
0.00281
0.0029
0.0029
0.00295
0.0029
0.00304
0.00299
0.0029
0.00299
0.00299
0.00304
0.00304
0.00304
0.00313
0.00299
0.00299
0.00304
0.00308
0.00304
0.00304
0.00299
0.00308
0.00308
0.00295
0.00295
0.00295
0.00286
0.00286
0.00277
0.00281
0.00286
0.0029
0.00281
0.00281
0.00272
0.00263
0.00277
0.00281
0.00267
0.00254
0.00254
0.00263
0.00258
0.00263
0.00254
0.00249
0.00249
0.00249
0.0024
0.00236
0.00236
0.00231
0.00231
0.00245
0.0024
0.00249
0.00249
0.00263
0.00263
0.00254
0.00258
0.00254
0.00263
0.00258
0.00258
0.00258
0.00258
0.00267
0.00267
0.00272
0.00272
0.00258
0.00277
0.00263
0.00272
0.00267
0.00258
0.00277
0.00258
0.00267
0.00263
0.00272
0.00263
0.00263
0.00267
0.00263
0.00254
0.00258
0.00277
0.00263
0.00267
0.00267
0.00277
0.00272
0.00277
0.00272
0.00263
0.00272
0.00272
0.00267
0.00281
0.00286
0.0029
0.00295
0.00304
0.00295
0.00304
0.00313
0.00313
0.00304
0.00304
0.00313
0.00317
0.00313
0.00308
0.00299
0.00304
0.00322
0.00308
0.00313
0.00304
0.00304
0.00308
0.00317
0.00308
0.00308
0.00304
0.00304
0.00299
0.00295
0.0029
0.0029
0.00304
0.00299
0.0029
0.0029
0.00295
0.0029
0.00299
0.00299
0.0029
0.0029
0.0029
0.0029
0.00295
0.00281
0.00281
0.00272
0.00267
0.00281
0.00267
0.00277
0.00272
0.00277
0.00267
0.00267
0.00272
0.00277
0.00263
0.00267
0.00267
0.00267
0.00267
0.00263
0.00263
0.00267
0.00263
0.00258
0.00263
0.00254
0.00258
0.00254
0.00249
0.00258
0.00258
0.00258
0.00254
0.00254
0.00254
0.00245
0.00236
0.00249
0.00249
0.00245
0.00254
0.00245
0.00254
0.00249
0.00245
0.0024
0.0024
0.0024
0.00245
0.00249
0.0024
0.00231
0.00236
0.0024
0.00245
0.0024
0.00245
0.0024
0.00236
0.00245
0.00245
0.00249
0.00236
0.00245
0.00249
0.00254
0.00249
0.00263
0.00258
0.00258
0.00258
0.00263
0.00267
0.00267
0.00277
0.00281
0.00258
0.00272
0.00272
0.00258
0.00272
0.00277
0.00272
0.00258
0.00267
0.00267
0.00267
0.00267
0.00267
0.00267
0.00263
0.00267
0.00254
0.00267
0.00272
0.00258
0.00267
0.00267
0.00263
0.00254
0.00258
0.00258
0.00263
0.00263
0.00258
0.00249
0.00258
0.00258
0.00249
0.00249
0.00245
0.0024
0.0024
0.00236
0.00236
0.0024
0.00236
0.00245
0.0024
0.00231
0.00227
0.0024
0.00231
0.00236
0.00236
0.0024
0.00236
0.0024
0.0024
0.00249
0.00231
0.00236
0.00236
0.00245
0.00231
0.00231
0.00236
0.0024
0.00231
0.00231
0.00236
0.00236
0.00227
0.00227
0.00231
0.00231
0.00222
0.00227
0.00222
0.00236
0.00227
0.00236
0.00227
0.00231
0.00227
0.00236
0.00222
0.00236
0.0024
0.00236
0.00227
0.00222
0.00227
0.00227
0.00227
0.00231
0.00222
0.00231
0.00231
0.00236
0.00236
0.0024
0.00236
0.00245
0.00231
0.00231
0.00236
0.0024
0.0024
0.00231
0.0024
0.00249
0.0024
0.00249
0.00236
0.00236
0.00249
0.00258
0.00254
0.00249
0.00258
0.00245
0.00236
0.00236
0.00231
0.00231
0.00227
0.00236
0.00236
0.00231
0.00231
0.00227
0.00236
0.00231
0.00227
0.0024
0.00222
0.00231
0.00213
0.00222
0.00213
0.00222
0.00227
0.00227
0.00213
0.00218
0.00227
0.00227
0.00213
0.00213
0.00213
0.00213
0.00213
0.00213
0.00213
0.00227
0.00218
0.00218
0.00218
0.00218
0.00222
0.00218
0.00227
0.00227
0.00222
0.0024
0.00236
0.0024
0.00236
0.00245
0.00236
0.00236
0.00227
0.00222
0.00227
0.00227
0.00213
0.00227
0.00218
0.00218
0.00208
0.00222
0.00227
0.00227
0.00218
0.00213
0.00218
0.00213
0.00208
0.00213
0.00213
0.00208
0.00213
0.00218
0.00218
0.00218
0.00222
0.00227
0.00218
0.00231
0.00227
0.00227
0.00222
0.00231
0.00227
0.00231
0.00227
0.00227
0.00222
0.00231
0.00245
0.0024
0.00236
0.00231
0.00222
0.00231
0.00236
0.00236
0.00236
0.0024
0.0024
0.00236
0.00236
0.00236
0.0024
0.00231
0.00231
0.00227
0.00236
0.00222
0.00222
0.00231
0.0024
0.00236
0.00222
0.00218
0.00213
0.00222
0.00231
0.00236
0.00222
0.00227
0.00222
0.00222
0.00213
0.00208
0.00208
0.00204
0.00218
0.00218
0.00213
0.00218
0.00218
0.00231
0.00227
0.00231
0.00236
0.00231
0.00231
0.00231
0.00231
0.00227
0.00208
0.00222
0.00227
0.00227
0.00222
0.00227
0.00222
0.00231
0.00227
0.00236
0.00222
0.00218
0.00218
0.00208
0.00218
0.00218
0.00208
0.00222
0.00222
0.00227
0.00227
0.00218
0.00208
0.00208
0.00213
0.00218
0.00213
0.00218
0.00213
0.00213
0.00213
0.00213
0.00204
0.00213
0.00213
0.00208
0.00204
0.00213
0.00208
0.00208
0.00204
0.00218
0.00222
0.00218
0.00218
0.00218
0.00218
0.00222
0.00227
0.00222
