-1.430000416000E-01

0.00222
0.00236
0.00231
0.00227
0.00227
0.00222
0.00222
0.00231
0.00231
0.00222
0.00236
0.00236
0.0024
0.0024
0.00236
0.00245
0.00236
0.00236
0.00249
0.00249
0.0024
0.00245
0.00249
0.00258
0.00254
0.00254
0.00258
0.00258
0.00254
0.00236
0.00222
0.00236
0.00236
0.00249
0.00236
0.00236
0.00227
0.00236
0.0024
0.0024
0.0024
0.0024
0.0024
0.0024
0.00227
0.00222
0.00213
0.00236
0.00222
0.00222
0.00213
0.00208
0.00204
0.00204
0.00204
0.00204
0.00204
0.00204
0.00218
0.00208
0.00204
0.00199
0.00195
0.00204
0.00218
0.00218
0.00213
0.00204
0.00213
0.00227
0.00218
0.00222
0.00218
0.00218
0.00218
0.00222
0.00213
0.00222
0.00218
0.00236
0.00213
0.00222
0.00218
0.00218
0.00208
0.00204
0.00213
0.00208
0.00213
0.00208
0.00213
0.00208
0.00208
0.00213
0.00218
0.00222
0.00222
0.00222
0.00213
0.00213
0.00218
0.00213
0.00218
0.00218
0.00208
0.00218
0.00213
0.00222
0.00222
0.00218
0.00213
0.00218
0.00218
0.00227
0.00227
0.00227
0.00231
0.00231
0.00222
0.0024
0.00236
0.00231
0.00231
0.00227
0.00231
0.00231
0.00222
0.00231
0.00227
0.00231
0.00227
0.00227
0.00218
0.00218
0.00218
0.00213
0.00213
0.00204
0.00213
0.00218
0.00199
0.00204
0.00208
0.00199
0.00204
0.00199
0.00204
0.00199
0.0019
0.00199
0.00181
0.00204
0.00195
0.00199
0.00199
0.00195
0.00195
0.0019
0.00186
0.00195
0.00195
0.00195
0.0019
0.00186
0.00177
0.0019
0.0019
0.00204
0.00195
0.0019
0.00199
0.00199
0.00204
0.00208
0.00208
0.00208
0.00208
0.00213
0.00208
0.00208
0.00208
0.00204
0.00208
0.00218
0.00204
0.00204
0.00204
0.00204
0.00199
0.00195
0.00195
0.00204
0.00208
0.00199
0.0019
0.00213
0.0019
0.00199
0.0019
0.00195
0.00195
0.00195
0.00195
0.00199
0.00195
0.00186
0.00186
0.0019
0.00186
0.00181
0.00181
0.00177
0.00186
0.0019
0.00177
0.0019
0.0019
0.0019
0.00195
0.00208
0.0019
0.00204
0.00195
0.00195
0.00204
0.00199
0.00204
0.00186
0.00204
0.00204
0.00199
0.00204
0.00204
0.00204
0.00208
0.00195
0.00195
0.00186
0.00181
0.00177
0.00186
0.0019
0.00181
0.00199
0.00195
0.00199
0.0019
0.0019
0.00177
0.00195
0.00186
0.00186
0.00177
0.00181
0.00172
0.00177
0.00186
0.00186
0.00181
0.00177
0.00172
0.00168
0.00163
0.00177
0.00177
0.00172
0.00177
0.00172
0.00168
0.00177
0.00163
0.00177
0.00172
0.00163
0.00168
0.00168
0.00168
0.00172
0.00163
0.00168
0.00172
0.00177
0.00172
0.00181
0.00177
0.00168
0.00158
0.00168
0.00154
0.00158
0.00158
0.00163
0.00154
0.00177
0.00172
0.00177
0.00168
0.00172
0.00186
0.00177
0.00177
0.00172
0.00172
0.00181
0.00177
0.00186
0.00172
0.00177
0.00172
0.00172
0.00181
0.00195
0.00181
0.00186
0.00186
0.00177
0.00177
0.00186
0.00172
0.00181
0.00186
0.0019
0.0019
0.00186
0.0019
0.00195
0.00199
0.00195
0.0019
0.00195
0.00195
0.00204
0.00208
0.00199
0.0019
0.00204
0.00199
0.00199
0.00195
0.00199
0.00195
0.00199
0.00204
0.00195
0.0019
0.00177
0.00181
0.00177
0.00195
0.0019
0.00177
0.0019
0.00177
0.00186
0.00186
0.00181
0.00177
0.00172
0.00177
0.00186
0.00177
0.00186
0.00181
0.00186
0.00177
0.00177
0.00163
0.00172
0.00172
0.00177
0.00181
0.00177
0.00172
0.00172
0.00186
0.00186
0.00186
0.0019
0.0019
0.0019
0.0019
0.00195
0.00186
0.00195
0.00181
0.00186
0.00186
0.00186
0.0019
0.00186
0.00195
0.00199
0.00195
0.00195
0.00186
0.00186
0.00181
0.00181
0.00172
0.00181
0.00172
0.00172
0.00163
0.00168
0.00154
0.00154
0.00158
0.00163
0.00154
0.00154
0.00158
0.00163
0.00168
0.00163
0.00163
0.00181
0.00172
0.00177
0.00181
0.00177
0.00181
0.00172
0.00172
0.00168
0.00172
0.00158
0.00168
0.00177
0.00172
0.00181
0.00168
0.00186
0.0019
0.0019
0.00186
0.0019
0.0019
0.0019
0.00181
0.00195
0.00186
0.0019
0.00186
0.00195
0.00195
0.0019
0.00172
0.0019
0.00172
0.00181
0.00181
0.00177
0.00168
0.00177
0.00181
0.00168
0.00177
0.00177
0.00186
0.0019
0.00177
0.00172
0.00168
0.0019
0.00186
0.00181
0.00177
0.00172
0.00168
0.00163
0.00168
0.00186
0.00163
0.00172
0.00168
0.00168
0.00168
0.00163
0.00168
0.00172
0.00172
0.00172
0.00168
0.00168
0.00168
0.00158
0.00172
0.00172
0.00168
0.00177
0.00172
0.00172
0.00168
0.00177
0.00168
0.00168
0.00177
0.00172
0.00168
0.00177
0.00172
0.00172
0.00172
0.00172
0.00181
0.00172
0.00177
0.00168
0.00163
0.00168
0.00163
0.00168
0.00163
0.00168
0.00177
0.00177
0.00154
0.00149
0.00154
0.00158
0.00154
0.00158
0.00168
0.00158
0.00154
0.00154
0.00149
0.00168
0.00168
0.00172
0.00177
0.00172
0.00181
0.00172
0.00177
0.00172
0.00181
0.00181
0.00181
0.00186
0.00186
0.00186
0.00172
0.00186
0.00186
0.0019
0.00186
0.00181
0.0019
0.0019
0.0019
0.00195
0.0019
0.00199
0.00186
0.00186
0.00172
0.00172
0.00168
0.00181
0.00177
0.00168
0.00149
0.00163
0.00149
0.00149
0.00154
0.00154
0.0014
0.0014
0.00145
0.00154
0.00158
0.00154
0.00149
0.00163
0.00154
0.00158
0.00163
0.00168
0.00163
0.00163
0.00158
0.00158
0.00154
0.00163
0.00168
0.00168
0.00158
0.00163
0.00158
0.00163
0.00168
0.00168
0.00158
0.00168
0.00158
0.00163
0.00158
0.00163
0.00158
0.00163
0.00163
0.00158
0.00154
0.00172
0.00149
0.00172
0.00168
0.00163
0.00158
0.00172
0.00168
0.00168
0.00163
0.00168
0.00163
0.00168
0.00172
0.00172
0.00158
0.00163
0.00168
0.00177
0.00168
0.00168
0.00172
0.00181
0.00186
0.00186
0.00186
0.00195
0.00181
0.00186
0.00186
0.00195
0.00199
0.00199
0.00195
0.00208
0.00204
0.00213
0.00199
0.00199
0.00195
0.0019
0.00204
0.00213
0.00204
0.00218
0.00204
0.00208
0.00199
0.00204
0.00195
0.00208
0.00204
0.00195
0.0019
0.00181
0.00186
0.0019
0.00195
0.00204
0.00181
0.00181
0.00186
0.00186
0.00177
0.00177
0.00172
0.00181
0.00172
0.00172
0.00181
0.00168
0.00168
0.00172
0.00177
0.00177
0.00177
0.00177
0.00186
0.00177
0.00177
0.0019
0.00172
0.00186
0.00186
0.0019
0.00186
0.00186
0.00186
0.00177
0.00172
0.00186
0.00181
0.0019
0.00181
0.00181
0.00177
0.00181
0.00168
0.0019
0.00177
0.00181
0.00181
0.00181
0.00168
0.0019
0.00177
0.00186
0.00172
0.00177
0.00172
0.00177
0.00177
0.0019
0.00172
0.00172
0.00168
0.00168
0.00168
0.00163
0.00163
0.00168
0.00168
0.00172
0.00168
0.00177
0.00163
0.00186
0.00177
0.00177
0.00172
0.00172
0.00177
0.0019
0.00186
0.0019
0.00186
0.00186
0.0019
0.0019
0.0019
0.00186
0.00186
0.00186
0.00181
0.00181
0.0019
0.00195
0.00181
0.00199
0.0019
0.00195
0.0019
0.0019
0.0019
0.00195
0.00195
0.00181
0.00186
0.00195
0.00195
0.00204
0.00195
0.00199
0.0019
0.00195
0.00195
0.00199
0.0019
0.0019
0.0019
0.00186
0.00195
0.00181
0.00181
0.00186
0.00181
0.00177
0.00168
0.00181
0.00186
0.00195
0.00186
0.00195
0.00186
0.0019
0.00199
0.00199
0.00181
0.00181
0.0019
0.00199
0.00195
0.00181
0.00177
0.00186
0.00195
0.00199
0.00199
0.0019
0.0019
0.0019
0.00186
0.00195
0.0019
0.00177
0.00186
0.0019
0.00186
0.00186
0.0019
0.0019
0.00177
0.00195
0.00186
0.00177
0.00186
0.00186
0.00181
0.00186
0.00186
0.00177
0.00177
0.00177
0.00158
0.00168
0.00168
0.00168
0.00172
0.00172
0.00158
0.00168
0.00163
0.00168
0.00172
0.00181
0.00177
0.00181
0.00181
0.00186
0.0019
0.00181
0.0019
0.00195
0.00195
0.00195
0.0019
0.00186
0.00177
0.00181
0.00181
0.0019
0.0019
0.00181
0.00186
0.00181
0.00186
0.00172
0.00177
0.00186
0.00181
0.00172
0.00177
0.00168
0.00177
0.00177
0.00168
0.00163
0.00172
0.00172
0.00172
0.00168
0.00163
0.00168
0.00163
0.00168
0.00172
0.00168
0.00163
0.00163
0.00158
0.00158
0.00163
0.00168
0.00168
0.00158
0.00163
0.00168
0.00168
0.00172
0.00168
0.00181
0.00163
0.00168
0.00163
0.00172
0.00172
0.00177
0.00172
0.00172
0.00168
0.00163
0.00158
0.00168
0.00158
0.00163
0.00154
0.00168
0.00158
0.00168
0.00145
0.00154
0.00149
0.00154
0.0014
0.00154
0.00149
0.0014
0.00154
0.00154
0.00145
0.0014
0.00136
0.00149
0.00149
0.00149
0.00149
0.0014
0.00145
0.00154
0.00154
0.00163
0.00158
0.00154
0.00168
0.00172
0.00177
0.00172
0.00172
0.00172
0.00172
0.00172
0.00181
0.00172
0.00172
0.00177
0.00177
0.00195
0.00186
0.00181
0.00181
0.00186
0.00177
0.00186
0.00181
0.00186
0.00177
0.00195
0.00186
0.0019
0.0019
0.00195
0.00181
0.0019
0.00186
0.00181
0.00181
0.00181
0.00172
0.00168
0.00172
0.00168
0.00181
0.00181
0.00181
0.00168
0.00172
0.00172
0.00168
0.00172
0.00168
0.00158
0.00168
0.00177
0.00163
0.00172
0.00168
0.00172
0.00172
0.00181
0.00181
0.00168
0.00181
0.00172
0.00181
0.0019
0.00181
0.00186
0.00195
0.00186
0.0019
0.00186
0.00181
0.0019
0.0019
0.00181
0.00181
0.00186
0.00186
0.00195
0.00195
0.0019
0.00181
0.00172
0.0019
0.00199
0.00204
0.00186
0.00172
0.00186
0.00181
0.00181
0.00181
0.00186
0.00181
0.00186
0.00177
0.00177
0.00168
0.00172
0.00181
0.00186
0.00172
0.00181
0.00163
0.00181
0.00181
0.00181
0.00181
0.00181
0.00186
0.0019
0.00186
0.00195
0.00195
0.00199
0.00208
0.00204
0.00204
0.00204
0.00195
0.00204
0.00213
0.00213
0.00204
0.00199
0.00199
0.00195
0.00195
0.00199
0.0019
0.0019
0.0019
0.00186
0.00186
0.00199
0.0019
0.00195
0.00181
0.0019
0.00172
0.00177
0.00181
0.00168
0.00168
0.00163
0.00177
0.00177
0.00168
0.00181
0.00168
0.00172
0.00158
0.00163
0.00163
0.00168
0.00172
0.00163
0.00158
0.00168
0.00168
0.00172
0.00177
0.00172
0.00163
0.00172
0.00168
0.00172
0.00181
0.0019
0.00177
0.00181
0.0019
0.00186
0.0019
0.00204
0.0019
0.00213
0.00213
0.00218
0.00222
0.00222
0.00227
0.00236
0.0024
0.00254
0.00258
0.00254
0.00267
0.00281
0.00286
0.00295
0.00308
0.00326
0.00326
0.0034
0.00345
0.00367
0.00363
0.00395
0.00386
0.00404
0.00399
0.00413
0.00408
0.00417
0.00417
0.00431
0.00435
0.00463
0.00458
0.00458
0.00485
0.00485
0.00495
0.00499
0.00499
0.00508
0.00517
0.00522
0.00517
0.00517
0.00522
0.00517
0.00535
0.0054
0.00535
0.00535
0.00549
0.0054
0.00535
0.0054
0.00526
0.0054
0.00535
0.0054
0.00544
0.00544
0.00535
0.00535
0.00535
0.00544
0.00531
0.00535
0.00544
0.00535
0.00535
0.00526
0.00522
0.00522
0.00526
0.00531
0.00522
0.00517
0.00517
0.00522
0.00513
0.00517
0.00508
0.00513
0.00508
0.00504
0.00499
0.00495
0.00499
0.00481
