-7.960002304000E-01

0.00168
0.00168
0.00177
0.00168
0.00168
0.00172
0.00168
0.00163
0.00163
0.00172
0.00172
0.00168
0.00186
0.00172
0.00168
0.00181
0.00172
0.00177
0.00168
0.00172
0.00181
0.00186
0.00177
0.00181
0.00177
0.00186
0.00177
0.00177
0.00181
0.00172
0.00177
0.00181
0.00181
0.00168
0.00181
0.00181
0.00186
0.0019
0.00199
0.00168
0.00168
0.00168
0.00168
0.00177
0.00172
0.00172
0.00163
0.00177
0.00172
0.00158
0.00172
0.00168
0.00181
0.00177
0.00168
0.00158
0.00168
0.00172
0.00163
0.00168
0.00172
0.00177
0.00172
0.00186
0.0019
0.0019
0.00195
0.00186
0.0019
0.0019
0.0019
0.00186
0.00199
0.00199
0.00195
0.00177
0.00186
0.00181
0.00186
0.0019
0.0019
0.0019
0.0019
0.0019
0.00199
0.0019
0.00199
0.0019
0.0019
0.00195
0.0019
0.00181
0.00177
0.00172
0.00172
0.00168
0.00168
0.00168
0.00163
0.00158
0.00163
0.00158
0.00163
0.00158
0.00158
0.00158
0.00163
0.00154
0.00168
0.00163
0.00158
0.00177
0.00168
0.00172
0.00163
0.00154
0.00158
0.00158
0.00168
0.00158
0.00168
0.00163
0.00154
0.00163
0.00168
0.00163
0.00168
0.00172
0.00177
0.00168
0.00172
0.00163
0.00163
0.00149
0.00168
0.00163
0.00154
0.00168
0.00172
0.00172
0.00172
0.00181
0.00172
0.00177
0.00172
0.00177
0.00181
0.00172
0.00181
0.00186
0.00186
0.00181
0.00177
0.00186
0.00186
0.00195
0.00195
0.00181
0.00186
0.0019
0.0019
0.00181
0.00195
0.00195
0.00204
0.00208
0.00222
0.00213
0.00222
0.00222
0.00231
0.00227
0.00236
0.00236
0.00231
0.00236
0.00227
0.00236
0.00245
0.00236
0.00245
0.00231
0.00245
0.0024
0.00245
0.00236
0.00231
0.00227
0.00236
0.00218
0.00231
0.00218
0.00231
0.00222
0.00227
0.00218
0.00218
0.00213
0.00213
0.00218
0.00218
0.00213
0.00204
0.0019
0.00204
0.00186
0.00181
0.00181
0.00181
0.00181
0.0019
0.00181
0.00199
0.00181
0.0019
0.00181
0.00186
0.00186
0.00177
0.00181
0.00186
0.0019
0.0019
0.00181
0.00177
0.00172
0.00168
0.00168
0.00177
0.00181
0.00177
0.00177
0.00181
0.00172
0.00181
0.00168
0.00172
0.00177
0.00177
0.00181
0.00172
0.00177
0.00168
0.00172
0.00177
0.00168
0.00168
0.00181
0.00172
0.00168
0.00172
0.00181
0.00186
0.00181
0.00172
0.00181
0.00186
0.0019
0.0019
0.00186
0.00186
0.00186
0.0019
0.0019
0.00186
0.00199
0.00199
0.00204
0.00204
0.00204
0.00208
0.00218
0.00222
0.00222
0.00231
0.00222
0.00236
0.00236
0.0024
0.0024
0.0024
0.0024
0.00236
0.0024
0.0024
0.00231
0.00222
0.00236
0.00231
0.00222
0.00231
0.00222
0.00231
0.00218
0.00218
0.00222
0.00218
0.00213
0.00208
0.00199
0.00199
0.00204
0.00204
0.00199
0.00199
0.00181
0.00186
0.00181
0.00181
0.00181
0.00177
0.00172
0.00172
0.00181
0.00172
0.00177
0.00181
0.00181
0.00181
0.00177
0.00172
0.00177
0.00181
0.00168
0.00181
0.00181
0.00177
0.00181
0.00172
0.00168
0.00168
0.00172
0.00168
0.00177
0.00168
0.00172
0.00158
0.00172
0.00168
0.00172
0.00168
0.00163
0.00168
0.00158
0.00177
0.00163
0.00172
0.00172
0.00163
0.00163
0.00158
0.00181
0.00168
0.00168
0.00163
0.00158
0.00168
0.00168
0.00168
0.00172
0.00168
0.00168
0.00158
0.00163
0.00172
0.00168
0.00168
0.00181
0.00181
0.00177
0.0019
0.00177
0.00195
0.00181
0.00199
0.00199
0.00199
0.00199
0.00199
0.00204
0.00213
0.00208
0.00208
0.00204
0.00199
0.00208
0.00213
0.00208
0.00213
0.00218
0.00204
0.00204
0.00213
0.00218
0.00199
0.00204
0.00199
0.00213
0.00199
0.00204
0.00208
0.00199
0.0019
0.0019
0.00204
0.00195
0.00208
0.00195
0.00199
0.00195
0.0019
0.00195
0.0019
0.0019
0.00199
0.0019
0.0019
0.00186
0.00186
0.00186
0.00186
0.00195
0.00186
0.0019
0.00195
0.00195
0.00199
0.00186
0.00195
0.0019
0.00208
0.0019
0.00186
0.00181
0.00177
0.00181
0.00177
0.00181
0.00186
0.00181
0.00186
0.00186
0.0019
0.00181
0.00186
0.00172
0.00186
0.0019
0.00186
0.00181
0.00181
0.00186
0.00199
0.0019
0.0019
0.00195
0.00186
0.00181
0.00181
0.00186
0.00172
0.00177
0.00181
0.00181
0.00172
0.00181
0.00177
0.00168
0.00172
0.0019
0.00186
0.00186
0.0019
0.00186
0.00195
0.0019
0.00208
0.00204
0.00204
0.00222
0.00213
0.00222
0.00222
0.00218
0.00222
0.00213
0.00218
0.00218
0.00213
0.00222
0.00218
0.00208
0.00222
0.00222
0.00213
0.00222
0.00218
0.00208
0.00208
0.00208
0.00218
0.00222
0.00218
0.00222
0.00222
0.00222
0.00218
0.00208
0.00218
0.00213
0.00208
0.00195
0.00204
0.00204
0.0019
0.00186
0.00195
0.00195
0.00199
0.0019
0.0019
0.0019
0.00199
0.0019
0.00199
0.00199
0.00199
0.00195
0.00186
0.00199
0.00195
0.00186
0.00195
0.0019
0.00204
0.00204
0.00199
0.00204
0.0019
0.0019
0.00204
0.00199
0.00204
0.00204
0.00204
0.00199
0.0019
0.00186
0.00181
0.00186
0.00186
0.00181
0.00181
0.00168
0.00172
0.00168
0.00181
0.00154
0.00158
0.00158
0.00158
0.00158
0.00163
0.00154
0.00168
0.00168
0.00158
0.00154
0.00163
0.00168
0.00168
0.00172
0.00172
0.00172
0.00177
0.00186
0.0019
0.00186
0.0019
0.0019
0.00204
0.0019
0.00199
0.0019
0.00204
0.00195
0.00204
0.0019
0.00208
0.00199
0.00204
0.00213
0.00213
0.00208
0.00204
0.00199
0.00204
0.00204
0.00204
0.00208
0.00208
0.00213
0.00208
0.00199
0.00204
0.00199
0.0019
0.0019
0.00204
0.00204
0.00195
0.0019
0.00186
0.00177
0.0019
0.00181
0.00177
0.00172
0.00168
0.00168
0.00163
0.00154
0.00158
0.00168
0.00168
0.00168
0.00181
0.00168
0.00181
0.00172
0.00181
0.00177
0.00181
0.00177
0.00172
0.00172
0.00186
0.00181
0.0019
0.00195
0.00204
0.00181
0.0019
0.0019
0.00199
0.00195
0.00186
0.00186
0.00186
0.00181
0.00186
0.00186
0.00186
0.00172
0.00181
0.00181
0.00181
0.00172
0.00181
0.00163
0.00177
0.00168
0.00168
0.00154
0.00163
0.00172
0.00186
0.00177
0.00168
0.00172
0.00177
0.00177
0.00177
0.00168
0.00172
0.00163
0.00177
0.00186
0.00181
0.00172
0.00177
0.00172
0.00168
0.00168
0.00172
0.00163
0.00168
0.00177
0.00172
0.00186
0.00181
0.00172
0.0019
0.00186
0.00186
0.00186
0.00181
0.00181
0.00186
0.0019
0.0019
0.00199
0.00181
0.00195
0.00181
0.00181
0.00186
0.00181
0.00195
0.00177
0.00186
0.00172
0.00177
0.00168
0.00163
0.00163
0.00172
0.00163
0.00158
0.00163
0.00163
0.00158
0.00168
0.00158
0.00168
0.00158
0.00149
0.00154
0.00158
0.00149
0.00158
0.00145
0.00154
0.00154
0.00158
0.00158
0.00154
0.00145
0.00163
0.00168
0.00158
0.00163
0.00163
0.00168
0.00168
0.00163
0.00163
0.00172
0.00181
0.00163
0.00168
0.00168
0.00158
0.00168
0.00158
0.00149
0.00154
0.00172
0.00168
0.00158
0.00158
0.00149
0.00163
0.00168
0.00168
0.00168
0.00154
0.00154
0.00168
0.00149
0.00168
0.00149
0.00158
0.00149
0.00168
0.00163
0.00163
0.00158
0.00158
0.00158
0.00163
0.00168
0.00168
0.00186
0.00181
0.00168
0.00186
0.00172
0.00181
0.00177
0.00186
0.00172
0.00186
0.00181
0.00177
0.00172
0.00186
0.00186
0.00186
0.0019
0.00195
0.00186
0.0019
0.00186
0.00186
0.00186
0.00186
0.00186
0.00177
0.00181
0.00172
0.00177
0.00168
0.00158
0.00163
0.00168
0.00163
0.00168
0.00177
0.00154
0.00168
0.00168
0.00158
0.00154
0.00158
0.00145
0.00145
0.00149
0.00154
0.00149
0.00149
0.00154
0.00168
0.00158
0.00154
0.00154
0.00168
0.00163
0.00168
0.00154
0.00158
0.00168
0.00172
0.00163
0.00181
0.00177
0.00177
0.00181
0.00181
0.00181
0.0019
0.00186
0.00186
0.0019
0.0019
0.00181
0.00186
0.00181
0.00186
0.00172
0.00186
0.00186
0.00168
0.00177
0.00168
0.00163
0.00163
0.00163
0.00163
0.00168
0.00158
0.00158
0.00154
0.00158
0.00154
0.00154
0.00154
0.00158
0.00158
0.00163
0.00172
0.00172
0.00172
0.00168
0.00163
0.00177
0.00177
0.00172
0.00177
0.00177
0.00186
0.00181
0.00186
0.0019
0.00186
0.00181
0.00181
0.00177
0.00181
0.00177
0.00186
0.0019
0.00181
0.00172
0.00181
0.00177
0.00181
0.00177
0.00186
0.00181
0.00186
0.00195
0.0019
0.00186
0.00181
0.00172
0.00181
0.00172
0.00177
0.00172
0.00181
0.00181
0.00172
0.00177
0.00186
0.00181
0.00177
0.00177
0.00172
0.00163
0.00177
0.00168
0.00177
0.00181
0.00181
0.00172
0.00172
0.00168
0.00163
0.00168
0.00181
0.00181
0.00177
0.00172
0.00172
0.00172
0.00181
0.00158
0.00181
0.00181
0.00177
0.00172
0.00172
0.00163
0.00168
0.00168
0.00172
0.00172
0.00168
0.00172
0.00181
0.00172
0.00168
0.00163
0.00168
0.00168
0.00168
0.00163
0.00158
0.00158
0.00149
0.0014
0.00149
0.00154
0.00149
0.00149
0.00154
0.0014
0.00149
0.00136
0.00149
0.00149
0.00149
0.00149
0.00145
0.00145
0.00145
0.00145
0.00145
0.0014
0.00145
0.00154
0.00149
0.0014
0.00158
0.00154
0.00149
0.00163
0.00158
0.00145
0.00163
0.00163
0.00163
0.00172
0.00168
0.00172
0.00163
0.00177
0.00168
0.00168
0.00163
0.00158
0.00177
0.00177
0.00181
0.00163
0.00163
0.00158
0.00168
0.00177
0.00168
0.00158
0.00154
0.00149
0.00154
0.00154
0.00149
0.00145
0.00149
0.00145
0.00136
0.0014
0.0014
0.00122
0.00127
0.00122
0.00136
0.00131
0.00145
0.00136
0.00145
0.00131
0.00145
0.00145
0.0014
0.0014
0.00149
0.00149
0.00149
0.00154
0.00149
0.00154
0.00168
0.00163
0.00158
0.00168
0.00163
0.00163
0.00163
0.00158
0.00172
0.00158
0.00172
0.00158
0.00158
0.00168
0.00163
0.00177
0.00168
0.00177
0.00172
0.00172
0.00168
0.00168
0.00163
0.00168
0.00181
0.00177
0.00168
0.00177
0.00172
0.00168
0.00163
0.00172
0.00163
0.00168
0.00163
0.00172
0.00168
0.00172
0.00172
0.00168
0.00177
0.00177
0.00181
0.00172
0.00177
0.00177
0.0019
0.0019
0.00186
0.0019
0.0019
0.0019
0.00195
0.00195
0.00195
0.00186
0.00195
0.00195
0.00199
0.00186
0.00199
0.00195
0.00204
0.00195
0.00195
0.0019
0.00195
0.00181
0.00199
0.0019
0.00199
0.00186
0.00186
0.00177
0.00168
0.00163
0.00168
0.00168
0.00172
0.00163
0.00168
0.00168
0.00158
0.00145
0.00154
0.0014
0.00149
0.0014
0.00136
0.00136
0.00136
0.00131
0.00145
0.00149
0.00154
0.00145
0.00158
0.00149
0.00154
0.00158
0.00158
0.00168
0.00158
0.00158
0.00168
0.00154
0.00172
0.00163
0.00163
0.00172
0.00163
0.00163
0.00181
0.00172
0.00168
0.00168
0.00168
0.00158
0.00163
0.00158
0.00177
0.00172
0.00168
0.00163
0.00158
0.00163
0.00168
0.00163
0.00168
0.00168
0.00163
0.00172
0.00168
0.00168
0.00163
0.00154
0.00158
0.00145
0.00158
0.00154
0.00163
0.00158
0.00158
0.00163
0.00163
0.00158
0.00158
0.00172
