-5.500001600000E-02

0.00131
0.00131
0.00131
0.00131
0.0014
0.00127
0.00136
0.00131
0.00136
0.00136
0.00131
0.00131
0.00131
0.00136
0.00127
0.00122
0.00122
0.00136
0.00127
0.00122
0.00131
0.00136
0.0014
0.0014
0.00145
0.00136
0.00136
0.0014
0.0014
0.0014
0.0014
0.0014
0.00145
0.0014
0.00145
0.0014
0.00145
0.00145
0.00149
0.00158
0.00158
0.00163
0.00168
0.00177
0.00163
0.00163
0.00154
0.00149
0.00149
0.00158
0.00163
0.00145
0.00154
0.00145
0.00158
0.00145
0.00149
0.00145
0.00136
0.0014
0.00136
0.00145
0.00136
0.00136
0.00145
0.0014
0.0014
0.00131
0.00136
0.00122
0.00131
0.00131
0.00136
0.00136
0.00131
0.00136
0.0014
0.00136
0.00136
0.00131
0.0014
0.00127
0.00136
0.00145
0.0014
0.00149
0.0014
0.00145
0.0014
0.00145
0.00154
0.00154
0.00149
0.00145
0.00154
0.00145
0.00145
0.0014
0.00136
0.00136
0.00131
0.00122
0.00127
0.00127
0.00127
0.00127
0.00113
0.00122
0.00122
0.00127
0.00136
0.00131
0.00127
0.00131
0.00122
0.00127
0.00131
0.00127
0.00122
0.00136
0.00136
0.00136
0.00136
0.00136
0.00136
0.00127
0.00145
0.00131
0.00154
0.00145
0.00145
0.00136
0.00136
0.0014
0.00145
0.00154
0.0014
0.00154
0.00145
0.00145
0.00149
0.00149
0.00154
0.00149
0.00168
0.00163
0.00158
0.00158
0.00154
0.00158
0.00163
0.00158
0.00158
0.00154
0.00154
0.00181
0.00172
0.00168
0.00163
0.00172
0.00177
0.00181
0.00177
0.00172
0.00177
0.00172
0.00186
0.00181
0.00181
0.00181
0.00186
0.0019
0.0019
0.00199
0.0019
0.0019
0.0019
0.00195
0.00204
0.00195
0.00204
0.00195
0.00199
0.00195
0.00208
0.00204
0.00208
0.00204
0.00204
0.00195
0.00204
0.00195
0.00204
0.00199
0.00204
0.00195
0.0019
0.0019
0.00186
0.0019
0.00181
0.00186
0.00186
0.00204
0.00186
0.00177
0.00181
0.00177
0.00172
0.00181
0.00168
0.00177
0.00177
0.00177
0.00168
0.00181
0.00177
0.00177
0.00163
0.00177
0.00168
0.00158
0.00163
0.00163
0.00168
0.00172
0.00177
0.00163
0.00172
0.00172
0.00177
0.00177
0.00177
0.00172
0.00172
0.00181
0.00181
0.00172
0.00172
0.00172
0.00181
0.00181
0.00186
0.00172
0.00177
0.00168
0.00168
0.00168
0.00177
0.00181
0.00181
0.00195
0.00186
0.00186
0.00186
0.00181
0.00181
0.00195
0.00199
0.0019
0.00204
0.00204
0.00204
0.00204
0.00222
0.00213
0.00218
0.0024
0.00236
0.0024
0.00258
0.00249
0.00258
0.00249
0.00272
0.00267
0.00277
0.00277
0.00295
0.00295
0.00299
0.00304
0.00308
0.00304
0.00308
0.00313
0.00326
0.00322
0.00313
0.00313
0.00317
0.00326
0.00336
0.00336
0.00336
0.0034
0.00349
0.00345
0.00331
0.00345
0.00336
0.00331
0.00336
0.00331
0.0034
0.00326
0.00322
0.00326
0.00336
0.00336
0.00326
0.00331
0.00336
0.00326
0.00322
0.00322
0.00326
0.00326
0.00326
0.00308
0.00313
0.00317
0.00336
0.00326
0.00317
0.00322
0.00322
0.00322
0.00326
0.00317
0.00322
0.00317
0.00322
0.00317
0.00322
0.00317
0.00326
0.00326
0.00317
0.00317
0.00308
0.00317
0.00326
0.00326
0.00331
0.00322
0.00331
0.00317
0.00322
0.00326
0.00331
0.00322
0.00322
0.00322
0.00331
0.00317
0.00317
0.00322
0.00322
0.00317
0.00322
0.00313
0.00304
0.00317
0.00308
0.00299
0.00313
0.0029
0.00299
0.00308
0.00299
0.0029
0.0029
0.00299
0.00286
0.00281
0.00272
0.00267
0.00281
0.00281
0.00277
0.00272
0.00277
0.00272
0.00272
0.00263
0.00272
0.00267
0.00258
0.00258
0.00272
0.00272
0.00267
0.00263
0.00263
0.00263
0.00277
0.00281
0.00281
0.00272
0.0029
0.00281
0.00281
0.00277
0.00272
0.00267
0.00286
0.00281
0.00281
0.00277
0.00263
0.00272
0.00272
0.00267
0.00267
0.00258
0.00263
0.00258
0.00263
0.00245
0.00267
0.00263
0.00267
0.00258
0.00267
0.00267
0.00263
0.00272
0.00267
0.00267
0.00267
0.00258
0.00263
0.00263
0.00272
0.00277
0.00281
0.00277
0.00281
0.00281
0.00277
0.00272
0.00277
0.00281
0.00281
0.00281
0.00277
0.00267
0.00272
0.00267
0.00277
0.00281
0.00281
0.00281
0.00281
0.00286
0.00281
0.00277
0.00281
0.00281
0.00277
0.00277
0.00272
0.00267
0.00277
0.00272
0.00272
0.00267
0.00263
0.00258
0.00263
0.00254
0.00263
0.00249
0.00254
0.00254
0.00263
0.00249
0.00254
0.00245
0.00258
0.00258
0.00249
0.00263
0.00263
0.00258
0.00249
0.00258
0.00254
0.00258
0.00263
0.00272
0.00272
0.00258
0.00263
0.00254
0.00263
0.00258
0.00258
0.00263
0.00263
0.00245
0.00249
0.00254
0.00263
0.00249
0.00254
0.00249
0.00249
0.00245
0.0024
0.0024
0.00227
0.00222
0.00222
0.00231
0.00236
0.00222
0.00236
0.00231
0.0024
0.00231
0.00236
0.0024
0.00245
0.00231
0.00227
0.00236
0.00231
0.00222
0.00231
0.00227
0.00231
0.00231
0.00227
0.00236
0.00236
0.00231
0.0024
0.00249
0.00254
0.0024
0.00254
0.00249
0.00245
0.00263
0.00254
0.00263
0.00263
0.00258
0.00263
0.00258
0.00267
0.00267
0.00254
0.00267
0.00267
0.00263
0.00267
0.00245
0.00263
0.00263
0.00258
0.00263
0.00254
0.00249
0.00254
0.00263
0.00254
0.00249
0.00254
0.0024
0.0024
0.00236
0.00249
0.0024
0.00245
0.0024
0.00236
0.0024
0.00231
0.00231
0.0024
0.00222
0.00236
0.00222
0.00222
0.00231
0.00227
0.00227
0.00236
0.00227
0.00231
0.00227
0.00222
0.00218
0.00227
0.00218
0.00222
0.00222
0.00227
0.00218
0.00227
0.00222
0.00231
0.00227
0.00231
0.00218
0.00213
0.00218
0.00218
0.00218
0.00204
0.00204
0.00204
0.00199
0.00199
0.00195
0.0019
0.00199
0.0019
0.00199
0.00204
0.00181
0.00195
0.0019
0.00181
0.00181
0.00195
0.0019
0.00181
0.00177
0.00181
0.00186
0.00177
0.00181
0.00181
0.00177
0.00186
0.00181
0.00186
0.0019
0.00195
0.00195
0.00195
0.0019
0.00186
0.00195
0.0019
0.00204
0.00204
0.00204
0.00199
0.00199
0.00186
0.0019
0.00199
0.00195
0.00195
0.00181
0.00195
0.00195
0.0019
0.00204
0.00204
0.00186
0.0019
0.00199
0.00195
0.00195
0.00195
0.0019
0.00195
0.0019
0.0019
0.00199
0.00199
0.00195
0.00195
0.00186
0.0019
0.0019
0.0019
0.00186
0.00186
0.00177
0.0019
0.00181
0.00181
0.00181
0.00181
0.00186
0.00181
0.00172
0.00172
0.00177
0.00172
0.00172
0.00177
0.00177
0.00172
0.00177
0.00172
0.00163
0.00172
0.00172
0.00181
0.00168
0.00177
0.00181
0.00177
0.00172
0.00172
0.00172
0.00172
0.00172
0.00168
0.00149
0.00168
0.00163
0.00163
0.00149
0.00149
0.0014
0.00154
0.00149
0.00145
0.00158
0.00149
0.00149
0.00149
0.00158
0.00158
0.00145
0.00149
0.00149
0.00145
0.00154
0.00154
0.00149
0.00168
0.00158
0.00172
0.00168
0.00168
0.00172
0.00172
0.00168
0.00172
0.00163
0.00172
0.00172
0.00181
0.00172
0.00181
0.00177
0.00186
0.00186
0.00186
0.00177
0.00177
0.00181
0.00172
0.00181
0.00186
0.00177
0.00172
0.00172
0.00177
0.00181
0.00181
0.00168
0.00172
0.00172
0.00172
0.00172
0.00177
0.00181
0.00172
0.00168
0.00158
0.00158
0.00154
0.00154
0.00145
0.00158
0.00163
0.00163
0.00163
0.00154
0.00154
0.00158
0.00163
0.00145
0.00145
0.00154
0.00149
0.0014
0.00149
0.00149
0.00163
0.00149
0.00154
0.00149
0.00154
0.00158
0.00158
0.00149
0.00154
0.00149
0.00145
0.00158
0.00154
0.00158
0.00154
0.00136
0.00145
0.00154
0.00145
0.00149
0.00145
0.00145
0.00149
0.00136
0.00136
0.00136
0.00136
0.0014
0.0014
0.0014
0.0014
0.00131
0.0014
0.00145
0.00149
0.00149
0.0014
0.00145
0.00145
0.0014
0.0014
0.00149
0.0014
0.00149
0.00158
0.00149
0.00158
0.00145
0.00154
0.00154
0.00158
0.00158
0.00149
0.00158
0.00158
0.00158
0.00163
0.00163
0.00158
0.00158
0.00168
0.00158
0.00168
0.00163
0.00172
0.00172
0.00168
0.00158
0.00168
0.00168
0.00163
0.00163
0.00168
0.00177
0.00177
0.00177
0.00168
0.00168
0.00163
0.00163
0.00168
0.00163
0.00158
0.00145
0.00145
0.0014
0.00158
0.00154
0.00158
0.0014
0.00149
0.00163
0.00154
0.00145
0.00136
0.0014
0.0014
0.00145
0.00158
0.0014
0.0014
0.00145
0.00136
0.00127
0.00122
0.00136
0.00131
0.00149
0.00145
0.00136
0.00145
0.00127
0.00136
0.00136
0.00145
0.00145
0.0014
0.00149
0.00145
0.00136
0.0014
0.00145
0.0014
0.00149
0.0014
0.0014
0.0014
0.00136
0.00149
0.00136
0.0014
0.00136
0.0014
0.00136
0.00136
0.00136
0.00149
0.00131
0.00131
0.0014
0.00149
0.0014
0.00149
0.0014
0.00149
0.00149
0.0014
0.0014
0.00145
0.0014
0.00136
0.00154
0.00149
0.0014
0.00149
0.00158
0.00154
0.00154
0.00168
0.00149
0.00163
0.00158
0.00163
0.00168
0.00168
0.00172
0.00158
0.00172
0.00172
0.00177
0.00177
0.00177
0.00181
0.00168
0.00181
0.00158
0.00168
0.00163
0.00168
0.00158
0.00168
0.00163
0.00154
0.00163
0.00149
0.0014
0.00145
0.0014
0.00145
0.00131
0.00131
0.0014
0.00145
0.00145
0.00136
0.00131
0.00136
0.00131
0.00127
0.00127
0.00136
0.00127
0.00122
0.00136
0.00136
0.00145
0.00149
0.00136
0.0014
0.00131
0.00122
0.00131
0.00145
0.0014
0.00131
0.00131
0.00136
0.00136
0.00145
0.0014
0.00145
0.00145
0.00145
0.00145
0.0014
0.0014
0.00154
0.00145
0.00154
0.00145
0.0014
0.0014
0.0014
0.00136
0.00131
0.00127
0.00131
0.00118
0.00127
0.00109
0.00118
0.00118
0.00122
0.00109
0.00109
0.00113
0.00113
0.00113
0.00131
0.00118
0.00118
0.00118
0.00127
0.00122
0.00118
0.00118
0.00127
0.00122
0.0014
0.00127
0.00127
0.00127
0.00127
0.00136
0.00131
0.00136
0.0014
0.00149
0.00149
0.00136
0.0014
0.00145
0.00158
0.00149
0.00149
0.00149
0.00154
0.00154
0.00154
0.00154
0.00154
0.0014
0.00149
0.00145
0.00154
0.00149
0.00154
0.00145
0.00149
0.00145
0.00149
0.00145
0.00145
0.00136
0.00136
0.00145
0.0014
0.00131
0.00136
0.00154
0.0014
0.00145
0.0014
0.00127
0.0014
0.0014
0.00149
0.00158
0.00149
0.00145
0.00149
0.0014
0.00149
0.00145
0.00149
0.00154
0.00158
0.00158
0.00163
0.00154
0.00163
0.00168
0.00158
0.00154
0.00163
0.00158
0.00163
0.00163
0.00158
0.0014
0.00145
0.00149
0.00158
0.00145
0.00149
0.00149
0.00149
0.0014
0.00136
0.00136
0.0014
0.00131
0.00136
0.00145
0.00149
0.0014
0.0014
0.00145
0.00131
0.0014
0.00131
0.00127
0.00145
0.0014
0.0014
0.00136
0.00145
0.00136
0.00149
0.00145
0.00154
0.0014
0.00145
0.00136
0.00154
0.00145
0.00149
0.00145
0.00154
0.00149
0.00168
0.00163
0.00158
0.00168
0.00163
0.00168
0.00168
0.00168
0.00158
0.00168
0.00172
0.00177
0.00163
0.00163
0.00168
0.00163
0.00163
0.00149
0.00149
0.00154
0.00154
0.00149
0.00149
0.00154
0.00136
0.00149
0.00149
0.00131
0.0014
0.00136
