-1.559000448000E+00

-0.00237
-0.00237
-0.00237
-0.00257
-0.00237
-0.00276
-0.00257
-0.00198
-0.00237
-0.00276
-0.00237
-0.00237
-0.00237
-0.00296
-0.00276
-0.00315
-0.00335
-0.00315
-0.00296
-0.00257
-0.00276
-0.00276
-0.00257
-0.00276
-0.00315
-0.00237
-0.00257
-0.00276
-0.00296
-0.00296
-0.00315
-0.00257
-0.00276
-0.00276
-0.00296
-0.00257
-0.00257
-0.00315
-0.00296
-0.00296
-0.00296
-0.00296
-0.00335
-0.00335
-0.00296
-0.00315
-0.00296
-0.00257
-0.00276
-0.00296
-0.00296
-0.00276
-0.00257
-0.00257
-0.00257
-0.00296
-0.00315
-0.00257
-0.00276
-0.00315
-0.00296
-0.00296
-0.00315
-0.00335
-0.00296
-0.00335
-0.00335
-0.00335
-0.00335
-0.00315
-0.00335
-0.00374
-0.00354
-0.00354
-0.00315
-0.00335
-0.00315
-0.00374
-0.00354
-0.00335
-0.00335
-0.00374
-0.00354
-0.00354
-0.00335
-0.00374
-0.00315
-0.00276
-0.00335
-0.00315
-0.00335
-0.00315
-0.00296
-0.00237
-0.00315
-0.00354
-0.00335
-0.00315
-0.00276
-0.00335
-0.00296
-0.00296
-0.00276
-0.00257
-0.00276
-0.00296
-0.00276
-0.00296
-0.00296
-0.00335
-0.00315
-0.00276
-0.00296
-0.00276
-0.00296
-0.00296
-0.00218
-0.00276
-0.00276
-0.00296
-0.00335
-0.00315
-0.00315
-0.00276
-0.00335
-0.00296
-0.00296
-0.00296
-0.00296
-0.00276
-0.00276
-0.00257
-0.00296
-0.00257
-0.00296
-0.00257
-0.00335
-0.00296
-0.00296
-0.00276
-0.00257
-0.00257
-0.00276
-0.00315
-0.00257
-0.00296
-0.00296
-0.00276
-0.00276
-0.00276
-0.00257
-0.00296
-0.00296
-0.00237
-0.00257
-0.00257
-0.00315
-0.00296
-0.00276
-0.00257
-0.00296
-0.00296
-0.00296
-0.00315
-0.00296
-0.00276
-0.00315
-0.00257
-0.00296
-0.00257
-0.00276
-0.00276
-0.00257
-0.00315
-0.00257
-0.00315
-0.00257
-0.00276
-0.00335
-0.00296
-0.00276
-0.00276
-0.00257
-0.00276
-0.00296
-0.00315
-0.00315
-0.00296
-0.00315
-0.00335
-0.00296
-0.00296
-0.00257
-0.00276
-0.00315
-0.00296
-0.00296
-0.00335
-0.00257
-0.00276
-0.00237
-0.00257
-0.00257
-0.00237
-0.00237
-0.00296
-0.00257
-0.00296
-0.00257
-0.00276
-0.00218
-0.00081
-0.00022
0.00036
0.00193
0.0031
0.00388
0.00544
0.00622
0.0072
0.00837
0.00876
0.00915
0.01013
0.01052
0.0113
0.0115
0.01208
0.01247
0.01267
0.01306
0.01364
0.01384
0.01364
0.01423
0.01462
0.01482
0.01462
0.01482
0.01599
0.01657
0.01755
0.0195
0.02243
0.02575
0.02946
0.03357
0.03786
0.04196
0.04607
0.05036
0.05368
0.05739
0.06052
0.06345
0.06579
0.06833
0.07048
0.07204
0.0738
0.07517
0.07654
0.07751
0.07888
0.07966
0.08064
0.08122
0.08161
0.08161
0.08239
0.08279
0.08298
0.08239
0.08239
0.08259
0.0822
0.08142
0.08161
0.08103
0.08083
0.08005
0.07966
0.07868
0.0781
0.07829
0.07732
0.07614
0.07556
0.07478
0.07439
0.07341
0.07282
0.07224
0.07165
0.07068
0.0695
0.06892
0.06833
0.06775
0.06677
0.06599
0.06462
0.06423
0.06345
0.06306
0.06228
0.0615
0.06091
0.06013
0.05935
0.05857
0.05818
0.0572
0.05622
0.05544
0.05544
0.05446
0.05368
0.05212
0.05212
0.05134
0.05134
0.05017
0.04958
0.0488
0.04861
0.04802
0.04685
0.04724
0.04607
0.04548
0.04529
0.04548
0.04529
0.04607
0.04626
0.04704
0.04802
0.04841
0.04939
0.04958
0.04978
0.05075
0.05036
0.05075
0.05114
0.05154
0.05114
0.05114
0.05114
0.05114
0.05134
0.05114
0.05134
0.05095
0.05075
0.05017
0.04997
0.05036
0.04978
0.0488
0.04861
0.04841
0.04841
0.04763
0.04743
0.04665
0.04626
0.04607
0.04568
0.04568
0.0445
0.0447
0.04411
0.0445
0.04333
0.04392
0.04372
0.04353
0.04353
0.04353
0.04275
0.04275
0.04294
0.04314
0.04294
0.04196
0.04236
0.04216
0.04196
0.04177
0.04079
0.04079
0.0404
0.04001
0.03982
0.03982
0.03943
0.03884
0.03845
0.03786
0.03786
0.03767
0.03708
0.03689
0.0365
0.0365
0.03552
0.03532
0.03513
0.03435
0.03435
0.03376
0.03357
0.03318
0.03279
0.03239
0.032
0.03181
0.03142
0.03064
0.03064
0.03005
0.02986
0.02966
0.02907
0.02907
0.02829
0.02771
0.02771
0.02693
0.02693
0.02614
0.02614
0.02575
0.02536
0.02497
0.02458
0.02439
0.02419
0.0238
0.0238
0.02302
0.02263
0.02224
0.02224
0.02165
0.02146
0.02087
0.02068
0.02048
0.02029
0.02029
0.0197
0.0197
0.0197
0.0195
0.01911
0.01892
0.01853
0.01833
0.01775
0.01755
0.01755
0.01755
0.01716
0.01677
0.01677
0.01696
0.01677
0.01677
0.01638
0.01618
0.01501
0.0154
0.01521
0.01482
0.01462
0.01423
0.01404
0.01404
0.01384
0.01325
0.01325
0.01345
0.01345
0.01286
0.01247
0.01267
0.01247
0.01247
0.01247
0.01267
0.01208
0.01169
0.01169
0.01111
0.01169
0.01169
0.01111
0.01091
0.01032
0.01071
0.01052
0.01052
0.01013
0.01052
0.00974
0.01013
0.00935
0.00974
0.00954
0.00954
0.00935
0.00974
0.00915
0.00935
0.00896
0.00915
0.00818
0.00818
0.00818
0.00779
0.00798
0.00759
0.00739
0.0072
0.0072
0.00661
0.00661
0.00661
0.00603
0.00642
0.00583
0.00603
0.00603
0.00544
0.00544
0.00505
0.00544
0.00525
0.00525
0.00544
0.00525
0.00486
0.00505
0.00505
0.00544
0.00505
0.00466
0.00446
0.00466
0.00486
0.00466
0.00427
0.00466
0.00466
0.00427
0.00427
0.00446
0.00446
0.00466
0.00427
0.00427
0.00388
0.00446
0.00407
0.00466
0.00388
0.00427
0.00446
0.00388
0.00388
0.00407
0.00388
0.00407
0.00368
0.00349
0.0031
0.0029
0.0029
0.00329
0.0029
0.00251
0.00232
0.00232
0.00193
0.00212
0.00193
0.00154
0.00212
0.00193
0.00154
0.00154
0.00134
0.00154
0.00154
0.00154
0.00134
0.00154
0.00154
0.00134
0.00134
0.00154
0.00114
0.00075
0.00095
0.00095
0.00075
0.00134
0.00114
0.00095
0.00075
0.00134
0.00056
0.00075
0.00056
0.00095
0.00056
0.00075
0.00056
0.00075
0.00075
0.00114
0.00095
0.00036
0.00056
0.00075
0.00056
0.00036
0.00017
-3e-05
0.00017
0.00017
0.00017
-0.00022
-0.00022
-0.00022
-3e-05
-0.00022
-0.00022
-0.00042
-0.00022
-0.00061
-0.00042
-0.00022
-0.00042
0.00017
-3e-05
-0.00022
-3e-05
-3e-05
-0.00042
-0.00042
-0.00022
0.00036
-3e-05
-0.00022
-0.00081
-0.00022
-0.00042
-0.00061
-0.00061
-0.001
-0.00081
-0.00061
-0.00081
-0.001
-0.00061
-0.00081
-0.00081
-0.001
-0.0012
-0.0012
-0.0012
-0.0012
-0.001
-0.00159
-0.0012
-0.0012
-0.00139
-0.00139
-0.00159
-0.00159
-0.00179
-0.00198
-0.00198
-0.00218
-0.00139
-0.00198
-0.00198
-0.00198
-0.00179
-0.00179
-0.00218
-0.00198
-0.00198
-0.00179
-0.00159
-0.00159
-0.00179
-0.00139
-0.00179
-0.00179
-0.00159
-0.00139
-0.001
-0.0012
-0.00139
-0.00159
-0.00159
-0.00179
-0.00159
-0.00198
-0.00139
-0.00159
-0.00139
-0.00159
-0.00159
-0.00159
-0.0012
-0.00159
-0.00179
-0.00139
-0.001
-0.00139
-0.00081
-0.00081
-0.001
-0.001
-0.0012
-0.001
-0.001
-0.0012
-0.0012
-0.00139
-0.0012
-0.00139
-0.00179
-0.0012
-0.0012
-0.00159
-0.00159
-0.00159
-0.00179
-0.0012
-0.00179
-0.00159
-0.00159
-0.0012
-0.00179
-0.00179
-0.00198
-0.00159
-0.00179
-0.0012
-0.00198
-0.00179
-0.00159
-0.00198
-0.00159
-0.00159
-0.00179
-0.00159
-0.00237
-0.00179
-0.00198
-0.00218
-0.00218
-0.00276
-0.00218
-0.00257
-0.00218
-0.00198
-0.00218
-0.00218
-0.00218
-0.00198
-0.00198
-0.00198
-0.00218
-0.00218
-0.00179
-0.00179
-0.00179
-0.00218
-0.00198
-0.00218
-0.00218
-0.00237
-0.00198
-0.00218
-0.00179
-0.00218
-0.00218
-0.00179
-0.00198
-0.00218
-0.00218
-0.00159
-0.00198
-0.00237
-0.00218
-0.00237
-0.00237
-0.00257
-0.00218
-0.00198
-0.00198
-0.00198
-0.00179
-0.00179
-0.00198
-0.00198
-0.00237
-0.00218
-0.00218
-0.00218
-0.00257
-0.00237
-0.00237
-0.00198
-0.00198
-0.00198
-0.00257
-0.00218
-0.00218
-0.00237
-0.00257
-0.00218
-0.00257
-0.00237
-0.00237
-0.00237
-0.00257
-0.00198
-0.00237
-0.00218
-0.00198
-0.00237
-0.00237
-0.00237
-0.00276
-0.00296
-0.00276
-0.00296
-0.00257
-0.00296
-0.00276
-0.00315
-0.00315
-0.00315
-0.00296
-0.00296
-0.00315
-0.00315
-0.00315
-0.00315
-0.00276
-0.00276
-0.00276
-0.00276
-0.00257
-0.00257
-0.00237
-0.00237
-0.00257
-0.00257
-0.00198
-0.00276
-0.00218
-0.00257
-0.00218
-0.00237
-0.00237
-0.00198
-0.00198
-0.00198
-0.00218
-0.00198
-0.00218
-0.00179
-0.00218
-0.00257
-0.00237
-0.00198
-0.00159
-0.00198
-0.00198
-0.00237
-0.00276
-0.00276
-0.00257
-0.00296
-0.00257
-0.00257
-0.00276
-0.00296
-0.00315
-0.00315
-0.00296
-0.00335
-0.00276
-0.00335
-0.00315
-0.00335
-0.00296
-0.00335
-0.00354
-0.00335
-0.00296
-0.00257
-0.00315
-0.00374
-0.00296
-0.00315
-0.00335
-0.00296
-0.00237
-0.00296
-0.00257
-0.00296
-0.00257
-0.00276
-0.00237
-0.00276
-0.00296
-0.00296
-0.00296
-0.00296
-0.00335
-0.00276
-0.00296
-0.00257
-0.00237
-0.00198
-0.00198
-0.00237
-0.00257
-0.00218
-0.00257
-0.00237
-0.00257
-0.00237
-0.00276
-0.00276
-0.00257
-0.00218
-0.00237
-0.00276
-0.00257
-0.00276
-0.00257
-0.00296
-0.00276
-0.00276
-0.00276
-0.00276
-0.00276
-0.00276
-0.00335
-0.00296
-0.00296
-0.00296
-0.00257
-0.00257
-0.00237
-0.00257
-0.00257
-0.00315
-0.00354
-0.00218
-0.00276
-0.00276
-0.00257
-0.00276
-0.00257
-0.00296
-0.00296
-0.00257
-0.00257
-0.00237
-0.00257
-0.00218
-0.00257
-0.00257
-0.00276
-0.00257
-0.00237
-0.00257
-0.00198
-0.00257
-0.00218
-0.00257
-0.00237
-0.00257
-0.00237
-0.00276
-0.00296
-0.00335
-0.00315
-0.00335
-0.00354
-0.00335
-0.00335
-0.00335
-0.00315
-0.00374
-0.00393
-0.00393
-0.00393
-0.00354
-0.00374
-0.00335
-0.00354
-0.00374
-0.00393
-0.00335
-0.00374
-0.00335
-0.00296
-0.00335
-0.00315
-0.00296
-0.00315
-0.00315
-0.00315
-0.00296
-0.00315
-0.00296
-0.00296
-0.00296
-0.00315
-0.00276
-0.00296
-0.00257
-0.00296
-0.00296
-0.00296
-0.00257
-0.00296
-0.00276
-0.00257
-0.00237
-0.00257
-0.00237
-0.00218
-0.00198
-0.00276
-0.00296
-0.00276
-0.00296
-0.00296
-0.00218
-0.00276
-0.00276
-0.00257
-0.00276
-0.00276
-0.00276
-0.00315
-0.00335
-0.00315
-0.00296
-0.00315
-0.00335
-0.00335
-0.00354
-0.00413
-0.00393
-0.00374
-0.00354
-0.00393
-0.00432
-0.00393
-0.00413
-0.00393
-0.00393
-0.00393
-0.00374
-0.00374
-0.00393
-0.00374
-0.00374
-0.00354
-0.00315
-0.00315
-0.00296
-0.00276
-0.00315
-0.00315
-0.00374
-0.00354
-0.00354
-0.00296
-0.00335
-0.00335
-0.00335
-0.00354
-0.00296
-0.00315
-0.00296
-0.00315
-0.00315
-0.00257
-0.00296
-0.00296
-0.00315
-0.00276
-0.00257
-0.00257
-0.00257
-0.00257
-0.00257
-0.00257
-0.00276
-0.00296
-0.00296
-0.00276
-0.00315
-0.00276
-0.00276
-0.00315
-0.00335
-0.00296
-0.00315
-0.00296
-0.00276
-0.00315
-0.00315
-0.00315
-0.00296
-0.00296
-0.00296
-0.00315
-0.00257
-0.00296
-0.00296
-0.00276
-0.00257
-0.00257
-0.00315
-0.00276
-0.00315
-0.00257
-0.00315
-0.00315
-0.00296
-0.00374
-0.00335
-0.00393
-0.00335
-0.00315
-0.00315
-0.00335
-0.00335
-0.00315
-0.00315
-0.00315
-0.00315
-0.00315
-0.00315
-0.00335
-0.00354
-0.00335
-0.00374
-0.00335
-0.00374
-0.00374
-0.00354
-0.00335
-0.00296
-0.00315
-0.00296
-0.00296
-0.00315
-0.00296
-0.00315
-0.00296
-0.00257
-0.00237
-0.00257
-0.00257
-0.00276
-0.00237
-0.00315
-0.00296
-0.00296
-0.00276
-0.00237
-0.00237
-0.00218
-0.00237
-0.00296
-0.00276
-0.00276
-0.00276
-0.00335
-0.00315
-0.00276
