-8.530002464000E-01

-0.00159
-0.0012
-0.00139
-0.0012
-0.00159
-0.00159
-0.00198
-0.00198
-0.00179
-0.00159
-0.00179
-0.00198
-0.00198
-0.00179
-0.00257
-0.00257
-0.00257
-0.00296
-0.00296
-0.00257
-0.00257
-0.00276
-0.00296
-0.00296
-0.00354
-0.00374
-0.00335
-0.00374
-0.00354
-0.00374
-0.00354
-0.00393
-0.00413
-0.00393
-0.00393
-0.00354
-0.00393
-0.00393
-0.00354
-0.00413
-0.00413
-0.00393
-0.00374
-0.00374
-0.00374
-0.00374
-0.00354
-0.00335
-0.00393
-0.00432
-0.00413
-0.00393
-0.00452
-0.00393
-0.00452
-0.00452
-0.00471
-0.00432
-0.00452
-0.00471
-0.00491
-0.0053
-0.00511
-0.00471
-0.0055
-0.00491
-0.00491
-0.00491
-0.00511
-0.0053
-0.0055
-0.0053
-0.00491
-0.00511
-0.00491
-0.00511
-0.0053
-0.00491
-0.0053
-0.00471
-0.00511
-0.00491
-0.00491
-0.00432
-0.00452
-0.00413
-0.00432
-0.00432
-0.00432
-0.00393
-0.00413
-0.00393
-0.00413
-0.00374
-0.00413
-0.00374
-0.00335
-0.00374
-0.00335
-0.00315
-0.00335
-0.00296
-0.00354
-0.00315
-0.00276
-0.00276
-0.00237
-0.00276
-0.00315
-0.00276
-0.00276
-0.00237
-0.00237
-0.00237
-0.00218
-0.00198
-0.00237
-0.00237
-0.00218
-0.00237
-0.00257
-0.00257
-0.00159
-0.00218
-0.00198
-0.00237
-0.00296
-0.00257
-0.00296
-0.00276
-0.00276
-0.00198
-0.00276
-0.00237
-0.00257
-0.00257
-0.00237
-0.00237
-0.00198
-0.00257
-0.00257
-0.00218
-0.00237
-0.00218
-0.00237
-0.00257
-0.00257
-0.00237
-0.00296
-0.00296
-0.00354
-0.00296
-0.00296
-0.00296
-0.00276
-0.00335
-0.00315
-0.00315
-0.00296
-0.00276
-0.00335
-0.00296
-0.00315
-0.00276
-0.00257
-0.00276
-0.00257
-0.00257
-0.00296
-0.00257
-0.00237
-0.00257
-0.00257
-0.00276
-0.00257
-0.00276
-0.00315
-0.00335
-0.00315
-0.00296
-0.00296
-0.00296
-0.00315
-0.00296
-0.00354
-0.00276
-0.00296
-0.00335
-0.00335
-0.00335
-0.00257
-0.00315
-0.00335
-0.00296
-0.00315
-0.00276
-0.00335
-0.00315
-0.00335
-0.00315
-0.00276
-0.00257
-0.00276
-0.00296
-0.00257
-0.00276
-0.00296
-0.00257
-0.00276
-0.00276
-0.00276
-0.00257
-0.00296
-0.00315
-0.00296
-0.00276
-0.00296
-0.00315
-0.00335
-0.00315
-0.00315
-0.00296
-0.00276
-0.00315
-0.00354
-0.00315
-0.00354
-0.00335
-0.00315
-0.00315
-0.00296
-0.00315
-0.00315
-0.00296
-0.00335
-0.00354
-0.00335
-0.00374
-0.00315
-0.00296
-0.00335
-0.00335
-0.00354
-0.00335
-0.00315
-0.00276
-0.00296
-0.00296
-0.00237
-0.00237
-0.00276
-0.00276
-0.00296
-0.00257
-0.00276
-0.00237
-0.00315
-0.00237
-0.00257
-0.00257
-0.00257
-0.00296
-0.00296
-0.00276
-0.00237
-0.00237
-0.00257
-0.00237
-0.00296
-0.00276
-0.00257
-0.00276
-0.00257
-0.00315
-0.00315
-0.00257
-0.00354
-0.00374
-0.00374
-0.00354
-0.00335
-0.00335
-0.00315
-0.00374
-0.00354
-0.00374
-0.00393
-0.00374
-0.00374
-0.00335
-0.00374
-0.00354
-0.00413
-0.00374
-0.00335
-0.00354
-0.00354
-0.00315
-0.00296
-0.00296
-0.00315
-0.00296
-0.00335
-0.00257
-0.00257
-0.00257
-0.00276
-0.00257
-0.00237
-0.00276
-0.00315
-0.00237
-0.00237
-0.00218
-0.00198
-0.00218
-0.00198
-0.00237
-0.00237
-0.00198
-0.00159
-0.00237
-0.00198
-0.00159
-0.0012
-0.00159
-0.00198
-0.00159
-0.00218
-0.00198
-0.00179
-0.00198
-0.00198
-0.00218
-0.00218
-0.00179
-0.00218
-0.00218
-0.00237
-0.00198
-0.00218
-0.00276
-0.00257
-0.00257
-0.00257
-0.00257
-0.00218
-0.00218
-0.00276
-0.00276
-0.00257
-0.00276
-0.00296
-0.00237
-0.00315
-0.00257
-0.00257
-0.00276
-0.00315
-0.00296
-0.00354
-0.00315
-0.00296
-0.00335
-0.00296
-0.00257
-0.00276
-0.00296
-0.00335
-0.00315
-0.00354
-0.00354
-0.00335
-0.00315
-0.00354
-0.00354
-0.00374
-0.00354
-0.00354
-0.00354
-0.00413
-0.00393
-0.00393
-0.00374
-0.00374
-0.00374
-0.00393
-0.00432
-0.00413
-0.00393
-0.00432
-0.00354
-0.00393
-0.00374
-0.00354
-0.00354
-0.00374
-0.00374
-0.00335
-0.00296
-0.00354
-0.00296
-0.00315
-0.00315
-0.00335
-0.00296
-0.00315
-0.00315
-0.00257
-0.00257
-0.00257
-0.00296
-0.00296
-0.00276
-0.00296
-0.00335
-0.00315
-0.00276
-0.00257
-0.00198
-0.00237
-0.00276
-0.00218
-0.00218
-0.00237
-0.00237
-0.00237
-0.00237
-0.00257
-0.00257
-0.00276
-0.00257
-0.00296
-0.00257
-0.00257
-0.00257
-0.00296
-0.00276
-0.00315
-0.00296
-0.00354
-0.00296
-0.00315
-0.00335
-0.00354
-0.00335
-0.00335
-0.00276
-0.00296
-0.00296
-0.00276
-0.00315
-0.00276
-0.00296
-0.00296
-0.00315
-0.00296
-0.00276
-0.00257
-0.00296
-0.00296
-0.00335
-0.00296
-0.00276
-0.00276
-0.00276
-0.00257
-0.00237
-0.00237
-0.00296
-0.00335
-0.00315
-0.00296
-0.00257
-0.00237
-0.00257
-0.00257
-0.00276
-0.00315
-0.00276
-0.00296
-0.00296
-0.00257
-0.00296
-0.00315
-0.00296
-0.00296
-0.00296
-0.00257
-0.00296
-0.00296
-0.00315
-0.00296
-0.00315
-0.00296
-0.00296
-0.00315
-0.00335
-0.00335
-0.00315
-0.00296
-0.00296
-0.00315
-0.00296
-0.00276
-0.00276
-0.00257
-0.00257
-0.00315
-0.00315
-0.00276
-0.00237
-0.00257
-0.00237
-0.00296
-0.00257
-0.00237
-0.00276
-0.00276
-0.00276
-0.00218
-0.00237
-0.00237
-0.00257
-0.00276
-0.00237
-0.00276
-0.00296
-0.00296
-0.00296
-0.00315
-0.00335
-0.00296
-0.00296
-0.00296
-0.00296
-0.00296
-0.00354
-0.00374
-0.00354
-0.00354
-0.00335
-0.00315
-0.00335
-0.00315
-0.00315
-0.00354
-0.00315
-0.00335
-0.00335
-0.00315
-0.00296
-0.00237
-0.00257
-0.00237
-0.00257
-0.00237
-0.00276
-0.00237
-0.00276
-0.00276
-0.00237
-0.00257
-0.00218
-0.00218
-0.00218
-0.00218
-0.00159
-0.00218
-0.00218
-0.00237
-0.00218
-0.00237
-0.00257
-0.00257
-0.00218
-0.00218
-0.00218
-0.00218
-0.00198
-0.00237
-0.00257
-0.00315
-0.00296
-0.00296
-0.00257
-0.00237
-0.00276
-0.00276
-0.00315
-0.00276
-0.00276
-0.00296
-0.00296
-0.00276
-0.00296
-0.00335
-0.00335
-0.00276
-0.00276
-0.00296
-0.00335
-0.00315
-0.00335
-0.00296
-0.00335
-0.00315
-0.00276
-0.00276
-0.00257
-0.00335
-0.00315
-0.00335
-0.00315
-0.00315
-0.00296
-0.00296
-0.00296
-0.00335
-0.00315
-0.00354
-0.00315
-0.00354
-0.00276
-0.00335
-0.00335
-0.00315
-0.00335
-0.00296
-0.00315
-0.00315
-0.00315
-0.00296
-0.00276
-0.00315
-0.00257
-0.00315
-0.00315
-0.00296
-0.00276
-0.00257
-0.00276
-0.00276
-0.00257
-0.00315
-0.00257
-0.00276
-0.00315
-0.00276
-0.00335
-0.00315
-0.00296
-0.00335
-0.00315
-0.00296
-0.00257
-0.00335
-0.00335
-0.00315
-0.00276
-0.00276
-0.00257
-0.00296
-0.00296
-0.00296
-0.00257
-0.00218
-0.00257
-0.00315
-0.00296
-0.00335
-0.00276
-0.00335
-0.00315
-0.00335
-0.00296
-0.00315
-0.00335
-0.00315
-0.00315
-0.00335
-0.00315
-0.00374
-0.00374
-0.00374
-0.00374
-0.00393
-0.00335
-0.00374
-0.00335
-0.00374
-0.00315
-0.00354
-0.00374
-0.00374
-0.00354
-0.00354
-0.00393
-0.00413
-0.00374
-0.00374
-0.00393
-0.00354
-0.00335
-0.00354
-0.00315
-0.00393
-0.00335
-0.00335
-0.00315
-0.00296
-0.00296
-0.00296
-0.00296
-0.00315
-0.00257
-0.00296
-0.00296
-0.00315
-0.00296
-0.00296
-0.00296
-0.00218
-0.00257
-0.00315
-0.00276
-0.00354
-0.00354
-0.00354
-0.00276
-0.00296
-0.00296
-0.00296
-0.00315
-0.00296
-0.00296
-0.00276
-0.00335
-0.00315
-0.00257
-0.00296
-0.00296
-0.00296
-0.00276
-0.00276
-0.00276
-0.00335
-0.00354
-0.00354
-0.00335
-0.00374
-0.00315
-0.00354
-0.00335
-0.00335
-0.00296
-0.00296
-0.00315
-0.00315
-0.00257
-0.00257
-0.00237
-0.00218
-0.00257
-0.00257
-0.00218
-0.00237
-0.00198
-0.00237
-0.00237
-0.00198
-0.00159
-0.00237
-0.00237
-0.00237
-0.00218
-0.00218
-0.00218
-0.00218
-0.00257
-0.00296
-0.00296
-0.00257
-0.00198
-0.00237
-0.00218
-0.00237
-0.00218
-0.00237
-0.00198
-0.00276
-0.00198
-0.00237
-0.00257
-0.00198
-0.00257
-0.00276
-0.00276
-0.00296
-0.00276
-0.00296
-0.00276
-0.00315
-0.00257
-0.00296
-0.00296
-0.00237
-0.00296
-0.00257
-0.00296
-0.00354
-0.00315
-0.00296
-0.00276
-0.00354
-0.00276
-0.00276
-0.00315
-0.00296
-0.00296
-0.00296
-0.00296
-0.00296
-0.00296
-0.00276
-0.00315
-0.00315
-0.00315
-0.00315
-0.00315
-0.00354
-0.00335
-0.00315
-0.00296
-0.00354
-0.00335
-0.00335
-0.00276
-0.00354
-0.00354
-0.00335
-0.00315
-0.00296
-0.00296
-0.00354
-0.00374
-0.00354
-0.00354
-0.00354
-0.00393
-0.00393
-0.00393
-0.00393
-0.00393
-0.00432
-0.00393
-0.00413
-0.00393
-0.00315
-0.00374
-0.00315
-0.00354
-0.00335
-0.00315
-0.00296
-0.00335
-0.00315
-0.00315
-0.00315
-0.00276
-0.00296
-0.00257
-0.00296
-0.00276
-0.00276
-0.00296
-0.00335
-0.00335
-0.00296
-0.00276
-0.00296
-0.00257
-0.00237
-0.00276
-0.00257
-0.00237
-0.00276
-0.00218
-0.00276
-0.00218
-0.00257
-0.00257
-0.00296
-0.00315
-0.00296
-0.00296
-0.00296
-0.00296
-0.00257
-0.00296
-0.00354
-0.00315
-0.00354
-0.00335
-0.00354
-0.00335
-0.00335
-0.00296
-0.00354
-0.00393
-0.00374
-0.00374
-0.00354
-0.00335
-0.00354
-0.00315
-0.00335
-0.00354
-0.00354
-0.00296
-0.00315
-0.00354
-0.00315
-0.00354
-0.00315
-0.00335
-0.00296
-0.00296
-0.00315
-0.00335
-0.00335
-0.00335
-0.00296
-0.00315
-0.00276
-0.00257
-0.00237
-0.00276
-0.00257
-0.00237
-0.00296
-0.00276
-0.00276
-0.00237
-0.00276
-0.00257
-0.00237
-0.00218
-0.00237
-0.00257
-0.00257
-0.00276
-0.00276
-0.00257
-0.00257
-0.00276
-0.00257
-0.00257
-0.00296
-0.00257
-0.00276
-0.00276
-0.00276
-0.00257
-0.00237
-0.00257
-0.00237
-0.00218
-0.00218
-0.00218
-0.00276
-0.00237
-0.00257
-0.00257
-0.00296
-0.00257
-0.00315
-0.00257
-0.00296
-0.00276
-0.00276
-0.00276
-0.00276
-0.00276
-0.00257
-0.00257
-0.00257
-0.00276
-0.00237
-0.00257
-0.00296
-0.00296
-0.00315
-0.00315
-0.00276
-0.00315
-0.00276
-0.00296
-0.00315
-0.00276
-0.00296
-0.00276
-0.00276
-0.00296
-0.00315
-0.00315
-0.00335
-0.00335
-0.00335
-0.00374
-0.00335
-0.00335
-0.00374
-0.00374
-0.00393
-0.00335
-0.00315
-0.00335
-0.00296
-0.00296
-0.00315
-0.00296
-0.00315
-0.00276
-0.00296
-0.00296
-0.00315
-0.00296
-0.00296
-0.00315
-0.00296
-0.00315
-0.00276
-0.00296
-0.00296
-0.00315
-0.00296
-0.00315
-0.00335
-0.00237
-0.00276
-0.00257
-0.00296
-0.00257
-0.00315
-0.00276
-0.00296
-0.00237
-0.00218
-0.00237
-0.00237
-0.00257
-0.00257
-0.00198
-0.00257
-0.00218
-0.00198
-0.00296
-0.00296
-0.00276
-0.00296
-0.00276
-0.00335
-0.00296
-0.00276
-0.00315
-0.00315
-0.00276
-0.00315
-0.00276
-0.00315
-0.00276
-0.00335
-0.00276
-0.00315
-0.00296
-0.00276
-0.00296
-0.00354
-0.00354
-0.00315
-0.00315
-0.00296
-0.00315
-0.00335
-0.00393
-0.00374
-0.00296
-0.00335
-0.00374
-0.00315
-0.00296
-0.00354
-0.00315
-0.00315
-0.00257
-0.00276
-0.00296
-0.00296
-0.00296
-0.00257
-0.00276
-0.00257
-0.00237
-0.00296
-0.00218
-0.00237
-0.00218
-0.00257
-0.00257
-0.00296
-0.00296
-0.00296
-0.00296
-0.00257
-0.00315
-0.00315
-0.00296
-0.00296
-0.00296
-0.00296
-0.00315
-0.00354
-0.00276
-0.00276
-0.00296
-0.00315
-0.00276
-0.00296
-0.00257
-0.00257
-0.00257
-0.00296
-0.00257
-0.00276
-0.00257
-0.00257
-0.00237
-0.00296
-0.00257
-0.00276
-0.00257
-0.00296
-0.00237
-0.00276
-0.00237
-0.00257
-0.00296
-0.00257
-0.00218
-0.00276
-0.00257
-0.00257
-0.00296
-0.00257
-0.00315
-0.00276
-0.00276
-0.00237
-0.00296
-0.00257
-0.00335
-0.00315
-0.00296
-0.00296
-0.00315
-0.00315
-0.00276
-0.00296
-0.00276
-0.00315
-0.00276
-0.00335
-0.00335
-0.00335
-0.00335
-0.00315
-0.00315
-0.00276
-0.00315
-0.00296
-0.00296
-0.00296
-0.00276
-0.00237
-0.00257
-0.00296
-0.00296
-0.00276
-0.00296
-0.00257
-0.00257
-0.00296
-0.00335
-0.00296
-0.00257
-0.00315
-0.00276
-0.00315
-0.00276
