-2.300000672000E-01

-0.00237
-0.00198
-0.00237
-0.00218
-0.00218
-0.00139
-0.00218
-0.00237
-0.00218
-0.00237
-0.00257
-0.00218
-0.00257
-0.00276
-0.00315
-0.00237
-0.00257
-0.00257
-0.00315
-0.00257
-0.00315
-0.00296
-0.00257
-0.00276
-0.00237
-0.00237
-0.00335
-0.00257
-0.00296
-0.00237
-0.00296
-0.00237
-0.00296
-0.00257
-0.00315
-0.00276
-0.00276
-0.00276
-0.00296
-0.00257
-0.00296
-0.00237
-0.00237
-0.00218
-0.00315
-0.00296
-0.00276
-0.00276
-0.00237
-0.00237
-0.00276
-0.00237
-0.00179
-0.00198
-0.00198
-0.00218
-0.00218
-0.00237
-0.00237
-0.00237
-0.00237
-0.00237
-0.00276
-0.00276
-0.00257
-0.00276
-0.00296
-0.00276
-0.00257
-0.00257
-0.00237
-0.00237
-0.00198
-0.00237
-0.00257
-0.00218
-0.00237
-0.00237
-0.00257
-0.00237
-0.00237
-0.00237
-0.00296
-0.00237
-0.00276
-0.00276
-0.00296
-0.00296
-0.00296
-0.00257
-0.00276
-0.00198
-0.00257
-0.00257
-0.00257
-0.00257
-0.00257
-0.00237
-0.00257
-0.00276
-0.00276
-0.00237
-0.00276
-0.00218
-0.00218
-0.00218
-0.00237
-0.00159
-0.00218
-0.00198
-0.00237
-0.00198
-0.00179
-0.00237
-0.00237
-0.00218
-0.00218
-0.00257
-0.00237
-0.00237
-0.00198
-0.00218
-0.00218
-0.00159
-0.00218
-0.00198
-0.00179
-0.00218
-0.00237
-0.00237
-0.00198
-0.00179
-0.00218
-0.00237
-0.00257
-0.00218
-0.00179
-0.00179
-0.00198
-0.00198
-0.00257
-0.00198
-0.00237
-0.00218
-0.00179
-0.00179
-0.00179
-0.00198
-0.00198
-0.00257
-0.00237
-0.00218
-0.00257
-0.00198
-0.00198
-0.00198
-0.00237
-0.00257
-0.00237
-0.00218
-0.00198
-0.00237
-0.00237
-0.00237
-0.00237
-0.00198
-0.00296
-0.00276
-0.00315
-0.00296
-0.00276
-0.00237
-0.00257
-0.00315
-0.00276
-0.00296
-0.00335
-0.00315
-0.00335
-0.00296
-0.00315
-0.00296
-0.00315
-0.00276
-0.00276
-0.00374
-0.00296
-0.00257
-0.00276
-0.00257
-0.00257
-0.00218
-0.00198
-0.00179
-0.00257
-0.00257
-0.00159
-0.00218
-0.00237
-0.00237
-0.00218
-0.00198
-0.00218
-0.00198
-0.00257
-0.00276
-0.00237
-0.00218
-0.00218
-0.00179
-0.00218
-0.00198
-0.00198
-0.00237
-0.00237
-0.00198
-0.00237
-0.00218
-0.00237
-0.00218
-0.00218
-0.00237
-0.00257
-0.00218
-0.00218
-0.00237
-0.00257
-0.00237
-0.00276
-0.00218
-0.00237
-0.00237
-0.00237
-0.00257
-0.00296
-0.00257
-0.00237
-0.00276
-0.00237
-0.00237
-0.00237
-0.00257
-0.00257
-0.00218
-0.00198
-0.00218
-0.00257
-0.00198
-0.00218
-0.00237
-0.00257
-0.00237
-0.00198
-0.00198
-0.00237
-0.00276
-0.00257
-0.00179
-0.00257
-0.00257
-0.00218
-0.00237
-0.00296
-0.00296
-0.00296
-0.00296
-0.00315
-0.00237
-0.00296
-0.00276
-0.00296
-0.00257
-0.00237
-0.00257
-0.00296
-0.00237
-0.00257
-0.00237
-0.00218
-0.00237
-0.00237
-0.00179
-0.00159
-0.00179
-0.00218
-0.00179
-0.00179
-0.00218
-0.00198
-0.00179
-0.00218
-0.00237
-0.00218
-0.00218
-0.00179
-0.00198
-0.00159
-0.00198
-0.00179
-0.00159
-0.00198
-0.00198
-0.00159
-0.00179
-0.00139
-0.00179
-0.00198
-0.00139
-0.00198
-0.00159
-0.00159
-0.00198
-0.00179
-0.00159
-0.00218
-0.00198
-0.00198
-0.00237
-0.00237
-0.00237
-0.00218
-0.00257
-0.00237
-0.00257
-0.00257
-0.00237
-0.00237
-0.00257
-0.00296
-0.00335
-0.00315
-0.00257
-0.00276
-0.00257
-0.00315
-0.00276
-0.00218
-0.00276
-0.00315
-0.00315
-0.00296
-0.00276
-0.00276
-0.00315
-0.00296
-0.00296
-0.00315
-0.00276
-0.00335
-0.00296
-0.00296
-0.00296
-0.00276
-0.00315
-0.00276
-0.00257
-0.00257
-0.00257
-0.00276
-0.00276
-0.00315
-0.00296
-0.00276
-0.00237
-0.00296
-0.00237
-0.00257
-0.00198
-0.00237
-0.00218
-0.00237
-0.00179
-0.00198
-0.00179
-0.00276
-0.00218
-0.00257
-0.00218
-0.00218
-0.00218
-0.00218
-0.00237
-0.00257
-0.00218
-0.00218
-0.00179
-0.00237
-0.00276
-0.00198
-0.00179
-0.00237
-0.00257
-0.00276
-0.00237
-0.00276
-0.00218
-0.00257
-0.00257
-0.00276
-0.00257
-0.00257
-0.00237
-0.00218
-0.00276
-0.00276
-0.00218
-0.00237
-0.00257
-0.00237
-0.00237
-0.00218
-0.00179
-0.00218
-0.00159
-0.00179
-0.00198
-0.00198
-0.00198
-0.00218
-0.00179
-0.00179
-0.00198
-0.00257
-0.00198
-0.00198
-0.00159
-0.00159
-0.00139
-0.00179
-0.00257
-0.00218
-0.00198
-0.00159
-0.00198
-0.00179
-0.00179
-0.00159
-0.00159
-0.00159
-0.00159
-0.00257
-0.00198
-0.00218
-0.00139
-0.00179
-0.00198
-0.00218
-0.00218
-0.00198
-0.00218
-0.00218
-0.00179
-0.00198
-0.00218
-0.00198
-0.00218
-0.00179
-0.00198
-0.00218
-0.00139
-0.00179
-0.00159
-0.00179
-0.00159
-0.00139
-0.00139
-0.00139
-0.00159
-0.00159
-0.00198
-0.00179
-0.00179
-0.00139
-0.00139
-0.0012
-0.00159
-0.00198
-0.00218
-0.00257
-0.00257
-0.00237
-0.00276
-0.00296
-0.00296
-0.00237
-0.00257
-0.00315
-0.00315
-0.00315
-0.00296
-0.00335
-0.00315
-0.00335
-0.00315
-0.00315
-0.00354
-0.00335
-0.00354
-0.00354
-0.00354
-0.00354
-0.00354
-0.00335
-0.00354
-0.00296
-0.00315
-0.00296
-0.00276
-0.00296
-0.00257
-0.00237
-0.00159
-0.00198
-0.00159
-0.00198
-0.00198
-0.00198
-0.00139
-0.00159
-0.00159
-0.00179
-0.00179
-0.00179
-0.0012
-0.00159
-0.00218
-0.00237
-0.00257
-0.00198
-0.00257
-0.00276
-0.00257
-0.00276
-0.00257
-0.00257
-0.00276
-0.00276
-0.00276
-0.00276
-0.00198
-0.00237
-0.00198
-0.00257
-0.00218
-0.00198
-0.00237
-0.00237
-0.00237
-0.00218
-0.00218
-0.00237
-0.00218
-0.00218
-0.00179
-0.00218
-0.00179
-0.00218
-0.00198
-0.00257
-0.00218
-0.00218
-0.00218
-0.00198
-0.00237
-0.00198
-0.00198
-0.00198
-0.00218
-0.00237
-0.00257
-0.00218
-0.00198
-0.00198
-0.00159
-0.00179
-0.00218
-0.00218
-0.00237
-0.00218
-0.00237
-0.00198
-0.00198
-0.00218
-0.00198
-0.00179
-0.00198
-0.00198
-0.00159
-0.00218
-0.00159
-0.00159
-0.0012
-0.00139
-0.00139
-0.00139
-0.00139
-0.00139
-0.00159
-0.00139
-0.001
-0.00139
-0.00159
-0.00159
-0.00179
-0.00179
-0.00198
-0.00218
-0.00198
-0.00276
-0.00237
-0.00257
-0.00237
-0.00257
-0.00257
-0.00315
-0.00296
-0.00257
-0.00237
-0.00276
-0.00276
-0.00296
-0.00315
-0.00276
-0.00296
-0.00296
-0.00354
-0.00296
-0.00296
-0.00315
-0.00276
-0.00296
-0.00257
-0.00296
-0.00276
-0.00296
-0.00296
-0.00257
-0.00276
-0.00237
-0.00257
-0.00257
-0.00218
-0.00237
-0.00276
-0.00257
-0.00257
-0.00276
-0.00237
-0.00257
-0.00218
-0.00296
-0.00198
-0.00296
-0.00218
-0.00257
-0.00276
-0.00335
-0.00296
-0.00276
-0.00257
-0.00257
-0.00257
-0.00276
-0.00257
-0.00276
-0.00257
-0.00276
-0.00257
-0.00257
-0.00257
-0.00257
-0.00257
-0.00198
-0.00218
-0.00218
-0.00257
-0.00218
-0.00257
-0.00218
-0.00179
-0.00198
-0.00179
-0.00257
-0.00218
-0.00257
-0.00237
-0.00198
-0.00218
-0.00179
-0.00218
-0.00218
-0.00218
-0.00237
-0.00218
-0.00179
-0.00218
-0.00198
-0.00159
-0.00198
-0.00198
-0.00179
-0.00198
-0.00218
-0.00218
-0.00237
-0.00218
-0.00218
-0.00179
-0.00237
-0.00237
-0.00296
-0.00257
-0.00257
-0.00276
-0.00296
-0.00276
-0.00315
-0.00276
-0.00237
-0.00276
-0.00335
-0.00276
-0.00296
-0.00276
-0.00354
-0.00296
-0.00335
-0.00276
-0.00296
-0.00237
-0.00276
-0.00218
-0.00257
-0.00296
-0.00315
-0.00257
-0.00237
-0.00257
-0.00257
-0.00237
-0.00257
-0.00218
-0.00218
-0.00257
-0.00218
-0.00237
-0.00237
-0.00218
-0.00257
-0.00257
-0.00296
-0.00296
-0.00237
-0.00237
-0.00257
-0.00257
-0.00296
-0.00257
-0.00257
-0.00257
-0.00237
-0.00296
-0.00315
-0.00257
-0.00315
-0.00315
-0.00296
-0.00276
-0.00257
-0.00237
-0.00296
-0.00296
-0.00276
-0.00296
-0.00315
-0.00296
-0.00257
-0.00276
-0.00276
-0.00237
-0.00257
-0.00257
-0.00296
-0.00257
-0.00237
-0.00237
-0.00237
-0.00179
-0.00218
-0.00276
-0.00296
-0.00257
-0.00257
-0.00218
-0.00276
-0.00257
-0.00218
-0.00198
-0.00198
-0.00179
-0.00218
-0.00179
-0.00218
-0.00218
-0.00218
-0.00218
-0.00257
-0.00218
-0.00257
-0.00179
-0.00276
-0.00237
-0.00296
-0.00296
-0.00257
-0.00237
-0.00218
-0.00257
-0.00237
-0.00257
-0.00218
-0.00179
-0.00257
-0.00257
-0.00237
-0.00218
-0.00218
-0.00139
-0.00218
-0.00159
-0.00159
-0.00139
-0.00139
-0.00179
-0.00179
-0.00179
-0.00179
-0.00139
-0.00139
-0.00179
-0.00139
-0.0012
-0.00139
-0.0012
-0.0012
-0.0012
-0.00139
-0.0012
-0.00179
-0.00139
-0.00218
-0.00198
-0.00198
-0.00218
-0.00218
-0.00218
-0.00218
-0.00257
-0.00276
-0.00276
-0.00276
-0.00296
-0.00276
-0.00315
-0.00257
-0.00276
-0.00237
-0.00257
-0.00296
-0.00237
-0.00276
-0.00276
-0.00237
-0.00315
-0.00296
-0.00257
-0.00257
-0.00276
-0.00257
-0.00276
-0.00296
-0.00257
-0.00276
-0.00276
-0.00296
-0.00257
-0.00257
-0.00257
-0.00296
-0.00257
-0.00257
-0.00218
-0.00218
-0.00198
-0.00218
-0.00218
-0.00179
-0.00198
-0.00218
-0.00218
-0.00198
-0.00237
-0.00237
-0.00218
-0.00198
-0.00257
-0.00237
-0.00218
-0.00257
-0.00237
-0.00237
-0.00218
-0.00276
-0.00257
-0.00218
-0.00257
-0.00237
-0.00237
-0.00237
-0.00257
-0.00257
-0.00237
-0.00237
-0.00218
-0.00218
-0.00198
-0.00198
-0.00198
-0.00218
-0.00179
-0.00198
-0.00159
-0.00179
-0.00179
-0.00179
-0.00159
-0.00237
-0.00237
-0.00198
-0.00198
-0.00257
-0.00237
-0.00237
-0.00237
-0.00237
-0.00257
-0.00257
-0.00257
-0.00276
-0.00257
-0.00276
-0.00237
-0.00276
-0.00315
-0.00296
-0.00276
-0.00315
-0.00296
-0.00315
-0.00315
-0.00237
-0.00315
-0.00315
-0.00315
-0.00315
-0.00315
-0.00315
-0.00335
-0.00296
-0.00315
-0.00335
-0.00276
-0.00335
-0.00315
-0.00315
-0.00335
-0.00276
-0.00257
-0.00335
-0.00315
-0.00218
-0.00276
-0.00296
-0.00257
-0.00257
-0.00237
-0.00218
-0.00218
-0.00218
-0.00179
-0.00218
-0.00198
-0.00198
-0.00179
-0.00198
-0.00179
-0.00179
-0.00179
-0.00257
-0.00237
-0.00237
-0.00237
-0.00237
-0.00198
-0.00257
-0.00257
-0.00237
-0.00218
-0.00237
-0.00198
-0.00257
-0.00237
-0.00218
-0.00198
-0.00198
-0.00218
-0.00237
-0.00179
-0.00198
-0.00159
-0.00257
-0.00237
-0.00257
-0.00257
-0.00276
-0.00237
-0.00257
-0.00218
-0.00237
-0.00237
-0.00296
-0.00257
-0.00237
-0.00218
-0.00237
-0.00218
-0.00237
-0.00257
-0.00276
-0.00257
-0.00257
-0.00237
-0.00237
-0.00276
-0.00237
-0.00237
-0.00276
-0.00257
-0.00276
-0.00237
-0.00237
-0.00257
-0.00296
-0.00257
-0.00276
-0.00198
-0.00198
-0.00179
-0.00237
-0.00218
-0.00218
-0.00179
-0.00237
-0.00198
-0.00237
-0.00179
-0.00218
-0.00218
-0.00237
-0.00237
-0.00218
-0.00237
-0.00218
-0.00237
-0.00276
-0.00218
-0.00218
-0.00257
-0.00237
-0.00237
-0.00218
-0.00139
-0.0012
0.00056
0.00056
0.00193
0.00329
0.00427
0.00544
0.00681
0.00739
0.00857
0.00974
0.01052
0.01111
0.01189
0.01286
0.01306
0.01345
0.01423
0.01443
0.01443
0.01482
0.01521
0.0156
0.01599
0.0156
0.01599
0.01579
0.01618
0.01618
0.01638
0.01618
0.01618
0.0156
0.01618
0.0154
0.0156
0.0156
0.0156
0.0154
0.0154
0.01521
0.01482
0.01501
0.01462
0.01482
0.01423
0.01482
0.01443
0.01423
0.01501
0.01501
0.01579
0.01579
0.01638
0.01677
0.01677
0.01716
0.01716
0.01677
0.01716
0.01775
0.01794
0.01775
0.01794
0.01833
0.01833
0.01794
0.01794
0.01853
0.01814
0.01814
0.01814
0.01814
0.01794
0.01775
0.01755
0.01716
0.01716
0.01716
0.01657
0.01657
0.01677
0.01657
0.01618
0.01618
0.01579
0.0154
0.0156
0.01501
0.01482
0.01462
0.01482
0.01443
0.01443
0.01423
0.01423
0.01443
0.01423
0.01384
0.01364
0.01286
0.01286
0.01267
0.01286
0.01228
0.01228
0.01208
0.01208
0.01208
0.01169
0.0115
0.01169
0.01111
0.0115
0.01111
0.0115
0.01111
0.01071
