-1.170000336000E+00

-0.00276
-0.00315
-0.00237
-0.00276
-0.00237
-0.00296
-0.00276
-0.00315
-0.00296
-0.00354
-0.00354
-0.00335
-0.00315
-0.00296
-0.00315
-0.00335
-0.00296
-0.00335
-0.00335
-0.00276
-0.00315
-0.00354
-0.00374
-0.00354
-0.00315
-0.00335
-0.00354
-0.00335
-0.00296
-0.00374
-0.00335
-0.00335
-0.00335
-0.00315
-0.00276
-0.00257
-0.00257
-0.00276
-0.00276
-0.00257
-0.00218
-0.00218
-0.00257
-0.00257
-0.00179
-0.00237
-0.00198
-0.00198
-0.00218
-0.00179
-0.00159
-0.00179
-0.00179
-0.00159
-0.0012
-0.0012
-0.00081
-0.00159
-0.001
-0.0012
-0.00139
-0.0012
-0.00081
-0.001
-0.001
-0.001
-0.001
-0.001
-0.00081
-0.001
-0.00081
-0.001
-0.00159
-0.00139
-0.00159
-0.0012
-0.001
-0.00139
-0.00159
-0.00159
-0.00198
-0.00198
-0.00218
-0.00179
-0.00179
-0.00198
-0.00198
-0.00179
-0.00139
-0.0012
-0.0012
-0.00159
-0.00159
-0.00159
-0.00081
-0.001
-0.0012
-0.0012
-0.00061
-0.001
-0.001
-0.00139
-0.0012
-0.00061
-0.001
-0.0012
-0.0012
-0.00061
-0.00042
-0.00061
-0.00081
-0.001
-0.0012
-0.00159
-0.00159
-0.00198
-0.00198
-0.00198
-0.00257
-0.00257
-0.00296
-0.00354
-0.00354
-0.00354
-0.00393
-0.00432
-0.00432
-0.00491
-0.00452
-0.00471
-0.0053
-0.0053
-0.0055
-0.00569
-0.00569
-0.00589
-0.00608
-0.00628
-0.00667
-0.00647
-0.00647
-0.00628
-0.00647
-0.00667
-0.00686
-0.00647
-0.00628
-0.00628
-0.00589
-0.0055
-0.00628
-0.00589
-0.00589
-0.00569
-0.00569
-0.00511
-0.0055
-0.0053
-0.00452
-0.00452
-0.00471
-0.00471
-0.00432
-0.00413
-0.00432
-0.00452
-0.00374
-0.00432
-0.00374
-0.00393
-0.00393
-0.00374
-0.00354
-0.00393
-0.00335
-0.00335
-0.00354
-0.00335
-0.00354
-0.00335
-0.00374
-0.00374
-0.00393
-0.00393
-0.00413
-0.00335
-0.00354
-0.00354
-0.00335
-0.00315
-0.00257
-0.00315
-0.00315
-0.00315
-0.00257
-0.00257
-0.00198
-0.00237
-0.00179
-0.00218
-0.00159
-0.00179
-0.00218
-0.00179
-0.00139
-0.00159
-0.00159
-0.00179
-0.00159
-0.00198
-0.00218
-0.00218
-0.00179
-0.00179
-0.00179
-0.00218
-0.00159
-0.00179
-0.00139
-0.00218
-0.00218
-0.00198
-0.00179
-0.00218
-0.00198
-0.00276
-0.00257
-0.00218
-0.00237
-0.00237
-0.00257
-0.00218
-0.00276
-0.00257
-0.00257
-0.00237
-0.00218
-0.00237
-0.00179
-0.00198
-0.00159
-0.00198
-0.00198
-0.00159
-0.00139
-0.00139
-0.00159
-0.00159
-0.00139
-0.001
-0.001
-0.001
-0.001
-0.00061
-0.00061
-0.00081
-0.001
-0.00179
-0.00159
-0.00159
-0.00179
-0.00237
-0.00257
-0.00198
-0.00257
-0.00296
-0.00315
-0.00354
-0.00354
-0.00393
-0.00432
-0.00432
-0.00471
-0.00491
-0.00511
-0.00471
-0.00511
-0.0053
-0.00589
-0.0055
-0.00569
-0.00608
-0.00589
-0.00589
-0.0055
-0.00569
-0.00491
-0.0055
-0.0053
-0.00511
-0.00452
-0.00452
-0.00471
-0.00413
-0.00393
-0.00354
-0.00335
-0.00335
-0.00276
-0.00276
-0.00237
-0.00198
-0.00198
-0.0012
-0.001
-0.0012
-0.0012
-0.001
-0.00022
-0.00061
-0.00022
-3e-05
0.00056
0.00056
0.00017
-0.00022
-3e-05
0.00017
-0.00022
-3e-05
-0.00042
-0.00022
-0.00042
-0.00061
-0.00042
-0.00139
-0.0012
-0.0012
-0.00139
-0.0012
-0.00179
-0.00179
-0.00179
-0.00159
-0.00159
-0.00198
-0.00237
-0.00179
-0.00198
-0.00237
-0.00257
-0.00296
-0.00315
-0.00276
-0.00315
-0.00257
-0.00354
-0.00315
-0.00393
-0.00335
-0.00315
-0.00354
-0.00374
-0.00354
-0.00393
-0.00354
-0.00354
-0.00393
-0.00354
-0.00432
-0.00413
-0.00374
-0.00393
-0.00432
-0.00471
-0.00452
-0.00432
-0.00452
-0.00452
-0.00491
-0.00452
-0.00452
-0.00452
-0.00432
-0.00452
-0.00413
-0.00374
-0.00374
-0.00374
-0.00354
-0.00374
-0.00315
-0.00315
-0.00276
-0.00315
-0.00315
-0.00296
-0.00315
-0.00237
-0.00218
-0.00237
-0.00179
-0.00198
-0.00179
-0.00159
-0.00237
-0.00179
-0.00237
-0.00237
-0.00198
-0.00198
-0.00257
-0.00218
-0.00257
-0.00257
-0.00276
-0.00296
-0.00315
-0.00276
-0.00257
-0.00354
-0.00276
-0.00374
-0.00374
-0.00335
-0.00335
-0.00374
-0.00374
-0.00393
-0.00374
-0.00374
-0.00393
-0.00413
-0.00413
-0.00432
-0.00393
-0.00471
-0.00393
-0.00393
-0.00393
-0.00354
-0.00374
-0.00374
-0.00335
-0.00296
-0.00335
-0.00237
-0.00257
-0.00198
-0.00276
-0.00237
-0.00237
-0.00218
-0.00218
-0.00218
-0.00179
-0.00237
-0.00179
-0.00159
-0.00139
-0.00159
-0.00159
-0.00179
-0.00159
-0.00179
-0.0012
-0.00159
-0.00159
-0.00198
-0.00198
-0.00179
-0.00159
-0.0012
-0.0012
-0.00198
-0.00159
-0.00159
-0.00159
-0.00139
-0.00179
-0.00218
-0.00179
-0.00218
-0.00257
-0.00296
-0.00296
-0.00315
-0.00315
-0.00315
-0.00335
-0.00354
-0.00374
-0.00335
-0.00393
-0.00393
-0.00374
-0.00413
-0.00335
-0.00393
-0.00374
-0.00393
-0.00374
-0.00393
-0.00374
-0.00393
-0.00374
-0.00374
-0.00413
-0.00432
-0.00354
-0.00393
-0.00432
-0.00393
-0.00374
-0.00354
-0.00374
-0.00354
-0.00354
-0.00335
-0.00296
-0.00335
-0.00296
-0.00296
-0.00296
-0.00237
-0.00276
-0.00237
-0.00218
-0.00179
-0.00198
-0.00159
-0.0012
-0.0012
-0.00179
-0.00159
-0.00159
-0.00179
-0.00179
-0.00179
-0.00159
-0.00139
-0.00159
-0.00139
-0.00159
-0.00139
-0.00159
-0.00159
-0.00179
-0.00218
-0.00159
-0.00159
-0.00218
-0.00198
-0.00179
-0.00198
-0.00276
-0.00237
-0.00276
-0.00257
-0.00296
-0.00315
-0.00335
-0.00315
-0.00335
-0.00335
-0.00354
-0.00374
-0.00374
-0.00296
-0.00335
-0.00354
-0.00335
-0.00354
-0.00296
-0.00296
-0.00276
-0.00315
-0.00276
-0.00276
-0.00257
-0.00257
-0.00198
-0.00218
-0.00257
-0.00237
-0.00276
-0.00257
-0.00276
-0.00237
-0.00237
-0.00179
-0.00218
-0.00218
-0.00237
-0.00218
-0.00218
-0.00218
-0.00237
-0.00198
-0.00237
-0.00218
-0.00237
-0.00257
-0.00218
-0.00257
-0.00237
-0.00257
-0.00198
-0.00218
-0.00218
-0.00237
-0.00237
-0.00257
-0.00237
-0.00257
-0.00315
-0.00296
-0.00257
-0.00315
-0.00354
-0.00296
-0.00257
-0.00276
-0.00296
-0.00237
-0.00237
-0.00218
-0.00237
-0.00218
-0.00257
-0.00276
-0.00218
-0.00218
-0.00218
-0.00237
-0.00237
-0.00257
-0.00257
-0.00257
-0.00296
-0.00257
-0.00257
-0.00315
-0.00296
-0.00296
-0.00257
-0.00276
-0.00276
-0.00276
-0.00315
-0.00315
-0.00315
-0.00296
-0.00276
-0.00315
-0.00296
-0.00296
-0.00315
-0.00257
-0.00296
-0.00237
-0.00218
-0.00237
-0.00257
-0.00276
-0.00218
-0.00159
-0.00257
-0.00218
-0.00257
-0.00296
-0.00296
-0.00257
-0.00218
-0.00257
-0.00257
-0.00257
-0.00296
-0.00276
-0.00296
-0.00237
-0.00218
-0.00257
-0.00335
-0.00257
-0.00296
-0.00276
-0.00335
-0.00335
-0.00354
-0.00315
-0.00315
-0.00257
-0.00335
-0.00354
-0.00393
-0.00393
-0.00413
-0.00393
-0.00374
-0.00393
-0.00393
-0.00393
-0.00393
-0.00413
-0.00413
-0.00413
-0.00413
-0.00413
-0.00452
-0.00471
-0.00432
-0.00432
-0.00413
-0.00452
-0.00471
-0.00432
-0.00393
-0.00374
-0.00413
-0.00413
-0.00393
-0.00393
-0.00374
-0.00393
-0.00354
-0.00354
-0.00374
-0.00315
-0.00354
-0.00315
-0.00315
-0.00315
-0.00276
-0.00257
-0.00296
-0.00257
-0.00218
-0.00257
-0.00257
-0.00218
-0.00179
-0.00198
-0.00218
-0.00159
-0.00179
-0.00198
-0.00237
-0.00257
-0.00237
-0.00257
-0.00257
-0.00237
-0.00218
-0.00237
-0.00257
-0.00257
-0.00237
-0.00237
-0.00257
-0.00237
-0.00218
-0.00276
-0.00296
-0.00276
-0.00257
-0.00257
-0.00296
-0.00257
-0.00296
-0.00296
-0.00276
-0.00218
-0.00296
-0.00296
-0.00276
-0.00276
-0.00276
-0.00296
-0.00276
-0.00257
-0.00218
-0.00276
-0.00218
-0.00218
-0.00218
-0.00198
-0.00198
-0.00198
-0.00179
-0.00198
-0.00159
-0.00179
-0.00159
-0.00159
-0.00159
-0.00139
-0.00139
-0.00198
-0.00159
-0.00179
-0.00198
-0.0012
-0.00159
-0.00179
-0.00218
-0.00198
-0.00218
-0.00139
-0.00159
-0.00179
-0.00198
-0.00179
-0.00198
-0.00179
-0.00218
-0.00198
-0.00257
-0.00218
-0.00237
-0.00276
-0.00257
-0.00237
-0.00218
-0.00218
-0.00218
-0.00257
-0.00296
-0.00276
-0.00335
-0.00315
-0.00315
-0.00296
-0.00315
-0.00354
-0.00354
-0.00354
-0.00296
-0.00296
-0.00237
-0.00276
-0.00257
-0.00276
-0.00296
-0.00276
-0.00237
-0.00296
-0.00296
-0.00315
-0.00237
-0.00276
-0.00218
-0.00276
-0.00276
-0.00257
-0.00276
-0.00218
-0.00276
-0.00257
-0.00276
-0.00257
-0.00218
-0.00257
-0.00257
-0.00296
-0.00257
-0.00257
-0.00257
-0.00257
-0.00237
-0.00218
-0.00296
-0.00257
-0.00276
-0.00315
-0.00257
-0.00276
-0.00276
-0.00296
-0.00257
-0.00296
-0.00276
-0.00276
-0.00276
-0.00276
-0.00276
-0.00257
-0.00276
-0.00276
-0.00237
-0.00237
-0.00257
-0.00237
-0.00198
-0.00237
-0.00276
-0.00315
-0.00315
-0.00276
-0.00296
-0.00276
-0.00276
-0.00276
-0.00296
-0.00354
-0.00296
-0.00315
-0.00374
-0.00335
-0.00335
-0.00432
-0.00413
-0.00413
-0.00413
-0.00413
-0.00374
-0.00413
-0.00413
-0.00393
-0.00393
-0.00413
-0.00393
-0.00354
-0.00374
-0.00393
-0.00354
-0.00374
-0.00354
-0.00374
-0.00354
-0.00374
-0.00335
-0.00354
-0.00354
-0.00374
-0.00335
-0.00315
-0.00296
-0.00296
-0.00296
-0.00315
-0.00276
-0.00296
-0.00296
-0.00276
-0.00237
-0.00237
-0.00237
-0.00257
-0.00237
-0.00218
-0.00237
-0.00237
-0.00237
-0.00257
-0.00237
-0.00276
-0.00296
-0.00296
-0.00237
-0.00315
-0.00276
-0.00257
-0.00257
-0.00315
-0.00237
-0.00257
-0.00276
-0.00237
-0.00276
-0.00257
-0.00276
-0.00218
-0.00257
-0.00257
-0.00296
-0.00276
-0.00257
-0.00296
-0.00296
-0.00257
-0.00315
-0.00276
-0.00276
-0.00257
-0.00257
-0.00315
-0.00276
-0.00257
-0.00276
-0.00257
-0.00237
-0.00237
-0.00257
-0.00237
-0.00257
-0.00257
-0.00237
-0.00218
-0.00276
-0.00237
-0.00257
-0.00218
-0.00257
-0.00257
-0.00276
-0.00257
-0.00257
-0.00276
-0.00257
-0.00237
-0.00257
-0.00276
-0.00276
-0.00237
-0.00276
-0.00257
-0.00257
-0.00296
-0.00257
-0.00276
-0.00257
-0.00257
-0.00237
-0.00257
-0.00198
-0.00257
-0.00257
-0.00257
-0.00296
-0.00237
-0.00276
-0.00257
-0.00276
-0.00257
-0.00296
-0.00276
-0.00276
-0.00257
-0.00296
-0.00296
-0.00276
-0.00257
-0.00296
-0.00296
-0.00276
-0.00296
-0.00276
-0.00296
-0.00276
-0.00276
-0.00296
-0.00276
-0.00237
-0.00257
-0.00276
-0.00315
-0.00296
-0.00296
-0.00315
-0.00315
-0.00354
-0.00296
-0.00315
-0.00296
-0.00315
-0.00296
-0.00315
-0.00335
-0.00296
-0.00276
-0.00296
-0.00315
-0.00257
-0.00315
-0.00296
-0.00296
-0.00276
-0.00257
-0.00237
-0.00257
-0.00257
-0.00276
-0.00237
-0.00276
-0.00276
-0.00296
-0.00237
-0.00276
-0.00257
-0.00257
-0.00237
-0.00276
-0.00276
-0.00218
-0.00237
-0.00257
-0.00276
-0.00257
-0.00198
-0.00198
-0.00198
-0.00159
-0.00198
-0.00218
-0.00198
-0.00257
-0.00218
-0.00276
-0.00257
-0.00237
-0.00237
-0.00257
-0.00276
-0.00257
-0.00315
-0.00276
-0.00296
-0.00315
-0.00296
-0.00296
-0.00296
-0.00276
-0.00276
-0.00296
-0.00218
-0.00237
-0.00257
-0.00198
-0.00218
-0.00296
-0.00276
-0.00296
-0.00315
-0.00315
-0.00296
-0.00296
-0.00276
-0.00335
-0.00296
-0.00315
-0.00296
-0.00315
-0.00276
-0.00257
-0.00257
-0.00296
-0.00237
-0.00257
-0.00237
-0.00237
-0.00257
-0.00257
-0.00237
-0.00237
-0.00218
-0.00296
-0.00296
-0.00237
-0.00296
-0.00237
-0.00257
-0.00296
-0.00315
-0.00296
-0.00276
-0.00218
-0.00198
-0.00276
-0.00257
-0.00296
-0.00257
-0.00296
-0.00296
-0.00237
-0.00237
-0.00237
-0.00237
-0.00198
-0.00276
-0.00276
-0.00257
-0.00237
-0.00237
-0.00237
-0.00257
-0.00257
-0.00296
-0.00257
-0.00257
-0.00257
-0.00296
-0.00257
-0.00276
-0.00335
-0.00276
-0.00296
-0.00296
-0.00315
-0.00296
-0.00296
-0.00237
-0.00276
-0.00257
-0.00257
-0.00237
-0.00276
-0.00237
-0.00237
-0.00237
