-1.079000310400E+00

-0.00218
-0.00218
-0.00159
-0.00198
-0.00218
-0.00198
-0.00179
-0.00218
-0.00198
-0.00198
-0.00198
-0.00198
-0.00237
-0.00179
-0.00218
-0.00218
-0.00237
-0.00218
-0.00218
-0.00218
-0.00218
-0.00257
-0.00276
-0.00237
-0.00257
-0.00237
-0.00237
-0.00237
-0.00276
-0.00257
-0.00276
-0.00296
-0.00237
-0.00296
-0.00276
-0.00315
-0.00374
-0.00276
-0.00315
-0.00296
-0.00315
-0.00315
-0.00296
-0.00315
-0.00276
-0.00276
-0.00315
-0.00296
-0.00276
-0.00276
-0.00237
-0.00237
-0.00257
-0.00237
-0.00218
-0.00237
-0.00257
-0.00218
-0.00179
-0.00218
-0.00218
-0.00218
-0.00159
-0.00159
-0.00179
-0.00198
-0.00198
-0.00198
-0.00257
-0.00198
-0.00159
-0.00198
-0.00198
-0.00218
-0.00198
-0.00237
-0.00276
-0.00218
-0.00257
-0.00257
-0.00257
-0.00237
-0.00198
-0.00218
-0.00198
-0.00198
-0.00179
-0.00179
-0.00218
-0.00218
-0.00237
-0.00218
-0.00257
-0.00257
-0.00257
-0.00276
-0.00276
-0.00257
-0.00218
-0.00257
-0.00296
-0.00276
-0.00296
-0.00237
-0.00276
-0.00257
-0.00276
-0.00237
-0.00179
-0.00218
-0.00218
-0.00218
-0.00237
-0.00198
-0.00237
-0.00218
-0.00237
-0.00276
-0.00218
-0.00218
-0.00257
-0.00237
-0.00276
-0.00276
-0.00257
-0.00198
-0.00218
-0.00218
-0.00218
-0.00257
-0.00218
-0.00237
-0.00218
-0.00237
-0.00237
-0.00237
-0.00198
-0.00237
-0.00179
-0.00159
-0.00237
-0.00198
-0.00237
-0.00198
-0.00237
-0.00218
-0.00276
-0.00257
-0.00257
-0.00315
-0.00257
-0.00257
-0.00237
-0.00237
-0.00198
-0.00257
-0.00257
-0.00198
-0.00218
-0.00198
-0.00237
-0.00198
-0.00198
-0.00257
-0.00237
-0.00218
-0.00296
-0.00218
-0.00218
-0.00257
-0.00257
-0.00257
-0.00257
-0.00237
-0.00296
-0.00315
-0.00296
-0.00237
-0.00276
-0.00296
-0.00315
-0.00335
-0.00296
-0.00315
-0.00374
-0.00296
-0.00296
-0.00296
-0.00276
-0.00257
-0.00276
-0.00276
-0.00276
-0.00335
-0.00296
-0.00315
-0.00315
-0.00296
-0.00296
-0.00296
-0.00257
-0.00315
-0.00276
-0.00257
-0.00296
-0.00257
-0.00257
-0.00257
-0.00198
-0.00218
-0.00179
-0.00179
-0.00159
-0.00159
-0.00179
-0.00159
-0.00179
-0.00179
-0.00237
-0.00179
-0.00179
-0.00179
-0.00218
-0.00198
-0.00198
-0.00257
-0.00237
-0.00237
-0.00237
-0.00218
-0.00257
-0.00257
-0.00218
-0.00179
-0.00218
-0.00198
-0.00198
-0.00218
-0.00257
-0.00218
-0.00237
-0.00276
-0.00179
-0.00237
-0.00276
-0.00257
-0.00218
-0.00257
-0.00257
-0.00218
-0.00257
-0.00198
-0.00237
-0.00218
-0.00237
-0.00237
-0.00257
-0.00257
-0.00276
-0.00237
-0.00257
-0.00257
-0.00198
-0.00237
-0.00257
-0.00237
-0.00198
-0.00237
-0.00198
-0.00179
-0.00198
-0.00159
-0.00198
-0.00218
-0.00218
-0.00218
-0.00218
-0.00218
-0.00237
-0.00257
-0.00257
-0.00218
-0.00237
-0.00179
-0.00179
-0.00159
-0.00179
-0.00218
-0.00198
-0.00179
-0.00198
-0.00159
-0.00179
-0.00198
-0.00198
-0.00218
-0.00198
-0.00179
-0.00218
-0.00179
-0.00237
-0.00179
-0.00179
-0.00198
-0.00237
-0.00218
-0.00257
-0.00257
-0.00218
-0.00198
-0.00198
-0.00218
-0.00198
-0.00198
-0.00179
-0.00237
-0.00198
-0.00198
-0.00179
-0.00198
-0.00198
-0.00179
-0.00139
-0.00159
-0.00139
-0.00198
-0.00198
-0.00218
-0.00198
-0.00198
-0.00198
-0.00179
-0.00218
-0.00218
-0.00237
-0.00257
-0.00276
-0.00257
-0.00276
-0.00257
-0.00276
-0.00296
-0.00237
-0.00276
-0.00257
-0.00237
-0.00237
-0.00218
-0.00237
-0.00198
-0.00237
-0.00257
-0.00237
-0.00257
-0.00276
-0.00257
-0.00276
-0.00218
-0.00237
-0.00237
-0.00276
-0.00257
-0.00276
-0.00198
-0.00237
-0.00237
-0.00257
-0.00237
-0.00179
-0.00237
-0.00198
-0.00237
-0.00218
-0.00237
-0.00218
-0.00159
-0.00179
-0.00218
-0.00257
-0.00237
-0.00218
-0.00179
-0.00218
-0.00218
-0.00257
-0.00276
-0.00296
-0.00276
-0.00257
-0.00257
-0.00237
-0.00237
-0.00237
-0.00276
-0.00257
-0.00237
-0.00276
-0.00218
-0.00276
-0.00296
-0.00315
-0.00276
-0.00276
-0.00296
-0.00296
-0.00276
-0.00257
-0.00237
-0.00276
-0.00237
-0.00218
-0.00276
-0.00276
-0.00237
-0.00237
-0.00257
-0.00237
-0.00257
-0.00237
-0.00257
-0.00296
-0.00218
-0.00218
-0.00237
-0.00237
-0.00257
-0.00257
-0.00257
-0.00276
-0.00237
-0.00276
-0.00257
-0.00296
-0.00296
-0.00237
-0.00276
-0.00237
-0.00296
-0.00296
-0.00257
-0.00257
-0.00257
-0.00257
-0.00237
-0.00276
-0.00276
-0.00276
-0.00257
-0.00237
-0.00218
-0.00198
-0.00237
-0.00237
-0.00198
-0.00218
-0.00179
-0.00218
-0.00257
-0.00218
-0.00218
-0.00218
-0.00179
-0.00218
-0.00218
-0.00237
-0.00179
-0.00198
-0.00159
-0.00179
-0.00159
-0.00139
-0.00198
-0.00198
-0.00159
-0.00159
-0.00159
-0.00179
-0.00179
-0.00218
-0.00218
-0.00198
-0.00179
-0.00198
-0.00198
-0.00257
-0.00237
-0.00237
-0.00179
-0.00218
-0.00276
-0.00257
-0.00257
-0.00257
-0.00237
-0.00257
-0.00237
-0.00296
-0.00257
-0.00276
-0.00276
-0.00335
-0.00296
-0.00296
-0.00296
-0.00296
-0.00276
-0.00296
-0.00237
-0.00296
-0.00276
-0.00335
-0.00315
-0.00296
-0.00296
-0.00276
-0.00257
-0.00276
-0.00237
-0.00257
-0.00218
-0.00257
-0.00257
-0.00218
-0.00218
-0.00179
-0.00198
-0.00179
-0.00159
-0.00237
-0.00237
-0.00159
-0.00237
-0.00257
-0.00218
-0.00198
-0.00179
-0.00237
-0.00237
-0.00237
-0.00198
-0.00218
-0.00159
-0.00179
-0.00198
-0.00218
-0.00218
-0.00198
-0.00237
-0.00218
-0.00218
-0.00198
-0.00237
-0.00257
-0.00237
-0.00276
-0.00218
-0.00237
-0.00237
-0.00257
-0.00276
-0.00257
-0.00257
-0.00276
-0.00257
-0.00276
-0.00315
-0.00237
-0.00257
-0.00257
-0.00257
-0.00257
-0.00237
-0.00257
-0.00198
-0.00218
-0.00237
-0.00198
-0.00218
-0.00198
-0.00257
-0.00237
-0.00276
-0.00198
-0.00179
-0.00198
-0.00237
-0.00237
-0.00218
-0.00198
-0.00198
-0.00139
-0.00159
-0.00218
-0.00198
-0.00237
-0.00218
-0.00198
-0.00179
-0.00198
-0.00159
-0.00218
-0.00218
-0.00218
-0.00179
-0.00257
-0.00218
-0.00237
-0.00159
-0.00257
-0.00296
-0.00237
-0.00276
-0.00296
-0.00237
-0.00237
-0.00257
-0.00257
-0.00237
-0.00198
-0.00198
-0.00218
-0.00257
-0.00257
-0.00257
-0.00218
-0.00218
-0.00237
-0.00237
-0.00315
-0.00257
-0.00218
-0.00237
-0.00296
-0.00276
-0.00276
-0.00218
-0.00198
-0.00218
-0.00237
-0.00257
-0.00276
-0.00257
-0.00257
-0.00237
-0.00257
-0.00237
-0.00276
-0.00296
-0.00315
-0.00257
-0.00296
-0.00276
-0.00257
-0.00237
-0.00257
-0.00276
-0.00315
-0.00335
-0.00335
-0.00335
-0.00315
-0.00315
-0.00257
-0.00335
-0.00276
-0.00315
-0.00276
-0.00257
-0.00296
-0.00296
-0.00296
-0.00296
-0.00315
-0.00237
-0.00257
-0.00198
-0.00218
-0.00257
-0.00179
-0.00198
-0.00198
-0.00257
-0.00198
-0.00198
-0.00179
-0.00159
-0.00179
-0.00139
-0.00218
-0.00198
-0.00198
-0.00198
-0.00218
-0.00237
-0.00198
-0.00237
-0.00296
-0.00296
-0.00257
-0.00257
-0.00237
-0.00257
-0.00276
-0.00257
-0.00218
-0.00276
-0.00237
-0.00257
-0.00296
-0.00257
-0.00179
-0.00179
-0.00276
-0.00257
-0.00179
-0.00159
-0.00237
-0.00198
-0.00218
-0.00237
-0.00237
-0.00218
-0.00218
-0.00237
-0.00218
-0.00237
-0.00198
-0.00237
-0.00179
-0.00179
-0.00159
-0.00179
-0.00179
-0.00257
-0.00179
-0.00179
-0.00159
-0.00218
-0.00198
-0.00179
-0.00237
-0.00198
-0.00237
-0.00218
-0.00237
-0.00257
-0.00276
-0.00237
-0.00237
-0.00257
-0.00257
-0.00257
-0.00237
-0.00257
-0.00276
-0.00276
-0.00276
-0.00237
-0.00218
-0.00237
-0.00218
-0.00218
-0.00237
-0.00159
-0.00218
-0.00159
-0.00257
-0.00276
-0.00315
-0.00276
-0.00257
-0.00237
-0.00257
-0.00237
-0.00179
-0.00257
-0.00315
-0.00237
-0.00237
-0.00237
-0.00218
-0.00179
-0.00257
-0.00237
-0.00237
-0.00218
-0.00198
-0.00257
-0.00237
-0.00257
-0.00237
-0.00237
-0.00198
-0.00276
-0.00257
-0.00237
-0.00237
-0.00237
-0.00257
-0.00257
-0.00276
-0.00296
-0.00257
-0.00276
-0.00296
-0.00276
-0.00257
-0.00237
-0.00296
-0.00257
-0.00296
-0.00237
-0.00276
-0.00257
-0.00296
-0.00296
-0.00276
-0.00237
-0.00296
-0.00315
-0.00237
-0.00296
-0.00335
-0.00296
-0.00315
-0.00296
-0.00237
-0.00237
-0.00276
-0.00218
-0.00237
-0.00237
-0.00237
-0.00237
-0.00198
-0.00198
-0.00218
-0.00218
-0.00198
-0.00218
-0.00179
-0.00237
-0.00237
-0.00257
-0.00257
-0.00237
-0.00257
-0.00237
-0.00237
-0.00237
-0.00237
-0.00237
-0.00237
-0.00257
-0.00218
-0.00237
-0.00276
-0.00237
-0.00257
-0.00218
-0.00276
-0.00237
-0.00218
-0.00296
-0.00335
-0.00315
-0.00276
-0.00296
-0.00315
-0.00296
-0.00296
-0.00296
-0.00335
-0.00296
-0.00296
-0.00276
-0.00296
-0.00276
-0.00198
-0.00296
-0.00237
-0.00257
-0.00257
-0.00257
-0.00276
-0.00257
-0.00237
-0.00257
-0.00296
-0.00257
-0.00218
-0.00237
-0.00179
-0.00218
-0.00218
-0.00237
-0.00257
-0.00237
-0.00198
-0.00218
-0.00198
-0.00198
-0.00218
-0.00198
-0.00218
-0.00198
-0.00237
-0.00198
-0.00218
-0.00159
-0.00198
-0.00159
-0.00198
-0.00179
-0.00159
-0.00179
-0.00198
-0.00218
-0.00159
-0.00159
-0.00198
-0.00218
-0.00257
-0.00237
-0.00218
-0.00198
-0.00257
-0.00218
-0.00257
-0.00257
-0.00218
-0.00218
-0.00218
-0.00237
-0.00198
-0.00276
-0.00237
-0.00237
-0.00198
-0.00198
-0.00218
-0.00198
-0.00257
-0.00237
-0.00218
-0.00179
-0.00198
-0.00257
-0.00237
-0.00276
-0.00198
-0.00218
-0.00237
-0.00237
-0.00198
-0.00179
-0.00218
-0.00218
-0.00218
-0.00257
-0.00257
-0.00257
-0.00237
-0.00237
-0.00198
-0.00218
-0.00218
-0.00237
-0.00237
-0.00257
-0.00218
-0.00237
-0.00237
-0.00218
-0.00257
-0.00296
-0.00296
-0.00276
-0.00296
-0.00276
-0.00296
-0.00276
-0.00257
-0.00257
-0.00296
-0.00257
-0.00257
-0.00237
-0.00276
-0.00218
-0.00218
-0.00237
-0.00237
-0.00257
-0.00257
-0.00198
-0.00237
-0.00237
-0.00237
-0.00257
-0.00218
-0.00218
-0.00257
-0.00198
-0.00237
-0.00218
-0.00218
-0.00237
-0.00257
-0.00237
-0.00257
-0.00257
-0.00276
-0.00237
-0.00237
-0.00237
-0.00237
-0.00218
-0.00198
-0.00237
-0.00276
-0.00179
-0.00237
-0.00237
-0.00237
-0.00218
-0.00257
-0.00237
-0.00237
-0.00218
-0.00198
-0.00218
-0.00218
-0.00198
-0.00257
-0.00218
-0.00257
-0.00198
-0.00218
-0.00218
-0.00257
-0.00179
-0.00218
-0.00198
-0.00218
-0.00237
-0.00198
-0.00159
-0.00237
-0.00237
-0.00218
-0.00179
-0.00218
-0.00218
-0.00257
-0.00257
-0.00276
-0.00237
-0.00237
-0.00257
-0.00276
-0.00237
-0.00237
-0.00257
-0.00257
-0.00237
-0.00276
-0.00198
-0.00179
-0.00218
-0.00198
-0.00257
-0.00218
-0.00198
-0.00179
-0.00218
-0.00179
-0.00237
-0.00198
-0.00257
-0.00218
-0.00257
-0.00296
-0.00296
-0.00276
-0.00218
-0.00276
-0.00296
-0.00276
-0.00218
-0.00218
-0.00237
-0.00257
-0.00257
-0.00218
-0.00237
-0.00237
-0.00218
-0.00237
-0.00218
-0.00218
-0.00198
-0.00218
-0.00218
-0.00237
-0.00218
-0.00198
-0.00257
-0.00276
-0.00296
-0.00257
-0.00276
-0.00276
-0.00257
-0.00237
-0.00276
-0.00296
-0.00218
-0.00257
-0.00296
-0.00315
-0.00296
-0.00335
-0.00276
-0.00296
-0.00257
-0.00296
-0.00276
-0.00276
-0.00257
-0.00179
-0.00159
-0.00042
0.00036
0.00154
0.00251
0.00368
0.00505
0.00622
0.007
0.00779
0.00896
0.00935
0.01071
0.01111
0.01169
0.01208
0.01286
0.01364
0.01423
0.01501
0.01482
0.01501
0.0154
0.0156
0.01579
0.0154
0.01638
0.01618
0.01657
0.01657
0.01638
0.01657
0.01677
0.01638
0.01638
0.01618
0.01657
0.01599
0.01618
0.01599
0.01599
0.0154
0.0154
0.0154
0.01521
0.01521
0.01482
0.01462
0.01482
0.01482
0.01443
0.01423
0.01384
0.01325
0.01325
0.01306
0.01325
0.01247
0.01247
0.01208
0.01208
0.0113
0.01169
0.01071
0.01071
0.01052
0.01071
0.01052
0.01032
