-7.570002176000E-01

-0.00257
-0.00237
-0.00257
-0.00257
-0.00237
-0.00237
-0.00276
-0.00257
-0.00276
-0.00237
-0.00276
-0.00257
-0.00276
-0.00257
-0.00276
-0.00276
-0.00276
-0.00218
-0.00237
-0.00218
-0.00276
-0.00276
-0.00296
-0.00257
-0.00218
-0.00198
-0.00218
-0.00237
-0.00218
-0.00257
-0.00276
-0.00315
-0.00276
-0.00218
-0.00257
-0.00257
-0.00276
-0.00218
-0.00237
-0.00296
-0.00315
-0.00335
-0.00276
-0.00237
-0.00257
-0.00257
-0.00257
-0.00296
-0.00315
-0.00296
-0.00296
-0.00257
-0.00315
-0.00315
-0.00335
-0.00374
-0.00335
-0.00315
-0.00335
-0.00335
-0.00374
-0.00315
-0.00315
-0.00335
-0.00296
-0.00315
-0.00315
-0.00315
-0.00354
-0.00315
-0.00335
-0.00315
-0.00315
-0.00296
-0.00315
-0.00296
-0.00296
-0.00276
-0.00276
-0.00237
-0.00296
-0.00276
-0.00257
-0.00257
-0.00257
-0.00198
-0.00237
-0.00218
-0.00257
-0.00276
-0.00276
-0.00296
-0.00276
-0.00257
-0.00198
-0.00218
-0.00257
-0.00276
-0.00237
-0.00218
-0.00218
-0.00237
-0.00237
-0.00237
-0.00218
-0.00218
-0.00218
-0.00218
-0.00237
-0.00257
-0.00257
-0.00257
-0.00296
-0.00276
-0.00296
-0.00315
-0.00296
-0.00296
-0.00276
-0.00315
-0.00276
-0.00335
-0.00257
-0.00257
-0.00335
-0.00315
-0.00296
-0.00335
-0.00315
-0.00296
-0.00257
-0.00257
-0.00276
-0.00257
-0.00257
-0.00276
-0.00276
-0.00276
-0.00276
-0.00257
-0.00276
-0.00257
-0.00276
-0.00296
-0.00296
-0.00296
-0.00257
-0.00296
-0.00276
-0.00276
-0.00276
-0.00315
-0.00237
-0.00218
-0.00198
-0.00237
-0.00218
-0.00237
-0.00237
-0.00296
-0.00276
-0.00257
-0.00296
-0.00218
-0.00257
-0.00257
-0.00218
-0.00296
-0.00257
-0.00276
-0.00296
-0.00296
-0.00276
-0.00296
-0.00257
-0.00296
-0.00276
-0.00257
-0.00257
-0.00276
-0.00335
-0.00218
-0.00276
-0.00257
-0.00315
-0.00276
-0.00276
-0.00257
-0.00296
-0.00257
-0.00237
-0.00276
-0.00296
-0.00276
-0.00276
-0.00276
-0.00296
-0.00237
-0.00257
-0.00315
-0.00296
-0.00276
-0.00276
-0.00296
-0.00315
-0.00296
-0.00296
-0.00276
-0.00296
-0.00276
-0.00296
-0.00335
-0.00354
-0.00354
-0.00354
-0.00393
-0.00374
-0.00354
-0.00354
-0.00374
-0.00374
-0.00374
-0.00393
-0.00374
-0.00354
-0.00354
-0.00335
-0.00374
-0.00335
-0.00296
-0.00296
-0.00315
-0.00296
-0.00257
-0.00315
-0.00257
-0.00257
-0.00237
-0.00257
-0.00276
-0.00276
-0.00257
-0.00257
-0.00237
-0.00218
-0.00198
-0.00218
-0.00237
-0.00218
-0.00218
-0.00198
-0.00198
-0.00179
-0.00198
-0.00257
-0.00218
-0.00237
-0.00257
-0.00237
-0.00198
-0.00218
-0.00218
-0.00218
-0.00257
-0.00257
-0.00276
-0.00276
-0.00276
-0.00296
-0.00315
-0.00296
-0.00257
-0.00296
-0.00296
-0.00315
-0.00315
-0.00296
-0.00257
-0.00257
-0.00315
-0.00335
-0.00276
-0.00335
-0.00296
-0.00257
-0.00257
-0.00276
-0.00257
-0.00276
-0.00276
-0.00296
-0.00276
-0.00296
-0.00296
-0.00276
-0.00296
-0.00335
-0.00276
-0.00257
-0.00276
-0.00296
-0.00315
-0.00296
-0.00335
-0.00315
-0.00296
-0.00296
-0.00315
-0.00276
-0.00276
-0.00257
-0.00237
-0.00257
-0.00257
-0.00218
-0.00257
-0.00257
-0.00257
-0.00257
-0.00257
-0.00276
-0.00218
-0.00276
-0.00218
-0.00237
-0.00218
-0.00276
-0.00296
-0.00276
-0.00296
-0.00296
-0.00296
-0.00237
-0.00257
-0.00276
-0.00296
-0.00276
-0.00276
-0.00257
-0.00276
-0.00296
-0.00257
-0.00296
-0.00315
-0.00354
-0.00315
-0.00276
-0.00257
-0.00257
-0.00257
-0.00257
-0.00237
-0.00257
-0.00237
-0.00257
-0.00237
-0.00237
-0.00237
-0.00237
-0.00218
-0.00237
-0.00257
-0.00276
-0.00257
-0.00276
-0.00237
-0.00315
-0.00276
-0.00237
-0.00276
-0.00257
-0.00296
-0.00296
-0.00276
-0.00296
-0.00315
-0.00335
-0.00335
-0.00296
-0.00315
-0.00296
-0.00315
-0.00315
-0.00335
-0.00296
-0.00315
-0.00276
-0.00257
-0.00237
-0.00276
-0.00257
-0.00257
-0.00315
-0.00276
-0.00276
-0.00257
-0.00276
-0.00237
-0.00218
-0.00276
-0.00198
-0.00198
-0.00198
-0.00179
-0.00218
-0.00218
-0.00179
-0.00179
-0.0012
-0.00159
-0.00139
-0.00139
-0.00179
-0.00179
-0.00159
-0.00198
-0.00198
-0.00218
-0.00198
-0.00237
-0.00237
-0.00237
-0.00218
-0.00257
-0.00237
-0.00276
-0.00237
-0.00276
-0.00296
-0.00315
-0.00257
-0.00296
-0.00237
-0.00296
-0.00276
-0.00276
-0.00276
-0.00315
-0.00257
-0.00296
-0.00296
-0.00296
-0.00276
-0.00296
-0.00276
-0.00276
-0.00257
-0.00257
-0.00237
-0.00218
-0.00218
-0.00237
-0.00276
-0.00198
-0.00198
-0.00198
-0.00179
-0.00237
-0.00237
-0.00218
-0.00198
-0.00159
-0.00198
-0.00179
-0.00237
-0.00218
-0.00198
-0.00198
-0.00218
-0.00237
-0.00257
-0.00276
-0.00296
-0.00276
-0.00237
-0.00257
-0.00257
-0.00237
-0.00198
-0.00198
-0.00198
-0.00237
-0.00237
-0.00198
-0.00237
-0.00218
-0.00218
-0.00237
-0.00237
-0.00218
-0.00237
-0.00296
-0.00296
-0.00315
-0.00218
-0.00276
-0.00276
-0.00237
-0.00257
-0.00276
-0.00296
-0.00257
-0.00257
-0.00296
-0.00296
-0.00276
-0.00257
-0.00257
-0.00296
-0.00296
-0.00276
-0.00276
-0.00257
-0.00257
-0.00296
-0.00296
-0.00315
-0.00276
-0.00257
-0.00335
-0.00276
-0.00296
-0.00257
-0.00315
-0.00296
-0.00335
-0.00296
-0.00296
-0.00296
-0.00276
-0.00257
-0.00257
-0.00237
-0.00257
-0.00276
-0.00276
-0.00296
-0.00276
-0.00335
-0.00296
-0.00276
-0.00257
-0.00296
-0.00296
-0.00296
-0.00237
-0.00257
-0.00237
-0.00276
-0.00257
-0.00257
-0.00257
-0.00257
-0.00237
-0.00218
-0.00218
-0.00257
-0.00218
-0.00218
-0.00198
-0.00218
-0.00198
-0.00198
-0.00179
-0.00237
-0.00218
-0.00218
-0.00218
-0.00218
-0.00257
-0.00218
-0.00218
-0.00198
-0.00237
-0.00218
-0.00218
-0.00257
-0.00257
-0.00257
-0.00198
-0.00276
-0.00237
-0.00257
-0.00296
-0.00296
-0.00276
-0.00198
-0.00218
-0.00237
-0.00276
-0.00315
-0.00315
-0.00276
-0.00276
-0.00257
-0.00257
-0.00237
-0.00276
-0.00257
-0.00257
-0.00257
-0.00276
-0.00276
-0.00276
-0.00237
-0.00257
-0.00257
-0.00257
-0.00237
-0.00257
-0.00237
-0.00198
-0.00218
-0.00218
-0.00218
-0.00257
-0.00296
-0.00276
-0.00237
-0.00237
-0.00218
-0.00198
-0.00218
-0.00218
-0.00218
-0.00237
-0.00198
-0.00198
-0.00237
-0.00237
-0.00218
-0.00198
-0.00198
-0.00218
-0.00179
-0.00198
-0.00237
-0.00237
-0.00257
-0.00257
-0.00237
-0.00198
-0.00237
-0.00237
-0.00218
-0.00218
-0.00218
-0.00218
-0.00257
-0.00218
-0.00237
-0.00237
-0.00198
-0.00237
-0.00257
-0.00257
-0.00257
-0.00237
-0.00237
-0.00296
-0.00218
-0.00218
-0.00237
-0.00257
-0.00276
-0.00237
-0.00218
-0.00237
-0.00296
-0.00237
-0.00237
-0.00237
-0.00237
-0.00296
-0.00296
-0.00276
-0.00296
-0.00237
-0.00257
-0.00237
-0.00257
-0.00237
-0.00237
-0.00276
-0.00296
-0.00315
-0.00374
-0.00276
-0.00315
-0.00276
-0.00335
-0.00354
-0.00296
-0.00257
-0.00393
-0.00296
-0.00335
-0.00354
-0.00335
-0.00315
-0.00296
-0.00296
-0.00257
-0.00296
-0.00296
-0.00296
-0.00257
-0.00296
-0.00276
-0.00218
-0.00218
-0.00257
-0.00276
-0.00276
-0.00218
-0.00257
-0.00257
-0.00218
-0.00218
-0.00315
-0.00296
-0.00315
-0.00276
-0.00276
-0.00257
-0.00198
-0.00257
-0.00237
-0.00276
-0.00276
-0.00257
-0.00257
-0.00237
-0.00276
-0.00296
-0.00257
-0.00276
-0.00296
-0.00296
-0.00296
-0.00315
-0.00296
-0.00296
-0.00296
-0.00296
-0.00276
-0.00276
-0.00315
-0.00296
-0.00335
-0.00296
-0.00315
-0.00257
-0.00257
-0.00237
-0.00257
-0.00276
-0.00257
-0.00276
-0.00257
-0.00237
-0.00276
-0.00257
-0.00276
-0.00296
-0.00276
-0.00237
-0.00257
-0.00296
-0.00276
-0.00296
-0.00296
-0.00276
-0.00218
-0.00237
-0.00276
-0.00257
-0.00257
-0.00276
-0.00296
-0.00296
-0.00315
-0.00296
-0.00257
-0.00237
-0.00257
-0.00276
-0.00257
-0.00257
-0.00257
-0.00237
-0.00257
-0.00257
-0.00315
-0.00315
-0.00296
-0.00296
-0.00276
-0.00315
-0.00237
-0.00276
-0.00257
-0.00218
-0.00237
-0.00257
-0.00276
-0.00296
-0.00257
-0.00276
-0.00276
-0.00237
-0.00276
-0.00237
-0.00257
-0.00257
-0.00257
-0.00276
-0.00257
-0.00237
-0.00218
-0.00237
-0.00218
-0.00257
-0.00315
-0.00335
-0.00296
-0.00276
-0.00276
-0.00296
-0.00315
-0.00296
-0.00315
-0.00315
-0.00315
-0.00354
-0.00393
-0.00315
-0.00315
-0.00296
-0.00315
-0.00296
-0.00315
-0.00276
-0.00315
-0.00296
-0.00296
-0.00276
-0.00315
-0.00296
-0.00276
-0.00276
-0.00276
-0.00257
-0.00296
-0.00276
-0.00296
-0.00296
-0.00296
-0.00276
-0.00257
-0.00296
-0.00257
-0.00218
-0.00218
-0.00296
-0.00257
-0.00237
-0.00159
-0.00159
-0.00218
-0.00179
-0.00159
-0.00218
-0.00198
-0.00179
-0.00159
-0.00159
-0.00159
-0.00198
-0.00257
-0.00237
-0.00218
-0.00257
-0.00237
-0.00218
-0.00218
-0.00218
-0.00237
-0.00218
-0.00218
-0.00198
-0.00179
-0.00218
-0.00198
-0.00218
-0.00198
-0.00257
-0.00218
-0.00198
-0.00218
-0.00218
-0.00237
-0.00257
-0.00257
-0.00296
-0.00315
-0.00237
-0.00276
-0.00296
-0.00257
-0.00276
-0.00257
-0.00257
-0.00257
-0.00237
-0.00218
-0.00257
-0.00159
-0.00179
-0.00179
-0.00237
-0.00218
-0.00218
-0.00218
-0.00218
-0.00257
-0.00159
-0.00237
-0.00198
-0.00237
-0.00237
-0.00237
-0.00218
-0.00237
-0.00218
-0.00237
-0.00276
-0.00296
-0.00257
-0.00276
-0.00218
-0.00198
-0.00218
-0.00237
-0.00257
-0.00198
-0.00237
-0.00218
-0.00276
-0.00198
-0.00179
-0.00237
-0.00276
-0.00257
-0.00218
-0.00257
-0.00218
-0.00257
-0.00257
-0.00296
-0.00257
-0.00276
-0.00276
-0.00296
-0.00257
-0.00257
-0.00257
-0.00276
-0.00276
-0.00218
-0.00237
-0.00237
-0.00276
-0.00257
-0.00237
-0.00198
-0.00179
-0.00198
-0.00237
-0.00237
-0.00257
-0.00218
-0.00218
-0.00257
-0.00237
-0.00179
-0.00257
-0.00257
-0.00237
-0.00257
-0.00237
-0.00218
-0.00237
-0.00218
-0.00218
-0.00257
-0.00276
-0.00354
-0.00257
-0.00315
-0.00335
-0.00296
-0.00335
-0.00315
-0.00315
-0.00315
-0.00276
-0.00354
-0.00315
-0.00276
-0.00315
-0.00315
-0.00335
-0.00354
-0.00315
-0.00315
-0.00315
-0.00276
-0.00276
-0.00296
-0.00218
-0.00257
-0.00218
-0.00257
-0.00218
-0.00198
-0.00179
-0.00198
-0.00198
-0.00237
-0.00179
-0.00198
-0.00179
-0.00159
-0.00139
-0.00179
-0.00237
-0.00237
-0.00198
-0.00198
-0.00198
-0.00276
-0.00237
-0.00237
-0.00198
-0.00179
-0.00198
-0.00198
-0.00237
-0.00257
-0.00218
-0.00257
-0.00237
-0.00237
-0.00237
-0.00237
-0.00276
-0.00218
-0.00257
-0.00257
-0.00218
-0.00218
-0.00257
-0.00237
-0.00257
-0.00257
-0.00237
-0.00218
-0.00237
-0.00257
-0.00257
-0.00276
-0.00276
-0.00257
-0.00257
-0.00257
-0.00257
-0.00218
-0.00237
-0.00237
-0.00237
-0.00237
-0.00218
-0.00257
-0.00257
-0.00237
-0.00257
-0.00257
-0.00257
-0.00257
-0.00237
-0.00257
-0.00315
-0.00218
-0.00257
-0.00218
-0.00198
-0.00257
-0.00237
-0.00296
-0.00237
-0.00237
-0.00218
-0.00237
-0.00218
-0.00237
-0.00218
-0.00218
-0.00218
-0.00198
-0.00198
-0.00198
-0.00218
-0.00198
-0.00198
-0.00257
-0.00237
-0.00276
-0.00218
-0.00257
-0.00237
-0.00296
-0.00237
-0.00257
-0.00276
-0.00257
-0.00257
-0.00198
-0.00237
-0.00218
-0.00276
-0.00257
-0.00257
-0.00257
-0.00257
-0.00257
-0.00257
-0.00257
-0.00276
-0.00257
-0.00237
-0.00237
-0.00257
-0.00315
-0.00296
-0.00296
-0.00276
-0.00315
-0.00296
-0.00296
-0.00335
-0.00354
-0.00354
-0.00335
-0.00335
-0.00315
-0.00315
-0.00315
-0.00315
-0.00296
-0.00276
-0.00257
-0.00276
-0.00237
-0.00257
-0.00257
-0.00296
-0.00296
-0.00296
-0.00276
-0.00276
-0.00218
-0.00159
-0.00179
-0.001
-3e-05
0.00114
0.00232
0.00368
0.00486
0.00564
0.00661
0.00779
0.00876
0.00935
0.01013
0.01091
0.01208
0.01208
0.01306
0.01325
0.01325
0.01404
0.01423
0.01462
0.01443
0.01521
0.01521
0.0154
0.01579
