-4.130001184000E-01

0.00114
0.00154
0.00134
0.00134
0.00134
0.00134
0.00154
0.00095
0.00075
0.00056
0.00036
0.00056
0.00095
0.00056
0.00114
0.00075
0.00036
0.00036
-3e-05
0.00036
0.00056
0.00017
0.00017
0.00056
-3e-05
-3e-05
-0.00022
-3e-05
-0.00022
0.00017
-3e-05
-0.00042
-0.00022
-0.00022
-0.00022
-3e-05
-3e-05
0.00017
-3e-05
-3e-05
-3e-05
0.00017
-3e-05
0.00036
0.00036
0.00017
0.00036
-0.00042
-0.00061
-0.00061
-0.00061
-3e-05
-0.00061
-0.001
-0.00022
-0.00042
-0.00061
-0.001
-0.00081
-0.001
-0.00061
-0.00061
-0.00042
-0.00061
-0.00042
-0.00081
-0.001
-0.00081
-0.0012
-0.001
-0.00139
-0.0012
-0.00139
-0.00139
-0.0012
-0.0012
-0.00159
-0.00179
-0.0012
-0.001
-0.001
-0.00139
-0.00159
-0.00139
-0.00139
-0.00139
-0.00139
-0.00139
-0.00159
-0.00159
-0.00159
-0.00179
-0.0012
-0.001
-0.00081
-0.001
-0.00081
-0.00042
-0.0012
-0.001
-0.0012
-0.0012
-0.0012
-0.00139
-0.00139
-0.00159
-0.00198
-0.00198
-0.00139
-0.00139
-0.00139
-0.00179
-0.00159
-0.00179
-0.00159
-0.00159
-0.00159
-0.00179
-0.00179
-0.00198
-0.00218
-0.00159
-0.00198
-0.00159
-0.00179
-0.00159
-0.00179
-0.00159
-0.00237
-0.00218
-0.00198
-0.00257
-0.00179
-0.00218
-0.00179
-0.00218
-0.00237
-0.00198
-0.00218
-0.00198
-0.00179
-0.00198
-0.00218
-0.00198
-0.00159
-0.00179
-0.00159
-0.00198
-0.0012
-0.00159
-0.00159
-0.00139
-0.00159
-0.00159
-0.0012
-0.00139
-0.0012
-0.001
-0.00081
-0.0012
-0.00159
-0.00159
-0.00139
-0.0012
-0.0012
-0.00179
-0.00159
-0.00159
-0.0012
-0.00179
-0.00159
-0.00159
-0.00179
-0.00159
-0.00139
-0.00179
-0.00198
-0.00179
-0.00159
-0.00198
-0.00179
-0.00179
-0.00198
-0.00159
-0.00179
-0.00237
-0.00198
-0.00139
-0.00159
-0.00198
-0.00159
-0.00218
-0.00179
-0.00237
-0.00218
-0.00218
-0.00179
-0.00218
-0.00179
-0.00198
-0.00179
-0.00198
-0.00218
-0.00218
-0.00198
-0.00159
-0.00159
-0.00198
-0.00198
-0.00218
-0.00218
-0.00237
-0.00237
-0.00218
-0.00237
-0.00179
-0.00237
-0.00237
-0.00257
-0.00276
-0.00218
-0.00257
-0.00218
-0.00276
-0.00257
-0.00276
-0.00237
-0.00276
-0.00237
-0.00237
-0.00276
-0.00257
-0.00296
-0.00257
-0.00237
-0.00257
-0.00237
-0.00276
-0.00296
-0.00257
-0.00296
-0.00276
-0.00296
-0.00315
-0.00315
-0.00296
-0.00315
-0.00237
-0.00296
-0.00276
-0.00276
-0.00296
-0.00276
-0.00276
-0.00237
-0.00276
-0.00237
-0.00296
-0.00276
-0.00237
-0.00257
-0.00296
-0.00276
-0.00218
-0.00198
-0.00218
-0.00237
-0.00218
-0.00198
-0.00218
-0.00179
-0.00257
-0.00218
-0.00218
-0.00218
-0.00198
-0.00237
-0.00237
-0.00237
-0.00218
-0.00257
-0.00237
-0.00237
-0.00218
-0.00237
-0.00257
-0.00237
-0.00257
-0.00179
-0.00257
-0.00179
-0.00257
-0.00237
-0.00296
-0.00198
-0.00257
-0.00237
-0.00237
-0.00237
-0.00198
-0.00179
-0.00179
-0.00159
-0.00159
-0.00159
-0.00198
-0.00218
-0.00198
-0.00159
-0.00198
-0.00198
-0.00159
-0.00159
-0.00139
-0.00198
-0.00218
-0.00179
-0.00179
-0.00198
-0.00218
-0.00159
-0.00198
-0.00179
-0.00198
-0.00159
-0.00198
-0.00198
-0.00198
-0.00237
-0.00276
-0.00257
-0.00237
-0.00237
-0.00296
-0.00218
-0.00276
-0.00276
-0.00257
-0.00276
-0.00257
-0.00257
-0.00315
-0.00296
-0.00276
-0.00257
-0.00257
-0.00257
-0.00257
-0.00296
-0.00276
-0.00257
-0.00257
-0.00257
-0.00257
-0.00276
-0.00296
-0.00276
-0.00276
-0.00237
-0.00198
-0.00198
-0.00257
-0.00198
-0.00237
-0.00179
-0.00198
-0.00179
-0.00237
-0.00276
-0.00237
-0.00237
-0.00257
-0.00237
-0.00237
-0.00257
-0.00257
-0.00257
-0.00237
-0.00257
-0.00237
-0.00257
-0.00237
-0.00237
-0.00237
-0.00257
-0.00257
-0.00257
-0.00276
-0.00257
-0.00237
-0.00296
-0.00296
-0.00276
-0.00315
-0.00354
-0.00276
-0.00296
-0.00296
-0.00257
-0.00315
-0.00276
-0.00315
-0.00296
-0.00296
-0.00257
-0.00296
-0.00257
-0.00276
-0.00257
-0.00257
-0.00257
-0.00237
-0.00257
-0.00276
-0.00237
-0.00198
-0.00218
-0.00237
-0.00198
-0.00198
-0.00237
-0.00237
-0.00218
-0.00218
-0.00257
-0.00257
-0.00257
-0.00237
-0.00218
-0.00237
-0.00257
-0.00257
-0.00296
-0.00276
-0.00296
-0.00257
-0.00257
-0.00257
-0.00296
-0.00257
-0.00237
-0.00218
-0.00257
-0.00237
-0.00237
-0.00276
-0.00296
-0.00296
-0.00296
-0.00315
-0.00296
-0.00276
-0.00296
-0.00276
-0.00257
-0.00296
-0.00296
-0.00276
-0.00276
-0.00276
-0.00276
-0.00257
-0.00237
-0.00257
-0.00237
-0.00276
-0.00237
-0.00237
-0.00198
-0.00218
-0.00179
-0.00218
-0.00198
-0.00237
-0.00237
-0.00179
-0.00198
-0.00218
-0.00159
-0.00179
-0.00159
-0.00159
-0.00198
-0.00179
-0.00198
-0.00198
-0.00198
-0.00139
-0.001
-0.00159
-0.00218
-0.00198
-0.00139
-0.00179
-0.00179
-0.00257
-0.00179
-0.00179
-0.00159
-0.00198
-0.00237
-0.00218
-0.00257
-0.00237
-0.00237
-0.00198
-0.00198
-0.00257
-0.00257
-0.00218
-0.00218
-0.00257
-0.00237
-0.00237
-0.00218
-0.00257
-0.00257
-0.00296
-0.00276
-0.00276
-0.00276
-0.00257
-0.00257
-0.00257
-0.00276
-0.00237
-0.00218
-0.00218
-0.00296
-0.00296
-0.00315
-0.00335
-0.00296
-0.00315
-0.00335
-0.00315
-0.00315
-0.00296
-0.00257
-0.00296
-0.00257
-0.00276
-0.00276
-0.00276
-0.00276
-0.00276
-0.00276
-0.00257
-0.00179
-0.00237
-0.00218
-0.00198
-0.00198
-0.00218
-0.00237
-0.00296
-0.00276
-0.00276
-0.00218
-0.00218
-0.00218
-0.00237
-0.00237
-0.00276
-0.00237
-0.00296
-0.00257
-0.00257
-0.00218
-0.00237
-0.00276
-0.00276
-0.00257
-0.00276
-0.00218
-0.00257
-0.00257
-0.00276
-0.00257
-0.00276
-0.00198
-0.00276
-0.00257
-0.00276
-0.00296
-0.00354
-0.00296
-0.00315
-0.00296
-0.00276
-0.00276
-0.00257
-0.00296
-0.00276
-0.00276
-0.00218
-0.00257
-0.00237
-0.00257
-0.00218
-0.00257
-0.00257
-0.00257
-0.00276
-0.00198
-0.00218
-0.00257
-0.00257
-0.00257
-0.00218
-0.00237
-0.00218
-0.00257
-0.00237
-0.00198
-0.00198
-0.00237
-0.00218
-0.00179
-0.00198
-0.00198
-0.00257
-0.00257
-0.00237
-0.00198
-0.00198
-0.00237
-0.00237
-0.00237
-0.00179
-0.00198
-0.00198
-0.00257
-0.00237
-0.00218
-0.00237
-0.00237
-0.00296
-0.00237
-0.00257
-0.00257
-0.00276
-0.00276
-0.00257
-0.00276
-0.00276
-0.00335
-0.00257
-0.00276
-0.00296
-0.00257
-0.00257
-0.00257
-0.00257
-0.00257
-0.00296
-0.00237
-0.00257
-0.00198
-0.00237
-0.00237
-0.00218
-0.00237
-0.00237
-0.00257
-0.00237
-0.00276
-0.00257
-0.00237
-0.00296
-0.00198
-0.00257
-0.00218
-0.00237
-0.00237
-0.00237
-0.00198
-0.00237
-0.00218
-0.00237
-0.00237
-0.00237
-0.00218
-0.00237
-0.00237
-0.00276
-0.00198
-0.00257
-0.00237
-0.00276
-0.00218
-0.00257
-0.00218
-0.00276
-0.00218
-0.00237
-0.00276
-0.00257
-0.00237
-0.00237
-0.00218
-0.00237
-0.00257
-0.00257
-0.00276
-0.00257
-0.00237
-0.00218
-0.00276
-0.00218
-0.00237
-0.00237
-0.00257
-0.00257
-0.00218
-0.00237
-0.00257
-0.00237
-0.00198
-0.00218
-0.00198
-0.00237
-0.00179
-0.00198
-0.00237
-0.00218
-0.00257
-0.00257
-0.00218
-0.00257
-0.00257
-0.00276
-0.00257
-0.00218
-0.00257
-0.00257
-0.00296
-0.00276
-0.00276
-0.00276
-0.00276
-0.00257
-0.00276
-0.00276
-0.00315
-0.00315
-0.00335
-0.00296
-0.00296
-0.00296
-0.00257
-0.00296
-0.00296
-0.00315
-0.00257
-0.00315
-0.00296
-0.00335
-0.00276
-0.00315
-0.00276
-0.00335
-0.00296
-0.00315
-0.00257
-0.00276
-0.00218
-0.00257
-0.00276
-0.00237
-0.00237
-0.00198
-0.00237
-0.00237
-0.00218
-0.00198
-0.00237
-0.00257
-0.00276
-0.00237
-0.00198
-0.00237
-0.00198
-0.00257
-0.00218
-0.00179
-0.00198
-0.00159
-0.00198
-0.00257
-0.00237
-0.00257
-0.00237
-0.00237
-0.00198
-0.00218
-0.00218
-0.00218
-0.00179
-0.00218
-0.00218
-0.00237
-0.00276
-0.00218
-0.00237
-0.00218
-0.00257
-0.00276
-0.00276
-0.00296
-0.00257
-0.00296
-0.00218
-0.00276
-0.00257
-0.00237
-0.00237
-0.00237
-0.00276
-0.00237
-0.00276
-0.00237
-0.00257
-0.00276
-0.00276
-0.00335
-0.00257
-0.00276
-0.00276
-0.00296
-0.00257
-0.00257
-0.00257
-0.00276
-0.00296
-0.00296
-0.00296
-0.00257
-0.00276
-0.00257
-0.00257
-0.00296
-0.00257
-0.00296
-0.00296
-0.00315
-0.00276
-0.00276
-0.00257
-0.00257
-0.00218
-0.00257
-0.00257
-0.00276
-0.00296
-0.00237
-0.00237
-0.00276
-0.00296
-0.00257
-0.00257
-0.00296
-0.00296
-0.00276
-0.00335
-0.00374
-0.00354
-0.00315
-0.00276
-0.00296
-0.00296
-0.00296
-0.00257
-0.00276
-0.00257
-0.00237
-0.00276
-0.00257
-0.00276
-0.00276
-0.00237
-0.00257
-0.00276
-0.00237
-0.00257
-0.00257
-0.00237
-0.00257
-0.00218
-0.00257
-0.00218
-0.00218
-0.00179
-0.00198
-0.00179
-0.00198
-0.00198
-0.00237
-0.00179
-0.00237
-0.00198
-0.00276
-0.00257
-0.00315
-0.00237
-0.00276
-0.00315
-0.00296
-0.00237
-0.00237
-0.00257
-0.00315
-0.00296
-0.00315
-0.00335
-0.00296
-0.00374
-0.00374
-0.00276
-0.00315
-0.00315
-0.00354
-0.00296
-0.00237
-0.00257
-0.00257
-0.00218
-0.00296
-0.00257
-0.00276
-0.00237
-0.00218
-0.00218
-0.00218
-0.00218
-0.00198
-0.00198
-0.00218
-0.00198
-0.00198
-0.00218
-0.00179
-0.00139
-0.00218
-0.00198
-0.00159
-0.00159
-0.00139
-0.00139
-0.00218
-0.00179
-0.00179
-0.00179
-0.00218
-0.00237
-0.00179
-0.00179
-0.00159
-0.00159
-0.00218
-0.00257
-0.00296
-0.00276
-0.00257
-0.00276
-0.00276
-0.00257
-0.00257
-0.00276
-0.00296
-0.00257
-0.00257
-0.00257
-0.00257
-0.00257
-0.00237
-0.00276
-0.00296
-0.00257
-0.00276
-0.00296
-0.00218
-0.00198
-0.00218
-0.00257
-0.00296
-0.00335
-0.00257
-0.00237
-0.00257
-0.00296
-0.00276
-0.00257
-0.00276
-0.00257
-0.00276
-0.00237
-0.00237
-0.00257
-0.00218
-0.00237
-0.00276
-0.00257
-0.00237
-0.00198
-0.00198
-0.00179
-0.00179
-0.00218
-0.00237
-0.00218
-0.00276
-0.00257
-0.00257
-0.00179
-0.00198
-0.00198
-0.00296
-0.00296
-0.00296
-0.00237
-0.00296
-0.00218
-0.00218
-0.00237
-0.00237
-0.00257
-0.00237
-0.00237
-0.00257
-0.00237
-0.00198
-0.00237
-0.00218
-0.00257
-0.00198
-0.00237
-0.00218
-0.00159
-0.00257
-0.00218
-0.00237
-0.00198
-0.00198
-0.00198
-0.00237
-0.00198
-0.00179
-0.00237
-0.00198
-0.00257
-0.00218
-0.00237
-0.00237
-0.00139
-0.00179
-0.00198
-0.00179
-0.00179
-0.00257
-0.00218
-0.00218
-0.00179
-0.00198
-0.00179
-0.00218
-0.00276
-0.00296
-0.00257
-0.00276
-0.00218
-0.00296
-0.00257
-0.00276
-0.00276
-0.00257
-0.00276
-0.00276
-0.00296
-0.00296
-0.00237
-0.00276
-0.00276
-0.00315
-0.00237
-0.00218
-0.00257
-0.00218
-0.00296
-0.00257
-0.00257
-0.00257
-0.00257
-0.00237
-0.00276
-0.00198
-0.00237
-0.00218
-0.00237
-0.00237
-0.00237
-0.00237
-0.00237
-0.00276
-0.00237
-0.00257
-0.00198
-0.00159
-0.00198
-0.00218
-0.00237
-0.00237
-0.00237
-0.00218
-0.00198
-0.00218
-0.00237
-0.00237
-0.00237
-0.00257
-0.00198
-0.00257
-0.00257
-0.00237
-0.00276
-0.00296
-0.00257
-0.00257
-0.00276
-0.00296
-0.00237
-0.00257
-0.00257
-0.00276
-0.00257
-0.00296
-0.00237
-0.00335
-0.00296
-0.00315
-0.00257
-0.00296
-0.00315
-0.00257
-0.00257
-0.00276
-0.00296
-0.00296
-0.00296
-0.00276
-0.00296
-0.00296
-0.00257
-0.00237
-0.00218
-0.00257
-0.00237
-0.00296
-0.00218
-0.00237
-0.00218
-0.00257
-0.00257
-0.00237
-0.00237
-0.00257
-0.00198
-0.00179
-0.00218
-0.00198
-0.00159
-0.00218
-0.00257
-0.00257
-0.00257
-0.00276
-0.00237
-0.00237
-0.00257
-0.00237
-0.00218
-0.00237
-0.00198
-0.00237
-0.00237
-0.00276
-0.00237
-0.00218
-0.00218
-0.00237
-0.00237
-0.00198
-0.00179
-0.00218
-0.00198
-0.00218
-0.00139
-0.00198
-0.00218
-0.00198
