-1.558000448000E+00

-0.00335
-0.00276
-0.00257
-0.00296
-0.00276
-0.00257
-0.00257
-0.00374
-0.00315
-0.00296
-0.00237
-0.00257
-0.00296
-0.00315
-0.00257
-0.00296
-0.00237
-0.00276
-0.00237
-0.00237
-0.00257
-0.00218
-0.00257
-0.00218
-0.00276
-0.00296
-0.00257
-0.00179
-0.00237
-0.00237
-0.00218
-0.00257
-0.00218
-0.00257
-0.00237
-0.00237
-0.00257
-0.00237
-0.00218
-0.00257
-0.00257
-0.00276
-0.00237
-0.00237
-0.00257
-0.00237
-0.00276
-0.00276
-0.00257
-0.00276
-0.00296
-0.00218
-0.00218
-0.00198
-0.00179
-0.00276
-0.00257
-0.00276
-0.00218
-0.00237
-0.00237
-0.00218
-0.00237
-0.00237
-0.00237
-0.00257
-0.00198
-0.00198
-0.00198
-0.00257
-0.00257
-0.00257
-0.00276
-0.00257
-0.00276
-0.00276
-0.00237
-0.00237
-0.00257
-0.00237
-0.00198
-0.00237
-0.00237
-0.00257
-0.00237
-0.00218
-0.00198
-0.00218
-0.00198
-0.00218
-0.00218
-0.00218
-0.00179
-0.00218
-0.00198
-0.00218
-0.00179
-0.00218
-0.00237
-0.00218
-0.00218
-0.00198
-0.00218
-0.00237
-0.00276
-0.00257
-0.00257
-0.00198
-0.00257
-0.00276
-0.00237
-0.00276
-0.00296
-0.00276
-0.00237
-0.00257
-0.00257
-0.00237
-0.00257
-0.00257
-0.00276
-0.00257
-0.00237
-0.00257
-0.00218
-0.00237
-0.00198
-0.00179
-0.00257
-0.00257
-0.00257
-0.00257
-0.00237
-0.00257
-0.00218
-0.00257
-0.00257
-0.00276
-0.00237
-0.00276
-0.00296
-0.00315
-0.00257
-0.00296
-0.00315
-0.00315
-0.00296
-0.00315
-0.00335
-0.00315
-0.00354
-0.00354
-0.00335
-0.00354
-0.00393
-0.00432
-0.00393
-0.00315
-0.00315
-0.00315
-0.00354
-0.00335
-0.00335
-0.00335
-0.00335
-0.00276
-0.00335
-0.00315
-0.00315
-0.00335
-0.00315
-0.00315
-0.00354
-0.00315
-0.00335
-0.00296
-0.00315
-0.00315
-0.00296
-0.00315
-0.00257
-0.00296
-0.00276
-0.00296
-0.00276
-0.00276
-0.00276
-0.00296
-0.00276
-0.00315
-0.00335
-0.00315
-0.00315
-0.00315
-0.00315
-0.00335
-0.00335
-0.00335
-0.00374
-0.00354
-0.00393
-0.00413
-0.00393
-0.00393
-0.00432
-0.00413
-0.00413
-0.00374
-0.00374
-0.00354
-0.00374
-0.00335
-0.00374
-0.00315
-0.00335
-0.00335
-0.00335
-0.00335
-0.00335
-0.00315
-0.00237
-0.0012
-0.00042
0.00114
0.00251
0.00368
0.00564
0.00779
0.00974
0.01189
0.01364
0.01579
0.01775
0.0195
0.02107
0.02224
0.02321
0.02497
0.02595
0.02712
0.0281
0.02927
0.02986
0.03142
0.03239
0.03415
0.03591
0.03747
0.03825
0.03982
0.04118
0.04236
0.04333
0.04431
0.04509
0.04568
0.04646
0.04646
0.04704
0.04724
0.04782
0.04841
0.04821
0.04782
0.04841
0.0488
0.049
0.049
0.04821
0.04802
0.04763
0.04782
0.04763
0.04704
0.04685
0.04646
0.04607
0.04548
0.04568
0.04489
0.0445
0.04431
0.04392
0.04392
0.04314
0.04294
0.04196
0.04157
0.04118
0.04079
0.0404
0.03982
0.03943
0.03904
0.03884
0.03747
0.03728
0.03669
0.03669
0.03611
0.03532
0.03493
0.03415
0.03396
0.03279
0.03239
0.03161
0.03142
0.03122
0.03083
0.03044
0.03005
0.02946
0.02907
0.02907
0.02868
0.0279
0.02771
0.02751
0.02732
0.02693
0.02693
0.02673
0.02634
0.02536
0.02497
0.02536
0.02419
0.0238
0.02419
0.0238
0.02419
0.02321
0.02321
0.02282
0.02263
0.02263
0.02224
0.02204
0.02107
0.02087
0.02087
0.02126
0.02029
0.01989
0.0197
0.0195
0.01872
0.01892
0.01892
0.01794
0.01775
0.01716
0.01716
0.01618
0.01638
0.01579
0.0156
0.01579
0.01521
0.01521
0.01501
0.01482
0.01404
0.01384
0.01423
0.01423
0.01364
0.01345
0.01325
0.01325
0.01286
0.01325
0.01325
0.01306
0.01267
0.01228
0.01228
0.01228
0.01228
0.0115
0.01189
0.01169
0.0113
0.01111
0.01111
0.01071
0.01111
0.01071
0.0113
0.01071
0.01071
0.00993
0.00993
0.00993
0.00993
0.00974
0.00954
0.00954
0.00993
0.00954
0.00896
0.00935
0.00896
0.00857
0.00837
0.00779
0.00779
0.00779
0.00779
0.00779
0.00759
0.00739
0.00779
0.00739
0.0072
0.00759
0.007
0.00681
0.007
0.00681
0.00681
0.00681
0.00642
0.00642
0.00661
0.00642
0.00661
0.00603
0.00603
0.00622
0.00622
0.00583
0.00564
0.00603
0.00583
0.00564
0.00583
0.00544
0.00564
0.00564
0.00525
0.00505
0.00525
0.00466
0.00544
0.00505
0.00486
0.00446
0.00446
0.00466
0.00446
0.00388
0.00427
0.00446
0.00349
0.00349
0.00368
0.00349
0.00388
0.00329
0.00368
0.00329
0.00349
0.0031
0.0031
0.00251
0.00271
0.00251
0.00271
0.00251
0.00251
0.00251
0.00251
0.00271
0.00232
0.00251
0.00193
0.00212
0.00212
0.00232
0.00173
0.00271
0.00232
0.00173
0.00212
0.00232
0.00173
0.00173
0.00173
0.00193
0.00193
0.00212
0.00154
0.00134
0.00154
0.00134
0.00134
0.00154
0.00095
0.00114
0.00134
0.00154
0.00134
0.00095
0.00095
0.00095
0.00075
0.00036
0.00056
0.00017
-0.00022
-3e-05
-3e-05
0.00017
-0.00022
0.00017
0.00036
-0.00022
0.00017
-0.00042
-0.00042
-0.00042
-0.00042
-0.00081
-0.00081
-0.00081
-0.00061
-0.00061
-0.00061
-0.0012
-0.00042
-0.0012
-0.00061
-0.0012
-0.0012
-0.00139
-0.001
-0.00139
-0.001
-0.00139
-0.00081
-0.00081
-0.00042
-0.00081
-0.001
-0.001
-0.00081
-0.00081
-0.00081
-0.00061
-0.00061
-0.00081
-0.00061
-0.001
-0.00061
-0.00139
-0.00081
-0.001
-0.00081
-0.00139
-0.0012
-0.00061
-0.00061
-0.00081
-0.00061
-0.001
-0.001
-0.00081
-0.00061
-0.00042
-0.00081
-0.0012
-0.00061
-0.0012
-0.00139
-0.00139
-0.00061
-0.001
-0.0012
-0.00139
-0.00081
-0.0012
-0.0012
-0.0012
-0.00159
-0.00159
-0.00179
-0.00198
-0.00139
-0.00139
-0.0012
-0.00139
-0.00139
-0.00139
-0.00139
-0.00159
-0.0012
-0.0012
-0.00081
-0.00139
-0.00139
-0.0012
-0.00179
-0.0012
-0.0012
-0.00179
-0.00198
-0.00237
-0.00218
-0.00179
-0.00179
-0.00218
-0.00218
-0.00218
-0.00218
-0.00237
-0.00218
-0.00237
-0.00198
-0.00237
-0.00179
-0.00159
-0.00198
-0.00218
-0.00198
-0.00237
-0.00198
-0.00218
-0.00179
-0.00198
-0.00198
-0.00218
-0.00159
-0.00159
-0.00179
-0.00159
-0.00179
-0.00159
-0.00139
-0.00139
-0.00139
-0.00139
-0.00159
-0.0012
-0.001
-0.001
-0.0012
-0.00139
-0.0012
-0.00159
-0.00159
-0.00139
-0.00139
-0.0012
-0.001
-0.00159
-0.00179
-0.00179
-0.00179
-0.00159
-0.00139
-0.00179
-0.00198
-0.00179
-0.00159
-0.00198
-0.00218
-0.00257
-0.00257
-0.00237
-0.00237
-0.00257
-0.00257
-0.00237
-0.00218
-0.00237
-0.00237
-0.00257
-0.00276
-0.00237
-0.00257
-0.00276
-0.00296
-0.00276
-0.00276
-0.00257
-0.00257
-0.00315
-0.00315
-0.00257
-0.00257
-0.00237
-0.00237
-0.00296
-0.00276
-0.00276
-0.00296
-0.00296
-0.00296
-0.00296
-0.00335
-0.00276
-0.00276
-0.00335
-0.00354
-0.00315
-0.00276
-0.00296
-0.00335
-0.00296
-0.00315
-0.00315
-0.00315
-0.00374
-0.00335
-0.00335
-0.00335
-0.00315
-0.00257
-0.00276
-0.00276
-0.00296
-0.00257
-0.00257
-0.00257
-0.00276
-0.00237
-0.00237
-0.00276
-0.00257
-0.00257
-0.00257
-0.00257
-0.00276
-0.00237
-0.00257
-0.00198
-0.00237
-0.00237
-0.00237
-0.00218
-0.00218
-0.00198
-0.00237
-0.00198
-0.00198
-0.00237
-0.00237
-0.00179
-0.00198
-0.00218
-0.00237
-0.00237
-0.00237
-0.00237
-0.00257
-0.00218
-0.00218
-0.00276
-0.00276
-0.00237
-0.00257
-0.00276
-0.00257
-0.00257
-0.00276
-0.00276
-0.00296
-0.00315
-0.00315
-0.00257
-0.00335
-0.00296
-0.00257
-0.00257
-0.00296
-0.00276
-0.00276
-0.00257
-0.00218
-0.00276
-0.00296
-0.00257
-0.00296
-0.00296
-0.00237
-0.00296
-0.00276
-0.00257
-0.00257
-0.00218
-0.00257
-0.00276
-0.00257
-0.00237
-0.00218
-0.00237
-0.00218
-0.00198
-0.00179
-0.00179
-0.00179
-0.00198
-0.00159
-0.00198
-0.00139
-0.00159
-0.00198
-0.00218
-0.00218
-0.00237
-0.00218
-0.00218
-0.00198
-0.00218
-0.00198
-0.00218
-0.00179
-0.00218
-0.00218
-0.00218
-0.00179
-0.00218
-0.00198
-0.00218
-0.00237
-0.00237
-0.00257
-0.00257
-0.00296
-0.00276
-0.00257
-0.00257
-0.00257
-0.00237
-0.00218
-0.00237
-0.00237
-0.00276
-0.00257
-0.00276
-0.00276
-0.00257
-0.00296
-0.00257
-0.00276
-0.00276
-0.00315
-0.00296
-0.00296
-0.00315
-0.00237
-0.00276
-0.00276
-0.00296
-0.00315
-0.00315
-0.00296
-0.00296
-0.00296
-0.00315
-0.00276
-0.00257
-0.00276
-0.00257
-0.00257
-0.00218
-0.00237
-0.00218
-0.00218
-0.00237
-0.00257
-0.00257
-0.00276
-0.00276
-0.00315
-0.00276
-0.00296
-0.00296
-0.00354
-0.00335
-0.00315
-0.00315
-0.00296
-0.00315
-0.00296
-0.00354
-0.00335
-0.00335
-0.00296
-0.00315
-0.00276
-0.00257
-0.00237
-0.00257
-0.00315
-0.00315
-0.00296
-0.00296
-0.00257
-0.00276
-0.00257
-0.00296
-0.00276
-0.00276
-0.00276
-0.00315
-0.00315
-0.00315
-0.00276
-0.00296
-0.00315
-0.00276
-0.00296
-0.00315
-0.00296
-0.00276
-0.00296
-0.00315
-0.00315
-0.00276
-0.00276
-0.00315
-0.00296
-0.00276
-0.00315
-0.00335
-0.00315
-0.00315
-0.00276
-0.00315
-0.00335
-0.00335
-0.00315
-0.00335
-0.00296
-0.00335
-0.00315
-0.00296
-0.00296
-0.00257
-0.00315
-0.00276
-0.00315
-0.00296
-0.00257
-0.00198
-0.00218
-0.00179
-0.00179
-0.00198
-0.00198
-0.00198
-0.00139
-0.00179
-0.00159
-0.00179
-0.00179
-0.00159
-0.00218
-0.00218
-0.00179
-0.00198
-0.00218
-0.00198
-0.00218
-0.00198
-0.00218
-0.00218
-0.00218
-0.00218
-0.00237
-0.00237
-0.00198
-0.00237
-0.00198
-0.00257
-0.00237
-0.00198
-0.00218
-0.00198
-0.00257
-0.00257
-0.00257
-0.00257
-0.00276
-0.00276
-0.00296
-0.00257
-0.00315
-0.00296
-0.00296
-0.00276
-0.00276
-0.00315
-0.00276
-0.00276
-0.00315
-0.00296
-0.00335
-0.00276
-0.00315
-0.00257
-0.00257
-0.00276
-0.00237
-0.00237
-0.00257
-0.00218
-0.00257
-0.00257
-0.00276
-0.00276
-0.00237
-0.00237
-0.00276
-0.00257
-0.00237
-0.00237
-0.00257
-0.00257
-0.00296
-0.00257
-0.00257
-0.00218
-0.00237
-0.00237
-0.00237
-0.00218
-0.00257
-0.00237
-0.00276
-0.00257
-0.00198
-0.00237
-0.00237
-0.00218
-0.00237
-0.00237
-0.00237
-0.00276
-0.00257
-0.00237
-0.00237
-0.00257
-0.00296
-0.00257
-0.00335
-0.00315
-0.00335
-0.00257
-0.00335
-0.00296
-0.00315
-0.00276
-0.00315
-0.00315
-0.00315
-0.00276
-0.00296
-0.00315
-0.00296
-0.00276
-0.00276
-0.00276
-0.00335
-0.00315
-0.00315
-0.00296
-0.00335
-0.00315
-0.00354
-0.00354
-0.00354
-0.00335
-0.00374
-0.00374
-0.00335
-0.00335
-0.00315
-0.00335
-0.00335
-0.00354
-0.00335
-0.00315
-0.00354
-0.00354
-0.00374
-0.00354
-0.00354
-0.00315
-0.00315
-0.00335
-0.00393
-0.00374
-0.00413
-0.00354
-0.00354
-0.00354
-0.00374
-0.00354
-0.00374
-0.00335
-0.00354
-0.00354
-0.00335
-0.00315
-0.00315
-0.00315
-0.00335
-0.00296
-0.00335
-0.00296
-0.00315
-0.00276
-0.00315
-0.00296
-0.00354
-0.00276
-0.00296
-0.00276
-0.00296
-0.00296
-0.00296
-0.00335
-0.00296
-0.00315
-0.00257
-0.00237
-0.00237
-0.00257
-0.00276
-0.00237
-0.00257
-0.00257
-0.00296
-0.00296
-0.00296
-0.00257
-0.00296
-0.00296
-0.00315
-0.00335
-0.00296
-0.00335
-0.00315
-0.00315
-0.00354
-0.00315
-0.00354
-0.00315
-0.00315
-0.00335
-0.00296
-0.00276
-0.00296
-0.00276
-0.00296
-0.00315
-0.00315
-0.00315
-0.00276
-0.00296
-0.00257
-0.00315
-0.00315
-0.00257
-0.00296
-0.00257
-0.00257
-0.00296
-0.00237
-0.00276
-0.00218
-0.00257
-0.00257
-0.00257
-0.00198
-0.00257
-0.00257
-0.00237
-0.00179
-0.00257
-0.00218
-0.00237
-0.00257
-0.00237
-0.00218
-0.00198
-0.00218
-0.00276
-0.00257
-0.00237
-0.00218
-0.00237
-0.00237
-0.00257
-0.00218
-0.00179
