-1.367000393600E+00

-0.00276
-0.00276
-0.00237
-0.00218
-0.00257
-0.00218
-0.00237
-0.00237
-0.00276
-0.00257
-0.00257
-0.00218
-0.00237
-0.00218
-0.00276
-0.00257
-0.00276
-0.00257
-0.00296
-0.00296
-0.00296
-0.00237
-0.00237
-0.00276
-0.00276
-0.00257
-0.00276
-0.00296
-0.00276
-0.00296
-0.00315
-0.00335
-0.00315
-0.00276
-0.00374
-0.00335
-0.00374
-0.00374
-0.00374
-0.00354
-0.00354
-0.00374
-0.00354
-0.00393
-0.00354
-0.00413
-0.00413
-0.00374
-0.00413
-0.00432
-0.00393
-0.00432
-0.00413
-0.00374
-0.00393
-0.00374
-0.00432
-0.00393
-0.00374
-0.00432
-0.00393
-0.00393
-0.00374
-0.00374
-0.00432
-0.00413
-0.00374
-0.00393
-0.00374
-0.00374
-0.00335
-0.00315
-0.00354
-0.00315
-0.00296
-0.00335
-0.00315
-0.00354
-0.00335
-0.00296
-0.00276
-0.00276
-0.00257
-0.00296
-0.00296
-0.00296
-0.00296
-0.00315
-0.00276
-0.00276
-0.00257
-0.00276
-0.00257
-0.00296
-0.00257
-0.00257
-0.00237
-0.00237
-0.00257
-0.00257
-0.00218
-0.00218
-0.00237
-0.00237
-0.00257
-0.00257
-0.00257
-0.00218
-0.00218
-0.00218
-0.00296
-0.00296
-0.00315
-0.00276
-0.00257
-0.00276
-0.00296
-0.00218
-0.00276
-0.00257
-0.00257
-0.00276
-0.00257
-0.00218
-0.00296
-0.00296
-0.00276
-0.00276
-0.00276
-0.00257
-0.00257
-0.00296
-0.00315
-0.00296
-0.00276
-0.00276
-0.00335
-0.00276
-0.00296
-0.00257
-0.00257
-0.00276
-0.00237
-0.00276
-0.00276
-0.00257
-0.00257
-0.00296
-0.00257
-0.00218
-0.00198
-0.00198
-0.00159
-0.00198
-0.00198
-0.00198
-0.00198
-0.00218
-0.00237
-0.00179
-0.00218
-0.00179
-0.00237
-0.00198
-0.00198
-0.00179
-0.00237
-0.00218
-0.00218
-0.00237
-0.00218
-0.00218
-0.00179
-0.00218
-0.00237
-0.00218
-0.00218
-0.00276
-0.00257
-0.00257
-0.00257
-0.00237
-0.00257
-0.00237
-0.00296
-0.00237
-0.00276
-0.00257
-0.00315
-0.00276
-0.00296
-0.00276
-0.00296
-0.00237
-0.00335
-0.00315
-0.00296
-0.00296
-0.00296
-0.00276
-0.00296
-0.00315
-0.00276
-0.00276
-0.00276
-0.00315
-0.00315
-0.00296
-0.00335
-0.00335
-0.00354
-0.00393
-0.00393
-0.00374
-0.00413
-0.00374
-0.00413
-0.00374
-0.00354
-0.00374
-0.00374
-0.00374
-0.00335
-0.00315
-0.00315
-0.00315
-0.00335
-0.00393
-0.00374
-0.00354
-0.00354
-0.00354
-0.00354
-0.00354
-0.00354
-0.00413
-0.00413
-0.00374
-0.00374
-0.00393
-0.00354
-0.00296
-0.00179
-0.00081
0.00134
0.00407
0.00759
0.01091
0.01364
0.01755
0.02009
0.02361
0.02673
0.02986
0.03239
0.03552
0.03864
0.04196
0.04411
0.04724
0.04861
0.05134
0.05427
0.05642
0.05896
0.0615
0.06443
0.06736
0.0697
0.07224
0.074
0.07614
0.0779
0.07966
0.08122
0.08298
0.08376
0.08396
0.08552
0.0863
0.0865
0.08728
0.08767
0.08767
0.08786
0.08767
0.08728
0.08689
0.08708
0.08669
0.0865
0.08571
0.08493
0.08474
0.08435
0.08376
0.08357
0.08279
0.08259
0.082
0.08239
0.0822
0.08181
0.08122
0.08103
0.08083
0.08064
0.07966
0.07986
0.07986
0.07907
0.0781
0.0781
0.07732
0.07673
0.07673
0.07595
0.07478
0.07439
0.07341
0.07263
0.07204
0.07146
0.07029
0.0695
0.0695
0.06794
0.06716
0.06657
0.0656
0.06501
0.06404
0.06325
0.06208
0.06111
0.06032
0.05993
0.05876
0.05818
0.05759
0.057
0.05583
0.05525
0.05427
0.05368
0.0529
0.05212
0.05154
0.05114
0.05017
0.04939
0.0488
0.04821
0.04763
0.04704
0.04685
0.04607
0.04587
0.0447
0.0445
0.04411
0.04333
0.04294
0.04216
0.04255
0.04138
0.0404
0.03982
0.03943
0.03884
0.03825
0.03767
0.03708
0.0363
0.03591
0.03513
0.03474
0.03396
0.03357
0.03259
0.03239
0.03142
0.03122
0.03005
0.02946
0.02888
0.02829
0.02771
0.02732
0.02654
0.02575
0.02556
0.02478
0.02517
0.024
0.0238
0.02282
0.02302
0.02204
0.02263
0.02204
0.02204
0.02165
0.02107
0.02107
0.02048
0.02048
0.01989
0.01989
0.01931
0.01911
0.01931
0.01931
0.01872
0.01833
0.01833
0.01814
0.01814
0.01775
0.01775
0.01755
0.01716
0.01755
0.01696
0.01696
0.01657
0.01657
0.01696
0.01657
0.01638
0.01657
0.01618
0.01638
0.01657
0.01677
0.01677
0.01677
0.01677
0.01657
0.01716
0.01618
0.01657
0.01618
0.01618
0.01618
0.01599
0.01618
0.01599
0.0156
0.0156
0.01599
0.0156
0.01501
0.0154
0.01521
0.0154
0.0154
0.01501
0.01521
0.0154
0.01462
0.01443
0.01423
0.01462
0.01443
0.01423
0.01423
0.01345
0.01384
0.01345
0.01306
0.01286
0.01306
0.01306
0.01247
0.01208
0.01189
0.01189
0.01169
0.0113
0.0113
0.01169
0.01111
0.01071
0.01071
0.01013
0.01032
0.01013
0.00974
0.01013
0.00954
0.00935
0.00915
0.00935
0.00857
0.00896
0.00876
0.00857
0.00818
0.00818
0.00837
0.00779
0.00818
0.00818
0.00739
0.00739
0.00661
0.00642
0.00642
0.00622
0.00622
0.00642
0.00603
0.00525
0.00525
0.00505
0.00544
0.00525
0.00446
0.00427
0.00427
0.00407
0.00407
0.00349
0.0031
0.00329
0.00251
0.00329
0.0031
0.0031
0.00271
0.00251
0.00212
0.00251
0.00251
0.00251
0.00251
0.00251
0.00251
0.00193
0.00154
0.00154
0.00134
0.00114
0.00075
0.00114
0.00075
0.00075
0.00075
0.00075
0.00036
0.00056
0.00056
0.00056
0.00036
0.00056
0.00017
0.00036
0.00036
0.00036
0.00017
0.00036
-0.00022
-3e-05
-0.00042
-0.00022
-0.00042
-3e-05
-0.00061
-0.00022
-0.001
-0.00081
-0.00061
-0.00081
-0.00081
-0.00042
-0.00081
-0.00042
-0.0012
-0.00081
-0.00081
-0.00061
-0.00061
-0.00081
-0.00042
-0.00081
-0.00022
-3e-05
-0.00022
-0.00022
-0.00042
0.00017
0.00017
0.00036
0.00017
0.00036
0.00056
-3e-05
-3e-05
-3e-05
-3e-05
0.00017
0.00017
0.00017
0.00036
0.00017
-0.00022
0.00036
-3e-05
-3e-05
-3e-05
-0.00022
-0.00022
-0.00022
0.00017
0.00036
-0.00022
0.00036
0.00056
0.00075
0.00095
0.00075
0.00036
0.00036
0.00056
0.00075
0.00036
0.00075
0.00056
0.00036
-3e-05
0.00036
0.00075
0.00056
0.00056
0.00036
0.00075
0.00056
0.00056
0.00017
-3e-05
0.00036
-0.00022
-3e-05
-0.00022
-0.00061
-0.00022
-0.00042
-0.00061
0.00056
0.00017
-3e-05
-3e-05
0.00036
-0.00022
-3e-05
-3e-05
-3e-05
0.00017
0.00017
-0.00022
-0.00022
-3e-05
-0.00022
-0.00022
-0.00042
-0.00022
-0.00061
-0.00061
-0.00061
-3e-05
-0.00042
-0.00042
-0.00042
-0.00081
-0.001
-0.001
-0.00081
-0.001
-0.0012
-0.00139
-0.0012
-0.0012
-0.001
-0.00139
-0.0012
-0.00042
-0.001
-0.00139
-0.0012
-0.00139
-0.00159
-0.0012
-0.0012
-0.00159
-0.00139
-0.00159
-0.00159
-0.00139
-0.00159
-0.0012
-0.00159
-0.00179
-0.00179
-0.00159
-0.0012
-0.00159
-0.00159
-0.0012
-0.00159
-0.00159
-0.00159
-0.0012
-0.00179
-0.00179
-0.00218
-0.00159
-0.00218
-0.00179
-0.00179
-0.00218
-0.00179
-0.00237
-0.00218
-0.00179
-0.00218
-0.00237
-0.00237
-0.00218
-0.00237
-0.00296
-0.00335
-0.00335
-0.00296
-0.00296
-0.00296
-0.00276
-0.00354
-0.00354
-0.00335
-0.00335
-0.00354
-0.00374
-0.00393
-0.00374
-0.00374
-0.00354
-0.00354
-0.00335
-0.00354
-0.00354
-0.00315
-0.00374
-0.00315
-0.00315
-0.00315
-0.00335
-0.00335
-0.00335
-0.00335
-0.00374
-0.00354
-0.00335
-0.00335
-0.00335
-0.00354
-0.00374
-0.00354
-0.00413
-0.00354
-0.00354
-0.00335
-0.00335
-0.00296
-0.00296
-0.00296
-0.00354
-0.00335
-0.00315
-0.00315
-0.00315
-0.00296
-0.00315
-0.00315
-0.00335
-0.00276
-0.00276
-0.00296
-0.00296
-0.00315
-0.00296
-0.00276
-0.00257
-0.00237
-0.00179
-0.00218
-0.00237
-0.00237
-0.00296
-0.00276
-0.00276
-0.00218
-0.00179
-0.00237
-0.00218
-0.00179
-0.00198
-0.00159
-0.00198
-0.00218
-0.00218
-0.00218
-0.00218
-0.00198
-0.00218
-0.00218
-0.00198
-0.00198
-0.00159
-0.00179
-0.00179
-0.00198
-0.00179
-0.00237
-0.00179
-0.00179
-0.00198
-0.00179
-0.00179
-0.00179
-0.00139
-0.00159
-0.00198
-0.00159
-0.00218
-0.00139
-0.00159
-0.00198
-0.00218
-0.00179
-0.00179
-0.00198
-0.00198
-0.00159
-0.00198
-0.00218
-0.00257
-0.00218
-0.00198
-0.00198
-0.00198
-0.00198
-0.00237
-0.00198
-0.00198
-0.00237
-0.00218
-0.00276
-0.00237
-0.00237
-0.00237
-0.00237
-0.00237
-0.00218
-0.00276
-0.00257
-0.00257
-0.00257
-0.00257
-0.00276
-0.00296
-0.00276
-0.00296
-0.00276
-0.00257
-0.00276
-0.00257
-0.00257
-0.00257
-0.00237
-0.00257
-0.00257
-0.00296
-0.00315
-0.00296
-0.00296
-0.00276
-0.00296
-0.00315
-0.00296
-0.00315
-0.00315
-0.00335
-0.00315
-0.00315
-0.00315
-0.00335
-0.00315
-0.00315
-0.00296
-0.00335
-0.00315
-0.00354
-0.00354
-0.00335
-0.00335
-0.00354
-0.00315
-0.00374
-0.00335
-0.00374
-0.00374
-0.00354
-0.00315
-0.00315
-0.00393
-0.00335
-0.00335
-0.00335
-0.00374
-0.00335
-0.00335
-0.00354
-0.00315
-0.00315
-0.00374
-0.00374
-0.00393
-0.00354
-0.00335
-0.00315
-0.00315
-0.00393
-0.00393
-0.00354
-0.00374
-0.00393
-0.00354
-0.00354
-0.00335
-0.00315
-0.00315
-0.00354
-0.00335
-0.00335
-0.00315
-0.00315
-0.00335
-0.00374
-0.00315
-0.00335
-0.00335
-0.00296
-0.00296
-0.00315
-0.00335
-0.00354
-0.00315
-0.00315
-0.00315
-0.00315
-0.00335
-0.00374
-0.00374
-0.00374
-0.00335
-0.00354
-0.00315
-0.00315
-0.00335
-0.00276
-0.00354
-0.00315
-0.00335
-0.00335
-0.00354
-0.00335
-0.00335
-0.00315
-0.00374
-0.00354
-0.00335
-0.00335
-0.00315
-0.00335
-0.00335
-0.00296
-0.00354
-0.00257
-0.00276
-0.00335
-0.00315
-0.00296
-0.00315
-0.00296
-0.00315
-0.00315
-0.00296
-0.00276
-0.00276
-0.00296
-0.00276
-0.00296
-0.00296
-0.00335
-0.00276
-0.00296
-0.00315
-0.00237
-0.00276
-0.00296
-0.00276
-0.00315
-0.00296
-0.00237
-0.00276
-0.00296
-0.00257
-0.00237
-0.00198
-0.00218
-0.00218
-0.00237
-0.00237
-0.00237
-0.00237
-0.00237
-0.00179
-0.00218
-0.00198
-0.00218
-0.00237
-0.00198
-0.00237
-0.00257
-0.00237
-0.00218
-0.00237
-0.00237
-0.00237
-0.00237
-0.00198
-0.00237
-0.00179
-0.00198
-0.00139
-0.00218
-0.00237
-0.00237
-0.00257
-0.00237
-0.00237
-0.00218
-0.00218
-0.00257
-0.00276
-0.00276
-0.00257
-0.00257
-0.00276
-0.00296
-0.00315
-0.00315
-0.00315
-0.00354
-0.00374
-0.00354
-0.00296
-0.00276
-0.00354
-0.00393
-0.00374
-0.00354
-0.00393
-0.00374
-0.00354
-0.00296
-0.00315
-0.00335
-0.00354
-0.00315
-0.00354
-0.00354
-0.00354
-0.00335
-0.00315
-0.00335
-0.00374
-0.00315
-0.00335
-0.00315
-0.00374
-0.00354
-0.00276
-0.00296
-0.00296
-0.00374
-0.00354
-0.00354
-0.00296
-0.00296
-0.00335
-0.00315
-0.00374
-0.00413
-0.00393
-0.00413
-0.00393
-0.00432
-0.00413
-0.00432
-0.00432
-0.00374
-0.00393
-0.00432
-0.00393
-0.00315
-0.00335
-0.00354
-0.00374
-0.00354
-0.00335
-0.00354
-0.00335
-0.00296
-0.00315
-0.00315
-0.00315
-0.00354
-0.00315
-0.00335
-0.00335
-0.00315
-0.00296
-0.00276
-0.00335
-0.00296
-0.00296
-0.00276
-0.00296
-0.00276
-0.00276
-0.00257
-0.00276
-0.00257
-0.00296
-0.00296
-0.00296
-0.00257
-0.00276
-0.00296
-0.00276
-0.00296
-0.00335
-0.00296
-0.00296
-0.00276
-0.00296
-0.00257
-0.00315
-0.00296
-0.00315
-0.00296
-0.00257
-0.00276
-0.00218
-0.00257
-0.00237
-0.00218
-0.00198
-0.00237
-0.00159
-0.00159
-0.00159
-0.00159
-0.00198
-0.00179
-0.00139
-0.001
-0.0012
-0.0012
-0.00139
-0.00159
-0.00198
-0.00179
-0.00159
-0.00159
-0.00159
-0.00139
-0.00139
-0.00179
-0.00237
-0.00237
-0.00237
-0.00198
-0.00198
-0.00198
-0.00218
-0.00218
-0.00218
