-1.422000409600E+00

-0.00218
-0.00179
-0.00198
-0.00218
-0.00198
-0.00179
-0.00139
-0.00159
-0.00159
-0.00179
-0.00159
-0.00159
-0.00198
-0.00179
-0.00139
-0.00159
-0.00159
-0.00159
-0.00159
-0.00159
-0.00218
-0.00159
-0.00179
-0.00198
-0.00159
-0.00179
-0.00159
-0.00179
-0.00198
-0.00237
-0.00198
-0.00198
-0.00179
-0.00159
-0.00179
-0.00198
-0.00198
-0.00179
-0.00139
-0.00159
-0.00179
-0.00237
-0.00198
-0.00198
-0.00198
-0.00218
-0.00257
-0.00237
-0.00237
-0.00237
-0.00218
-0.00218
-0.00257
-0.00237
-0.00237
-0.00198
-0.00179
-0.00198
-0.00198
-0.00179
-0.00139
-0.0012
-0.00159
-0.00139
-0.0012
-0.00139
-0.00139
-0.00179
-0.0012
-0.0012
-0.00159
-0.0012
-0.00159
-0.0012
-0.0012
-0.00139
-0.00139
-0.00139
-0.0012
-0.00198
-0.00139
-0.00159
-0.00139
-0.00139
-0.001
-0.00139
-0.00159
-0.00081
-0.00159
-0.00139
-0.00159
-0.00198
-0.00198
-0.00179
-0.00198
-0.00198
-0.00198
-0.00198
-0.00218
-0.00198
-0.00179
-0.00218
-0.00257
-0.00179
-0.00237
-0.00179
-0.00198
-0.00218
-0.00218
-0.00237
-0.00218
-0.00257
-0.00257
-0.00257
-0.00276
-0.00237
-0.00218
-0.00276
-0.00257
-0.00218
-0.00237
-0.00257
-0.00218
-0.00237
-0.00257
-0.00237
-0.00257
-0.00257
-0.00218
-0.00198
-0.00237
-0.00198
-0.00218
-0.00159
-0.00159
-0.00218
-0.00198
-0.00198
-0.00237
-0.00198
-0.00198
-0.00159
-0.00198
-0.00139
-0.00198
-0.00159
-0.00179
-0.001
-0.00179
-0.00179
-0.00198
-0.00198
-0.00218
-0.00198
-0.00198
-0.00237
-0.00237
-0.00218
-0.00198
-0.00198
-0.00237
-0.00159
-0.00237
-0.00218
-0.00257
-0.00237
-0.00198
-0.00218
-0.00179
-0.00257
-0.00198
-0.00218
-0.00198
-0.00179
-0.00218
-0.00218
-0.00237
-0.00198
-0.00218
-0.00179
-0.00139
-0.00198
-0.00198
-0.00159
-0.00198
-0.00218
-0.00179
-0.00218
-0.00218
-0.00218
-0.00159
-0.00198
-0.00198
-0.00139
-0.00198
-0.00198
-0.00179
-0.00198
-0.00159
-0.00179
-0.00159
-0.00218
-0.00159
-0.00179
-0.00198
-0.00218
-0.00218
-0.00257
-0.00257
-0.00257
-0.00218
-0.00198
-0.00218
-0.00257
-0.00198
-0.00179
-0.00159
-0.00179
-0.00139
-0.00061
0.00095
0.00232
0.0029
0.00446
0.00583
0.00759
0.00896
0.01111
0.01286
0.01462
0.01618
0.01833
0.02009
0.02146
0.02302
0.02439
0.02575
0.02732
0.02751
0.02849
0.02927
0.03044
0.03239
0.03454
0.0365
0.03845
0.04118
0.04431
0.04665
0.04958
0.05173
0.05368
0.05583
0.05681
0.05876
0.05993
0.0615
0.06228
0.06364
0.06443
0.06521
0.0656
0.06599
0.06677
0.06736
0.06736
0.06775
0.06755
0.06775
0.06755
0.06755
0.06716
0.06775
0.06736
0.06696
0.06657
0.0656
0.06462
0.06443
0.06404
0.06423
0.06306
0.06247
0.06208
0.0615
0.0613
0.06052
0.05954
0.05935
0.05876
0.05818
0.057
0.05661
0.05564
0.05505
0.05466
0.05388
0.05349
0.05212
0.05173
0.05114
0.05017
0.04958
0.04939
0.0488
0.04821
0.04743
0.04724
0.04646
0.04587
0.04509
0.0447
0.04392
0.04333
0.04294
0.04236
0.04216
0.04157
0.04138
0.0406
0.04021
0.03962
0.03923
0.03864
0.03806
0.03786
0.03767
0.03728
0.03689
0.03611
0.03513
0.03474
0.03474
0.03435
0.03454
0.03318
0.03259
0.03239
0.032
0.03181
0.03161
0.03083
0.03025
0.02966
0.02966
0.02888
0.02849
0.0281
0.02771
0.02693
0.02673
0.02614
0.02614
0.02575
0.02478
0.02478
0.02478
0.02419
0.0238
0.02361
0.02321
0.02302
0.02243
0.02185
0.02165
0.02185
0.02146
0.02107
0.02068
0.02029
0.02048
0.02009
0.01989
0.02009
0.02009
0.02009
0.0195
0.01931
0.01872
0.01872
0.01872
0.01853
0.01833
0.01814
0.01775
0.01755
0.01736
0.01716
0.01716
0.01696
0.01677
0.01657
0.01696
0.01599
0.01638
0.01599
0.01599
0.0156
0.0156
0.01501
0.01482
0.01462
0.01462
0.01423
0.01423
0.01384
0.01384
0.01384
0.01306
0.01325
0.01267
0.01286
0.01267
0.01228
0.01208
0.01228
0.0115
0.01169
0.01111
0.01111
0.0113
0.01091
0.01091
0.01032
0.01032
0.00993
0.00993
0.00915
0.00993
0.00896
0.00876
0.00857
0.00876
0.00857
0.00896
0.00818
0.00837
0.00837
0.00818
0.00837
0.00837
0.00818
0.00798
0.00837
0.00779
0.00779
0.00779
0.00739
0.00779
0.00759
0.00779
0.00759
0.00739
0.0072
0.00681
0.0072
0.007
0.00681
0.00661
0.00642
0.00661
0.00681
0.00681
0.00642
0.00622
0.00603
0.00583
0.00564
0.00583
0.00564
0.00564
0.00486
0.00525
0.00525
0.00544
0.00525
0.00525
0.00505
0.00486
0.00486
0.00446
0.00466
0.00446
0.00446
0.00427
0.00388
0.00349
0.00368
0.00407
0.00388
0.00349
0.00388
0.00349
0.0031
0.00349
0.00349
0.00349
0.00349
0.00349
0.00349
0.0031
0.00329
0.00329
0.0029
0.0029
0.0029
0.00271
0.00271
0.00271
0.00271
0.00271
0.0029
0.00212
0.00232
0.00232
0.00232
0.00173
0.00212
0.00212
0.00193
0.00212
0.00212
0.00212
0.00173
0.00134
0.00154
0.00173
0.00251
0.00212
0.00232
0.00232
0.00173
0.00173
0.00173
0.00173
0.00193
0.00193
0.00212
0.00134
0.00173
0.00251
0.00193
0.00193
0.00232
0.00232
0.00193
0.00173
0.00212
0.00154
0.00193
0.00193
0.00134
0.00114
0.00134
0.00075
0.00095
0.00134
0.00114
0.00075
0.00036
0.00036
0.00056
0.00056
0.00075
0.00056
0.00036
0.00017
0.00036
0.00056
0.00036
0.00017
0.00056
0.00075
0.00075
0.00056
0.00017
0.00075
0.00095
0.00075
0.00114
0.00056
0.00056
0.00036
0.00036
0.00056
0.00036
0.00056
0.00017
-3e-05
0.00036
-0.00042
-3e-05
-0.00022
-3e-05
-0.00042
0.00017
-0.00042
-0.00022
0.00017
-0.00022
-3e-05
-0.00081
-0.00061
-3e-05
-0.00022
-0.00042
-0.00061
-0.00061
-0.00061
-0.00042
-0.001
-0.00042
-0.00042
-0.00061
-0.00081
-0.00061
-0.00081
-0.00061
-0.00022
-0.00042
-0.00061
-0.00042
-0.00081
-0.00022
-3e-05
-0.00042
-0.0012
-0.00081
-0.00042
-0.00061
-0.00042
-0.00061
-0.00022
-0.00061
-0.00061
-0.00081
-0.00081
-0.00081
-0.00042
-0.00081
-0.00081
-0.00081
-0.00081
-0.00061
-0.001
-0.00061
-0.00061
-0.00061
-0.00061
-0.00061
-0.00061
-0.00081
-0.00081
-0.00061
-0.00061
-0.00081
-0.00081
-0.001
-0.001
-0.0012
-0.00081
-0.001
-0.0012
-0.001
-0.001
-0.00081
-0.0012
-0.001
-0.00139
-0.00139
-0.00139
-0.0012
-0.00159
-0.00139
-0.0012
-0.00081
-0.001
-0.001
-0.001
-0.00159
-0.001
-0.001
-0.00159
-0.00139
-0.0012
-0.001
-0.0012
-0.00139
-0.0012
-0.00061
-0.00081
-0.001
-0.001
-0.001
-0.0012
-0.0012
-0.001
-0.00081
-0.001
-0.00081
-0.00081
-0.00061
-0.0012
-0.0012
-0.001
-0.00061
-0.00081
-0.00022
-0.00061
-0.00061
-0.001
-0.00042
-0.001
-0.001
-0.001
-0.0012
-0.0012
-0.00139
-0.00139
-0.0012
-0.001
-0.001
-0.0012
-0.00081
-0.0012
-0.00159
-0.00139
-0.0012
-0.00159
-0.0012
-0.00159
-0.00218
-0.00198
-0.00218
-0.00218
-0.00198
-0.00179
-0.00218
-0.00237
-0.00218
-0.00257
-0.00276
-0.00276
-0.00276
-0.00276
-0.00296
-0.00296
-0.00296
-0.00237
-0.00237
-0.00257
-0.00237
-0.00237
-0.00257
-0.00237
-0.00218
-0.00198
-0.00198
-0.00198
-0.00218
-0.00179
-0.00179
-0.00198
-0.00218
-0.00198
-0.00159
-0.0012
-0.00159
-0.00218
-0.00139
-0.00179
-0.00159
-0.00179
-0.00159
-0.00159
-0.00179
-0.00159
-0.00139
-0.00139
-0.00139
-0.0012
-0.00139
-0.0012
-0.00139
-0.00179
-0.00139
-0.0012
-0.0012
-0.0012
-0.00139
-0.00139
-0.00139
-0.00139
-0.00179
-0.00159
-0.00139
-0.00139
-0.001
-0.0012
-0.00159
-0.00139
-0.00139
-0.00179
-0.00159
-0.00159
-0.00159
-0.00198
-0.00159
-0.00139
-0.00159
-0.00179
-0.00179
-0.00159
-0.00139
-0.00139
-0.00159
-0.00139
-0.00139
-0.001
-0.00179
-0.00198
-0.00218
-0.00198
-0.00218
-0.00218
-0.00218
-0.00237
-0.00198
-0.00198
-0.00257
-0.00257
-0.00218
-0.00257
-0.00218
-0.00257
-0.00237
-0.00257
-0.00257
-0.00237
-0.00159
-0.00198
-0.00179
-0.00237
-0.00237
-0.00218
-0.00218
-0.00237
-0.00198
-0.00159
-0.00179
-0.00198
-0.00198
-0.00198
-0.00218
-0.00198
-0.00179
-0.00159
-0.00159
-0.00159
-0.00198
-0.00179
-0.0012
-0.00179
-0.00139
-0.00179
-0.00139
-0.00139
-0.00179
-0.00159
-0.00179
-0.00179
-0.00179
-0.00198
-0.00218
-0.00218
-0.00218
-0.00179
-0.00218
-0.00198
-0.00198
-0.00218
-0.00179
-0.00218
-0.00179
-0.00198
-0.00179
-0.00198
-0.00198
-0.00218
-0.00237
-0.00237
-0.00179
-0.00218
-0.00237
-0.00237
-0.00159
-0.00179
-0.00179
-0.00218
-0.00198
-0.00237
-0.00237
-0.00257
-0.00237
-0.00218
-0.00218
-0.00218
-0.00257
-0.00257
-0.00237
-0.00257
-0.00237
-0.00257
-0.00237
-0.00237
-0.00237
-0.00257
-0.00257
-0.00257
-0.00296
-0.00276
-0.00296
-0.00296
-0.00315
-0.00296
-0.00276
-0.00237
-0.00296
-0.00237
-0.00276
-0.00315
-0.00315
-0.00257
-0.00218
-0.00237
-0.00257
-0.00335
-0.00237
-0.00296
-0.00257
-0.00237
-0.00218
-0.00296
-0.00218
-0.00276
-0.00276
-0.00257
-0.00237
-0.00257
-0.00276
-0.00237
-0.00276
-0.00218
-0.00237
-0.00257
-0.00237
-0.00237
-0.00218
-0.00237
-0.00257
-0.00257
-0.00257
-0.00276
-0.00296
-0.00276
-0.00296
-0.00276
-0.00276
-0.00276
-0.00237
-0.00276
-0.00276
-0.00315
-0.00276
-0.00296
-0.00296
-0.00296
-0.00296
-0.00315
-0.00237
-0.00257
-0.00257
-0.00315
-0.00276
-0.00315
-0.00315
-0.00257
-0.00218
-0.00257
-0.00237
-0.00237
-0.00257
-0.00296
-0.00276
-0.00276
-0.00218
-0.00218
-0.00237
-0.00257
-0.00198
-0.00159
-0.00179
-0.00159
-0.00159
-0.00218
-0.00159
-0.00179
-0.001
-0.00081
-0.001
-0.0012
-0.0012
-0.0012
-0.00159
-0.00139
-0.0012
-0.00139
-0.0012
-0.0012
-0.00139
-0.0012
-0.00139
-0.001
-0.00198
-0.00159
-0.00179
-0.00198
-0.0012
-0.00179
-0.00159
-0.00159
-0.00159
-0.00179
-0.00218
-0.00198
-0.00159
-0.00179
-0.00198
-0.00218
-0.00198
-0.00218
-0.00237
-0.00257
-0.00179
-0.00218
-0.00218
-0.00218
-0.00276
-0.00237
-0.00257
-0.00257
-0.00198
-0.00237
-0.00257
-0.00257
-0.00198
-0.00179
-0.00198
-0.00198
-0.00198
-0.00159
-0.00198
-0.00179
-0.00218
-0.00218
-0.00179
-0.00159
-0.00218
-0.00159
-0.00179
-0.00198
-0.00218
-0.00179
-0.00179
-0.00179
-0.00218
-0.00179
-0.00159
-0.00218
-0.00237
-0.00198
-0.00237
-0.00198
-0.00198
-0.00198
-0.00218
-0.00179
-0.00198
-0.00139
-0.00159
-0.00159
-0.00198
-0.00159
-0.00237
-0.00218
-0.00198
-0.00218
-0.00198
-0.00218
-0.00257
-0.00218
-0.00218
-0.00237
-0.00237
-0.00237
-0.00198
-0.00237
-0.00198
-0.00159
-0.00198
-0.00198
-0.00218
-0.00139
-0.00159
-0.00159
-0.00179
-0.00198
-0.00179
-0.00159
-0.00139
-0.00139
-0.00159
-0.00179
-0.00159
-0.00159
-0.00179
-0.00179
-0.00179
-0.00179
-0.00159
-0.00159
-0.00159
-0.00198
-0.00179
-0.00179
-0.00179
-0.00159
-0.00159
-0.00198
-0.00198
-0.00139
-0.00237
-0.00237
-0.00237
-0.00237
-0.00257
-0.00276
-0.00237
-0.00276
-0.00257
-0.00315
-0.00276
-0.00276
-0.00257
-0.00257
-0.00237
-0.00237
-0.00218
-0.00218
-0.00198
-0.00257
-0.00159
-0.00218
-0.00179
-0.00218
-0.00218
-0.00237
-0.00218
-0.00257
-0.00237
-0.00218
-0.00218
-0.00218
-0.00257
-0.00257
-0.00198
-0.00237
-0.00237
-0.00257
-0.00237
-0.00257
-0.00237
-0.00237
-0.00218
-0.00276
-0.00257
-0.00257
-0.00237
-0.00276
-0.00276
-0.00315
-0.00276
-0.00276
-0.00257
-0.00237
-0.00276
-0.00276
-0.00257
-0.00276
-0.00257
