-1.035000297600E+00

-0.00218
-0.00198
-0.00159
-0.00159
-0.001
-0.00139
-0.0012
-0.0012
-0.00179
-0.00179
-0.00179
-0.00139
-0.00159
-0.00139
-0.00159
-0.00179
-0.00179
-0.00179
-0.00159
-0.00159
-0.00139
-0.00159
-0.001
-0.00139
-0.00139
-0.00139
-0.00179
-0.00159
-0.00179
-0.00198
-0.00139
-0.00218
-0.00237
-0.00159
-0.00198
-0.00139
-0.00179
-0.0012
-0.00159
-0.00139
-0.00159
-0.001
-0.0012
-0.0012
-0.00159
-0.001
-0.0012
-0.00179
-0.00159
-0.00139
-0.00139
-0.00218
-0.00198
-0.00198
-0.00159
-0.00198
-0.00179
-0.00218
-0.00237
-0.00257
-0.00257
-0.00179
-0.00198
-0.00257
-0.00218
-0.00218
-0.00218
-0.00237
-0.00276
-0.00237
-0.00198
-0.00237
-0.00237
-0.00237
-0.00218
-0.00218
-0.00257
-0.00257
-0.00257
-0.00296
-0.00257
-0.00257
-0.00237
-0.00276
-0.00315
-0.00296
-0.00257
-0.00276
-0.00296
-0.00276
-0.00296
-0.00296
-0.00296
-0.00315
-0.00315
-0.00296
-0.00354
-0.00354
-0.00335
-0.00354
-0.00393
-0.00354
-0.00393
-0.00374
-0.00354
-0.00354
-0.00354
-0.00354
-0.00374
-0.00393
-0.00393
-0.00374
-0.00354
-0.00276
-0.00296
-0.00257
-0.00296
-0.00276
-0.00296
-0.00257
-0.00296
-0.00276
-0.00296
-0.00257
-0.00296
-0.00237
-0.00218
-0.00257
-0.00218
-0.00237
-0.00218
-0.00218
-0.00198
-0.00237
-0.00218
-0.00198
-0.00257
-0.00198
-0.00179
-0.00218
-0.00237
-0.00179
-0.00198
-0.00198
-0.00198
-0.00218
-0.00237
-0.00237
-0.00218
-0.00179
-0.00198
-0.00218
-0.00237
-0.00257
-0.00237
-0.00257
-0.00276
-0.00237
-0.00257
-0.00257
-0.00237
-0.00257
-0.00237
-0.00237
-0.00218
-0.00237
-0.00218
-0.00198
-0.00237
-0.00218
-0.00218
-0.00237
-0.00179
-0.00218
-0.00218
-0.00218
-0.00198
-0.00198
-0.00218
-0.00218
-0.00179
-0.00179
-0.00218
-0.00198
-0.00198
-0.00198
-0.00179
-0.00198
-0.00198
-0.00198
-0.00198
-0.00218
-0.00179
-0.00218
-0.00159
-0.00139
-0.00159
-0.00159
-0.0012
-0.00159
-0.00139
-0.00139
-0.00159
-0.00218
-0.00198
-0.00198
-0.00159
-0.00179
-0.00159
-0.00198
-0.00179
-0.00179
-0.00198
-0.00139
-0.0012
-0.00179
-0.00198
-0.00198
-0.00139
-0.00159
-0.00198
-0.00139
-0.00159
-0.00198
-0.00179
-0.00179
-0.00179
-0.00237
-0.00276
-0.00237
-0.00218
-0.00198
-0.00218
-0.00218
-0.00218
-0.00218
-0.00218
-0.00237
-0.00257
-0.00257
-0.00257
-0.00257
-0.00237
-0.00237
-0.00276
-0.00257
-0.00218
-0.00237
-0.00276
-0.00276
-0.00237
-0.00276
-0.00296
-0.00296
-0.00315
-0.00315
-0.00315
-0.00354
-0.00335
-0.00335
-0.00335
-0.00315
-0.00296
-0.00296
-0.00296
-0.00315
-0.00296
-0.00335
-0.00335
-0.00296
-0.00296
-0.00296
-0.00335
-0.00354
-0.00335
-0.00315
-0.00335
-0.00354
-0.00393
-0.00354
-0.00354
-0.00335
-0.00335
-0.00315
-0.00296
-0.00296
-0.00257
-0.00276
-0.00315
-0.00276
-0.00237
-0.00198
-0.00257
-0.00198
-0.00218
-0.00237
-0.00237
-0.00257
-0.00296
-0.00257
-0.00276
-0.00237
-0.00276
-0.00276
-0.00237
-0.00257
-0.00296
-0.00257
-0.00296
-0.00315
-0.00257
-0.00257
-0.00296
-0.00276
-0.00257
-0.00276
-0.00257
-0.00296
-0.00315
-0.00315
-0.00276
-0.00276
-0.00237
-0.00257
-0.00276
-0.00257
-0.00237
-0.00296
-0.00257
-0.00276
-0.00257
-0.00237
-0.00237
-0.00218
-0.00218
-0.00198
-0.00198
-0.00218
-0.00159
-0.00139
-0.00218
-0.00198
-0.00139
-0.00179
-0.00159
-0.00139
-0.0012
-0.001
-0.00081
-0.00081
-0.0012
-0.0012
-0.0012
-0.0012
-0.001
-0.00139
-0.00139
-0.0012
-0.00159
-0.00159
-0.00159
-0.0012
-0.00218
-0.00159
-0.00179
-0.00159
-0.00179
-0.00218
-0.00198
-0.00198
-0.00179
-0.00159
-0.00159
-0.00179
-0.00179
-0.00179
-0.00139
-0.00159
-0.00198
-0.00179
-0.00218
-0.00139
-0.00179
-0.00198
-0.00179
-0.00179
-0.00218
-0.00257
-0.00276
-0.00237
-0.00237
-0.00237
-0.00198
-0.00237
-0.00276
-0.00237
-0.00257
-0.00237
-0.00218
-0.00198
-0.00237
-0.00198
-0.00198
-0.00257
-0.00296
-0.00276
-0.00257
-0.00257
-0.00257
-0.00257
-0.00296
-0.00218
-0.00276
-0.00237
-0.00276
-0.00276
-0.00296
-0.00237
-0.00296
-0.00315
-0.00296
-0.00257
-0.00276
-0.00276
-0.00296
-0.00276
-0.00296
-0.00296
-0.00276
-0.00257
-0.00315
-0.00237
-0.00296
-0.00237
-0.00257
-0.00257
-0.00237
-0.00237
-0.00237
-0.00237
-0.00257
-0.00237
-0.00237
-0.00218
-0.00237
-0.00198
-0.00276
-0.00257
-0.00237
-0.00257
-0.00218
-0.00257
-0.00296
-0.00276
-0.00276
-0.00296
-0.00257
-0.00257
-0.00296
-0.00296
-0.00335
-0.00296
-0.00335
-0.00296
-0.00296
-0.00315
-0.00315
-0.00276
-0.00257
-0.00276
-0.00315
-0.00296
-0.00315
-0.00276
-0.00315
-0.00296
-0.00354
-0.00354
-0.00315
-0.00296
-0.00296
-0.00276
-0.00276
-0.00296
-0.00257
-0.00315
-0.00296
-0.00335
-0.00315
-0.00296
-0.00335
-0.00296
-0.00335
-0.00315
-0.00315
-0.00335
-0.00296
-0.00296
-0.00237
-0.00276
-0.00276
-0.00257
-0.00257
-0.00315
-0.00296
-0.00257
-0.00257
-0.00237
-0.00218
-0.00198
-0.00179
-0.00237
-0.00257
-0.00179
-0.00198
-0.00218
-0.00218
-0.00179
-0.00179
-0.00159
-0.00198
-0.00198
-0.00179
-0.00139
-0.00179
-0.00179
-0.00139
-0.00218
-0.00159
-0.00159
-0.0012
-0.00139
-0.00139
-0.001
-0.00081
-0.00081
-0.0012
-0.0012
-0.001
-0.001
-0.0012
-0.00061
-0.001
-0.00081
-0.001
-0.00061
-0.00061
-0.00081
-0.001
-0.00081
-0.001
-0.00159
-0.00159
-0.00139
-0.0012
-0.00139
-0.00179
-0.0012
-0.0012
-0.001
-0.00159
-0.0012
-0.00179
-0.00139
-0.00159
-0.00179
-0.00159
-0.00218
-0.00218
-0.00179
-0.00179
-0.00159
-0.00198
-0.00179
-0.00159
-0.00237
-0.00198
-0.00179
-0.00218
-0.00237
-0.00237
-0.00198
-0.00198
-0.00237
-0.00276
-0.00257
-0.00276
-0.00198
-0.00218
-0.00198
-0.00237
-0.00198
-0.00198
-0.00179
-0.00198
-0.00198
-0.00179
-0.00159
-0.00139
-0.00179
-0.00159
-0.00198
-0.00198
-0.00257
-0.00257
-0.00218
-0.00218
-0.00237
-0.00237
-0.00218
-0.00276
-0.00237
-0.00296
-0.00218
-0.00237
-0.00237
-0.00237
-0.00296
-0.00276
-0.00237
-0.00296
-0.00276
-0.00276
-0.00257
-0.00257
-0.00276
-0.00257
-0.00257
-0.00315
-0.00276
-0.00276
-0.00276
-0.00296
-0.00257
-0.00257
-0.00218
-0.00276
-0.00257
-0.00315
-0.00315
-0.00315
-0.00315
-0.00276
-0.00296
-0.00335
-0.00335
-0.00315
-0.00276
-0.00335
-0.00315
-0.00296
-0.00257
-0.00296
-0.00296
-0.00276
-0.00257
-0.00276
-0.00315
-0.00257
-0.00257
-0.00257
-0.00276
-0.00257
-0.00237
-0.00218
-0.00218
-0.00179
-0.00179
-0.00237
-0.00237
-0.00296
-0.00257
-0.00276
-0.00218
-0.00237
-0.00296
-0.00276
-0.00276
-0.00257
-0.00257
-0.00257
-0.00276
-0.00335
-0.00276
-0.00257
-0.00218
-0.00218
-0.00237
-0.00237
-0.00218
-0.00237
-0.00237
-0.00257
-0.00218
-0.00198
-0.00179
-0.00237
-0.00237
-0.00257
-0.00198
-0.00237
-0.00237
-0.00218
-0.00237
-0.00218
-0.00218
-0.00237
-0.00198
-0.00198
-0.00198
-0.00179
-0.00179
-0.00198
-0.00237
-0.00218
-0.00198
-0.00218
-0.00159
-0.00179
-0.00198
-0.00198
-0.00237
-0.00218
-0.00198
-0.00218
-0.00218
-0.00237
-0.00257
-0.00296
-0.00257
-0.00276
-0.00218
-0.00257
-0.00218
-0.00218
-0.00198
-0.00198
-0.00218
-0.00198
-0.00218
-0.00218
-0.00218
-0.00179
-0.00198
-0.00159
-0.00159
-0.00159
-0.00179
-0.00179
-0.00139
-0.00198
-0.00198
-0.00159
-0.00139
-0.00159
-0.00139
-0.00179
-0.00139
-0.00139
-0.0012
-0.00139
-0.00198
-0.00139
-0.00159
-0.00198
-0.00159
-0.00179
-0.00218
-0.00218
-0.00218
-0.00257
-0.00257
-0.00296
-0.00257
-0.00257
-0.00218
-0.00276
-0.00257
-0.00296
-0.00296
-0.00276
-0.00276
-0.00296
-0.00296
-0.00276
-0.00276
-0.00276
-0.00315
-0.00315
-0.00296
-0.00296
-0.00237
-0.00315
-0.00296
-0.00276
-0.00276
-0.00237
-0.00237
-0.00237
-0.00198
-0.00237
-0.00257
-0.00257
-0.00257
-0.00276
-0.00276
-0.00257
-0.00257
-0.00218
-0.00218
-0.00257
-0.00218
-0.00237
-0.00276
-0.00257
-0.00218
-0.00237
-0.00237
-0.00198
-0.00237
-0.00218
-0.00237
-0.00276
-0.00257
-0.00276
-0.00237
-0.00276
-0.00276
-0.00296
-0.00218
-0.00296
-0.00315
-0.00296
-0.00296
-0.00257
-0.00296
-0.00296
-0.00315
-0.00315
-0.00296
-0.00296
-0.00296
-0.00296
-0.00237
-0.00237
-0.00257
-0.00257
-0.00257
-0.00237
-0.00237
-0.00218
-0.00179
-0.00198
-0.00257
-0.00218
-0.00257
-0.00237
-0.00237
-0.00179
-0.00237
-0.00218
-0.00218
-0.00257
-0.00218
-0.00237
-0.00276
-0.00218
-0.00276
-0.00198
-0.00198
-0.00237
-0.00179
-0.00159
-0.00179
-0.00218
-0.00218
-0.00218
-0.00198
-0.00198
-0.00198
-0.00257
-0.00257
-0.00198
-0.00257
-0.00218
-0.00257
-0.00218
-0.00237
-0.00218
-0.00198
-0.00237
-0.00198
-0.00218
-0.00218
-0.00179
-0.00159
-0.00159
-0.00139
-0.00159
-0.00179
-0.00139
-0.00179
-0.00139
-0.00139
-0.00139
-0.00179
-0.00139
-0.00159
-0.00179
-0.00159
-0.00139
-0.00179
-0.00159
-0.00139
-0.00139
-0.0012
-0.00139
-0.00159
-0.00139
-0.00179
-0.00159
-0.00159
-0.00179
-0.00139
-0.00159
-0.0012
-0.00179
-0.0012
-0.00179
-0.00179
-0.00198
-0.00237
-0.00257
-0.00257
-0.00218
-0.00257
-0.00276
-0.00276
-0.00257
-0.00276
-0.00296
-0.00315
-0.00257
-0.00237
-0.00276
-0.00218
-0.00198
-0.00218
-0.00237
-0.00237
-0.00237
-0.00276
-0.00276
-0.00257
-0.00276
-0.00237
-0.00276
-0.00257
-0.00257
-0.00276
-0.00257
-0.00276
-0.00276
-0.00257
-0.00257
-0.00257
-0.00296
-0.00296
-0.00237
-0.00257
-0.00257
-0.00237
-0.00257
-0.00257
-0.00276
-0.00257
-0.00276
-0.00237
-0.00237
-0.00315
-0.00296
-0.00257
-0.00276
-0.00276
-0.00276
-0.00296
-0.00296
-0.00257
-0.00257
-0.00276
-0.00257
-0.00257
-0.00276
-0.00257
-0.00276
-0.00296
-0.00276
-0.00276
-0.00257
-0.00296
-0.00276
-0.00296
-0.00296
-0.00257
-0.00237
-0.00218
-0.00237
-0.00276
-0.00296
-0.00257
-0.00237
-0.00237
-0.00237
-0.00257
-0.00257
-0.00237
-0.00237
-0.00276
-0.00257
-0.00218
-0.00257
-0.00237
-0.00276
-0.00296
-0.00257
-0.00257
-0.00276
-0.00257
-0.00315
-0.00296
-0.00257
-0.00237
-0.00296
-0.00257
-0.00237
-0.00198
-0.00276
-0.00237
-0.00276
-0.00237
-0.00237
-0.00276
-0.00218
-0.00237
-0.00257
-0.00179
-0.0012
0.00056
0.00212
0.00466
0.00681
0.00915
0.01169
0.01423
0.01618
0.01814
0.01989
0.02146
0.02302
0.02517
0.02575
0.02712
0.0281
0.02927
0.03064
0.03103
0.03142
0.03181
0.03259
0.03318
0.03396
0.03396
0.03396
0.03435
0.03435
0.03474
0.03415
0.03493
0.03454
0.03474
0.03454
0.03474
0.03435
0.03454
0.03435
0.03415
0.03396
0.03376
0.03337
0.03298
0.03259
0.03239
0.032
0.03181
0.03122
0.03064
0.03005
0.03044
0.03044
0.02986
0.02966
0.02946
0.02868
0.0279
0.02751
0.02712
0.02673
0.02654
0.02634
0.02575
0.02536
0.02536
0.02536
0.02458
0.02439
0.02419
0.0238
0.02361
0.02321
0.02263
0.02243
0.02185
0.02185
0.02185
0.02068
0.02048
0.02048
0.0197
0.0197
0.01892
0.01892
0.01911
0.01872
0.01872
0.01814
0.01775
0.01755
0.01716
0.01657
0.01618
0.01618
0.01657
0.01618
0.0156
0.01579
0.0156
0.01501
0.01482
0.01501
0.01462
0.01443
0.01423
0.01384
0.01404
0.01364
0.01325
0.01325
0.01286
0.01286
0.01267
0.01286
0.01208
0.01208
0.01208
0.01208
0.01247
0.01189
0.0115
0.0115
0.0115
0.01091
0.01111
0.01071
0.01071
0.01071
0.01071
0.01013
0.00974
0.00935
0.00954
0.00857
0.00857
0.00837
0.00857
0.00818
0.00818
0.00837
0.00837
0.00759
0.00739
0.00779
0.00739
0.00779
0.00739
0.00739
0.007
0.0072
0.007
0.00661
0.00642
