-3.780001088000E-01

-0.00296
-0.00276
-0.00315
-0.00296
-0.00315
-0.00335
-0.00315
-0.00315
-0.00335
-0.00354
-0.00335
-0.00374
-0.00354
-0.00335
-0.00374
-0.00335
-0.00335
-0.00335
-0.00315
-0.00276
-0.00296
-0.00276
-0.00296
-0.00315
-0.00335
-0.00296
-0.00276
-0.00296
-0.00296
-0.00315
-0.00237
-0.00276
-0.00257
-0.00296
-0.00257
-0.00257
-0.00237
-0.00237
-0.00218
-0.00276
-0.00237
-0.00257
-0.00237
-0.00257
-0.00276
-0.00315
-0.00257
-0.00296
-0.00276
-0.00257
-0.00296
-0.00237
-0.00257
-0.00276
-0.00276
-0.00237
-0.00218
-0.00257
-0.00257
-0.00257
-0.00218
-0.00257
-0.00218
-0.00179
-0.00296
-0.00257
-0.00237
-0.00296
-0.00276
-0.00296
-0.00296
-0.00315
-0.00315
-0.00237
-0.00257
-0.00276
-0.00237
-0.00237
-0.00257
-0.00276
-0.00296
-0.00237
-0.00237
-0.00257
-0.00276
-0.00237
-0.00218
-0.00218
-0.00276
-0.00257
-0.00276
-0.00237
-0.00276
-0.00276
-0.00276
-0.00335
-0.00315
-0.00296
-0.00315
-0.00315
-0.00335
-0.00296
-0.00315
-0.00296
-0.00296
-0.00296
-0.00296
-0.00315
-0.00296
-0.00257
-0.00237
-0.00257
-0.00276
-0.00198
-0.00237
-0.00237
-0.00296
-0.00276
-0.00315
-0.00296
-0.00315
-0.00276
-0.00296
-0.00276
-0.00276
-0.00276
-0.00276
-0.00276
-0.00276
-0.00276
-0.00257
-0.00257
-0.00257
-0.00198
-0.00237
-0.00237
-0.00237
-0.00237
-0.00198
-0.00198
-0.00237
-0.00257
-0.00198
-0.00218
-0.00276
-0.00237
-0.00257
-0.00218
-0.00218
-0.00218
-0.00257
-0.00237
-0.00257
-0.00276
-0.00335
-0.00315
-0.00296
-0.00296
-0.00237
-0.00237
-0.00276
-0.00276
-0.00276
-0.00296
-0.00276
-0.00257
-0.00276
-0.00218
-0.00276
-0.00257
-0.00257
-0.00276
-0.00315
-0.00296
-0.00315
-0.00315
-0.00296
-0.00276
-0.00296
-0.00237
-0.00257
-0.00257
-0.00296
-0.00237
-0.00276
-0.00296
-0.00296
-0.00257
-0.00257
-0.00276
-0.00257
-0.00257
-0.00257
-0.00218
-0.00237
-0.00296
-0.00296
-0.00296
-0.00296
-0.00296
-0.00296
-0.00276
-0.00296
-0.00257
-0.00276
-0.00276
-0.00257
-0.00257
-0.00296
-0.00296
-0.00296
-0.00218
-0.00257
-0.00198
-0.00257
-0.00237
-0.00237
-0.00218
-0.00237
-0.00276
-0.00237
-0.00296
-0.00257
-0.00296
-0.00296
-0.00276
-0.00296
-0.00276
-0.00315
-0.00276
-0.00296
-0.00257
-0.00296
-0.00296
-0.00257
-0.00198
-0.00237
-0.00257
-0.00257
-0.00179
-0.00218
-0.0012
-0.00022
0.00193
0.00486
0.00935
0.01267
0.01755
0.02263
0.0281
0.03279
0.03786
0.04275
0.04782
0.05212
0.05544
0.05896
0.06189
0.06521
0.06794
0.07068
0.07341
0.07536
0.07732
0.07829
0.08025
0.08161
0.08279
0.08415
0.08493
0.08571
0.08669
0.08747
0.08786
0.08845
0.08806
0.08845
0.08845
0.08884
0.08904
0.08864
0.08825
0.08825
0.08825
0.08747
0.08689
0.08669
0.08591
0.08532
0.08474
0.08415
0.08337
0.08239
0.082
0.082
0.08044
0.07966
0.07868
0.0781
0.07751
0.07595
0.07536
0.07439
0.07361
0.07282
0.07204
0.07126
0.07029
0.0697
0.06892
0.06775
0.06677
0.0656
0.06521
0.06443
0.06345
0.06247
0.06189
0.0613
0.06052
0.05935
0.05876
0.05837
0.05759
0.05681
0.05583
0.05525
0.05427
0.05388
0.05349
0.05251
0.05193
0.05114
0.05036
0.05056
0.04939
0.04861
0.04763
0.04704
0.04685
0.04607
0.04587
0.0445
0.04411
0.04333
0.04353
0.04255
0.04216
0.04138
0.04118
0.04079
0.04021
0.03982
0.03923
0.03904
0.03786
0.03728
0.03689
0.03669
0.03611
0.03571
0.03493
0.03493
0.03454
0.03376
0.03357
0.03357
0.03279
0.03259
0.0322
0.03181
0.03181
0.03103
0.03083
0.02966
0.02986
0.02946
0.02907
0.02849
0.02829
0.02829
0.0279
0.02771
0.02751
0.02673
0.02693
0.02634
0.02556
0.02556
0.02497
0.02497
0.02478
0.02439
0.02419
0.02341
0.024
0.02361
0.02302
0.02204
0.02224
0.02224
0.02126
0.02087
0.02048
0.02087
0.02048
0.02029
0.0195
0.01931
0.01892
0.01892
0.01872
0.01814
0.01814
0.01775
0.01775
0.01696
0.01696
0.01657
0.01638
0.01599
0.01638
0.01579
0.0154
0.0154
0.0154
0.0154
0.01501
0.01482
0.01443
0.01462
0.01443
0.01404
0.01423
0.01364
0.01345
0.01345
0.01345
0.01364
0.01325
0.01325
0.01306
0.01306
0.01267
0.01267
0.01208
0.01208
0.01208
0.01189
0.0115
0.0115
0.0113
0.01091
0.0115
0.01052
0.01052
0.01071
0.01091
0.01071
0.01032
0.01052
0.00954
0.00954
0.00954
0.00974
0.00935
0.00896
0.00935
0.00876
0.00876
0.00915
0.00876
0.00876
0.00857
0.00818
0.00818
0.00798
0.00779
0.00818
0.00739
0.0072
0.00681
0.00681
0.00661
0.00622
0.00661
0.00642
0.00583
0.00564
0.00564
0.00583
0.00525
0.00544
0.00525
0.00525
0.00525
0.00446
0.00486
0.00486
0.00466
0.00486
0.00486
0.00505
0.00486
0.00466
0.00427
0.00368
0.00407
0.00427
0.00388
0.00427
0.00407
0.00368
0.00388
0.00388
0.00388
0.00388
0.00368
0.00349
0.00349
0.00329
0.00368
0.00329
0.00368
0.00368
0.0031
0.00329
0.0031
0.0031
0.00251
0.0029
0.00271
0.00271
0.00251
0.00251
0.00251
0.00251
0.00212
0.00232
0.00232
0.00232
0.00232
0.00232
0.00251
0.00232
0.00193
0.00212
0.00232
0.00232
0.00232
0.00232
0.00193
0.00212
0.00212
0.00212
0.00212
0.00193
0.00193
0.00212
0.00173
0.00212
0.00173
0.00154
0.00134
0.00114
0.00134
0.00095
0.00095
0.00095
0.00075
0.00095
0.00114
0.00056
0.00056
0.00075
0.00056
0.00075
0.00075
0.00095
0.00056
0.00134
0.00056
0.00056
0.00036
0.00036
-3e-05
0.00017
-0.00042
-3e-05
0.00017
-3e-05
0.00017
-0.00022
0.00036
0.00036
0.00017
0.00017
0.00017
-0.00022
0.00036
0.00017
0.00056
0.00036
0.00036
0.00017
-3e-05
0.00056
0.00036
-3e-05
-0.00022
-0.00022
0.00036
-3e-05
0.00017
-3e-05
-0.00042
-0.00022
-0.00061
-0.001
-0.00061
-0.00081
-0.00081
-0.00081
-0.00081
-0.001
-0.001
-0.0012
-0.00061
-0.00139
-0.00081
-0.0012
-0.0012
-0.0012
-0.00179
-0.0012
-0.00081
-0.00179
-0.0012
-0.001
-0.00139
-0.00198
-0.00198
-0.00159
-0.00061
-0.0012
-0.00081
-0.00139
-0.00139
-0.00159
-0.0012
-0.00081
-0.00081
-0.001
-0.001
-0.0012
-0.00061
-0.00081
-0.0012
-0.0012
-0.001
-0.0012
-0.0012
-0.001
-0.001
-0.00159
-0.00139
-0.00159
-0.00139
-0.00159
-0.00159
-0.00159
-0.00159
-0.00159
-0.00198
-0.00179
-0.00198
-0.00198
-0.0012
-0.00218
-0.00198
-0.00218
-0.00198
-0.00198
-0.00139
-0.00198
-0.00237
-0.00198
-0.00198
-0.00218
-0.00198
-0.00179
-0.00198
-0.00257
-0.00218
-0.00218
-0.00198
-0.00198
-0.00179
-0.00218
-0.00198
-0.00237
-0.00218
-0.00198
-0.00198
-0.00237
-0.00218
-0.00218
-0.00179
-0.00218
-0.00198
-0.00179
-0.00198
-0.00198
-0.00179
-0.00198
-0.00159
-0.00198
-0.00218
-0.00218
-0.00257
-0.00257
-0.00257
-0.00237
-0.00296
-0.00296
-0.00237
-0.00276
-0.00296
-0.00276
-0.00237
-0.00276
-0.00276
-0.00296
-0.00296
-0.00276
-0.00237
-0.00257
-0.00276
-0.00276
-0.00296
-0.00257
-0.00276
-0.00257
-0.00237
-0.00276
-0.00276
-0.00257
-0.00315
-0.00276
-0.00257
-0.00257
-0.00218
-0.00257
-0.00198
-0.00218
-0.00218
-0.00257
-0.00179
-0.00218
-0.00257
-0.00276
-0.00218
-0.00218
-0.00179
-0.00198
-0.00198
-0.00198
-0.00257
-0.00237
-0.00218
-0.00257
-0.00179
-0.00218
-0.00198
-0.00198
-0.00179
-0.00179
-0.00179
-0.00198
-0.00198
-0.00198
-0.00237
-0.00198
-0.00218
-0.00218
-0.00257
-0.00198
-0.00179
-0.00218
-0.00198
-0.00218
-0.00218
-0.00218
-0.00198
-0.00198
-0.00218
-0.00218
-0.00237
-0.00276
-0.00218
-0.00237
-0.00276
-0.00276
-0.00237
-0.00237
-0.00237
-0.00257
-0.00257
-0.00257
-0.00237
-0.00257
-0.00218
-0.00237
-0.00237
-0.00218
-0.00237
-0.00257
-0.00257
-0.00257
-0.00237
-0.00218
-0.00218
-0.00218
-0.00276
-0.00237
-0.00257
-0.00237
-0.00179
-0.00218
-0.00218
-0.00198
-0.00237
-0.00237
-0.00257
-0.00257
-0.00218
-0.00198
-0.00218
-0.00218
-0.00257
-0.00276
-0.00237
-0.00237
-0.00257
-0.00257
-0.00315
-0.00257
-0.00276
-0.00315
-0.00335
-0.00276
-0.00296
-0.00237
-0.00257
-0.00276
-0.00276
-0.00296
-0.00296
-0.00315
-0.00257
-0.00237
-0.00198
-0.00218
-0.00218
-0.00276
-0.00198
-0.00237
-0.00257
-0.00276
-0.00276
-0.00276
-0.00296
-0.00276
-0.00296
-0.00276
-0.00315
-0.00276
-0.00257
-0.00237
-0.00257
-0.00257
-0.00276
-0.00257
-0.00237
-0.00257
-0.00237
-0.00315
-0.00335
-0.00354
-0.00315
-0.00335
-0.00335
-0.00335
-0.00354
-0.00335
-0.00315
-0.00296
-0.00276
-0.00257
-0.00296
-0.00296
-0.00296
-0.00354
-0.00257
-0.00296
-0.00257
-0.00276
-0.00257
-0.00276
-0.00257
-0.00218
-0.00218
-0.00198
-0.00257
-0.00276
-0.00257
-0.00198
-0.00257
-0.00218
-0.00237
-0.00237
-0.00218
-0.00237
-0.00257
-0.00296
-0.00257
-0.00257
-0.00237
-0.00198
-0.00198
-0.00218
-0.00237
-0.00237
-0.00276
-0.00257
-0.00237
-0.00257
-0.00218
-0.00257
-0.00237
-0.00237
-0.00276
-0.00257
-0.00257
-0.00276
-0.00276
-0.00276
-0.00257
-0.00276
-0.00257
-0.00315
-0.00276
-0.00315
-0.00276
-0.00296
-0.00296
-0.00296
-0.00276
-0.00257
-0.00296
-0.00296
-0.00315
-0.00296
-0.00315
-0.00296
-0.00296
-0.00315
-0.00257
-0.00296
-0.00296
-0.00276
-0.00335
-0.00315
-0.00354
-0.00374
-0.00315
-0.00296
-0.00296
-0.00296
-0.00296
-0.00257
-0.00237
-0.00296
-0.00315
-0.00315
-0.00257
-0.00257
-0.00257
-0.00257
-0.00237
-0.00198
-0.00179
-0.00218
-0.00218
-0.00218
-0.00257
-0.00276
-0.00257
-0.00296
-0.00257
-0.00296
-0.00276
-0.00276
-0.00335
-0.00296
-0.00276
-0.00276
-0.00218
-0.00237
-0.00218
-0.00257
-0.00237
-0.00257
-0.00218
-0.00257
-0.00276
-0.00335
-0.00296
-0.00296
-0.00315
-0.00315
-0.00276
-0.00257
-0.00296
-0.00296
-0.00257
-0.00276
-0.00296
-0.00276
-0.00257
-0.00257
-0.00257
-0.00296
-0.00354
-0.00335
-0.00335
-0.00354
-0.00374
-0.00335
-0.00296
-0.00354
-0.00296
-0.00335
-0.00374
-0.00296
-0.00315
-0.00335
-0.00374
-0.00413
-0.00374
-0.00354
-0.00374
-0.00393
-0.00374
-0.00354
-0.00354
-0.00374
-0.00354
-0.00335
-0.00335
-0.00335
-0.00315
-0.00296
-0.00296
-0.00315
-0.00296
-0.00296
-0.00276
-0.00257
-0.00276
-0.00296
-0.00257
-0.00237
-0.00257
-0.00296
-0.00315
-0.00335
-0.00296
-0.00335
-0.00237
-0.00315
-0.00296
-0.00276
-0.00237
-0.00257
-0.00237
-0.00237
-0.00237
-0.00218
-0.00218
-0.00237
-0.00218
-0.00257
-0.00257
-0.00257
-0.00315
-0.00276
-0.00315
-0.00315
-0.00276
-0.00296
-0.00296
-0.00276
-0.00276
-0.00335
-0.00354
-0.00315
-0.00335
-0.00374
-0.00276
-0.00315
-0.00315
-0.00354
-0.00296
-0.00315
-0.00315
-0.00296
-0.00335
-0.00276
-0.00296
-0.00296
-0.00296
-0.00315
-0.00276
-0.00315
-0.00257
-0.00296
-0.00296
-0.00354
-0.00374
-0.00296
-0.00315
-0.00257
-0.00276
-0.00335
-0.00335
-0.00315
-0.00296
-0.00237
-0.00257
-0.00237
-0.00218
-0.00257
-0.00296
-0.00296
-0.00257
-0.00276
-0.00257
-0.00296
-0.00296
-0.00276
-0.00335
-0.00374
-0.00354
-0.00335
-0.00276
-0.00335
-0.00276
-0.00354
-0.00354
-0.00335
-0.00354
-0.00276
-0.00296
-0.00257
-0.00257
-0.00257
-0.00276
-0.00237
-0.00237
-0.00276
-0.00237
-0.00218
-0.00237
-0.00276
-0.00296
-0.00257
-0.00296
-0.00276
-0.00276
-0.00257
-0.00257
-0.00276
-0.00237
-0.00237
-0.00276
-0.00296
-0.00257
-0.00218
-0.00218
-0.00218
-0.00198
-0.00237
-0.00218
-0.00257
-0.00315
-0.00296
-0.00276
-0.00296
-0.00296
