-1.198000345600E+00

-0.00237
-0.00237
-0.00198
-0.00218
-0.00218
-0.00218
-0.00276
-0.00198
-0.00218
-0.00218
-0.00237
-0.00276
-0.00257
-0.00276
-0.00276
-0.00257
-0.00257
-0.00237
-0.00276
-0.00276
-0.00296
-0.00257
-0.00276
-0.00257
-0.00257
-0.00257
-0.00296
-0.00218
-0.00276
-0.00218
-0.00198
-0.00179
-0.00179
-0.00218
-0.00198
-0.00198
-0.00179
-0.00159
-0.00159
-0.00179
-0.00179
-0.00198
-0.00198
-0.00198
-0.00179
-0.00218
-0.00218
-0.00198
-0.00218
-0.00218
-0.00179
-0.00218
-0.00237
-0.00218
-0.00257
-0.00198
-0.00237
-0.00218
-0.00257
-0.00218
-0.00276
-0.00257
-0.00237
-0.00218
-0.00237
-0.00276
-0.00315
-0.00296
-0.00335
-0.00296
-0.00335
-0.00296
-0.00335
-0.00315
-0.00335
-0.00276
-0.00296
-0.00315
-0.00335
-0.00276
-0.00276
-0.00257
-0.00237
-0.00237
-0.00198
-0.00237
-0.00237
-0.00198
-0.00218
-0.00276
-0.00237
-0.00257
-0.00237
-0.00237
-0.00257
-0.00218
-0.00257
-0.00198
-0.00257
-0.00237
-0.00257
-0.00237
-0.00257
-0.00257
-0.00276
-0.00276
-0.00257
-0.00237
-0.00237
-0.00237
-0.00237
-0.00257
-0.00218
-0.00237
-0.00198
-0.00257
-0.00257
-0.00296
-0.00296
-0.00276
-0.00296
-0.00315
-0.00315
-0.00296
-0.00296
-0.00315
-0.00276
-0.00354
-0.00296
-0.00335
-0.00296
-0.00315
-0.00276
-0.00276
-0.00276
-0.00257
-0.00296
-0.00257
-0.00315
-0.00296
-0.00296
-0.00296
-0.00257
-0.00218
-0.00257
-0.00237
-0.00218
-0.00257
-0.00237
-0.00237
-0.00237
-0.00179
-0.00237
-0.00237
-0.00257
-0.00237
-0.00237
-0.00237
-0.00276
-0.00237
-0.00198
-0.00198
-0.00218
-0.00218
-0.00237
-0.00237
-0.00315
-0.00257
-0.00315
-0.00296
-0.00257
-0.00237
-0.00237
-0.00296
-0.00257
-0.00296
-0.00335
-0.00296
-0.00237
-0.00276
-0.00237
-0.00276
-0.00237
-0.00237
-0.00218
-0.00218
-0.00218
-0.00198
-0.00218
-0.00237
-0.00218
-0.00237
-0.00218
-0.00257
-0.00198
-0.00198
-0.00218
-0.00237
-0.00276
-0.00276
-0.00237
-0.00218
-0.00237
-0.00218
-0.00237
-0.00218
-0.00237
-0.00237
-0.00237
-0.00218
-0.00198
-0.00237
-0.00237
-0.00218
-0.00296
-0.00276
-0.00276
-0.00296
-0.00257
-0.00179
-0.001
-3e-05
0.00134
0.00271
0.00349
0.00466
0.00603
0.007
0.00779
0.00876
0.00915
0.01032
0.0113
0.01286
0.01423
0.01618
0.01696
0.01931
0.02068
0.02204
0.02302
0.02458
0.02693
0.02829
0.03064
0.03376
0.03611
0.03884
0.04216
0.0447
0.04743
0.05056
0.0529
0.05486
0.05642
0.05857
0.06013
0.0615
0.06267
0.06325
0.06462
0.0656
0.06618
0.06638
0.06716
0.06736
0.06775
0.06833
0.06853
0.06833
0.06853
0.06872
0.06853
0.06814
0.06814
0.06736
0.06696
0.06677
0.06638
0.06599
0.06521
0.06501
0.06423
0.06364
0.06325
0.06228
0.06189
0.06071
0.06013
0.05974
0.05915
0.05837
0.05759
0.057
0.05622
0.05525
0.05427
0.05388
0.05329
0.0529
0.05193
0.05134
0.05036
0.05017
0.04939
0.049
0.04841
0.04743
0.04704
0.04665
0.04587
0.04509
0.0447
0.04392
0.04314
0.04314
0.04275
0.04216
0.04138
0.04079
0.0406
0.04021
0.03962
0.03923
0.03845
0.03786
0.03747
0.03708
0.03689
0.03708
0.03591
0.03571
0.03513
0.03474
0.03435
0.03357
0.03318
0.03279
0.03259
0.03239
0.03142
0.03083
0.03005
0.02966
0.02966
0.02868
0.0281
0.02849
0.0281
0.02751
0.02693
0.02654
0.02654
0.02634
0.02595
0.02536
0.02478
0.02439
0.02439
0.024
0.024
0.02361
0.02282
0.02282
0.02263
0.02243
0.02185
0.02165
0.02146
0.02126
0.02126
0.02126
0.02068
0.02048
0.01989
0.0197
0.0195
0.0195
0.01892
0.01872
0.01872
0.01872
0.01853
0.01814
0.01814
0.01775
0.01736
0.01736
0.01677
0.01677
0.01618
0.01657
0.01599
0.01599
0.01579
0.0156
0.01521
0.01501
0.01462
0.01462
0.01423
0.01404
0.01404
0.01384
0.01364
0.01364
0.01364
0.01384
0.01325
0.01306
0.01267
0.01306
0.01306
0.01267
0.01208
0.01208
0.01267
0.01247
0.01247
0.01208
0.01189
0.01169
0.0113
0.01091
0.01091
0.01111
0.01032
0.01013
0.01032
0.01052
0.01013
0.01013
0.00954
0.00974
0.00974
0.00915
0.00896
0.00896
0.00896
0.00896
0.00857
0.00876
0.00857
0.00837
0.00818
0.00798
0.00818
0.00779
0.00739
0.00779
0.00759
0.00739
0.0072
0.00681
0.00642
0.00661
0.00661
0.00622
0.00622
0.00642
0.00622
0.00603
0.00603
0.00583
0.00583
0.00583
0.00564
0.00525
0.00505
0.00505
0.00505
0.00525
0.00486
0.00525
0.00564
0.00525
0.00525
0.00505
0.00505
0.00525
0.00466
0.00446
0.00427
0.00446
0.00427
0.00427
0.00446
0.00446
0.00427
0.00349
0.00368
0.00388
0.00349
0.00368
0.00388
0.00349
0.00329
0.00368
0.00388
0.00368
0.00368
0.0031
0.0031
0.0029
0.0031
0.0031
0.0029
0.00251
0.0029
0.00271
0.00271
0.00232
0.00251
0.00271
0.00271
0.00271
0.00271
0.0029
0.00251
0.00212
0.00232
0.0029
0.00232
0.00232
0.00173
0.00212
0.00154
0.00154
0.00154
0.00193
0.00154
0.00114
0.00114
0.00134
0.00095
0.00154
0.00075
0.00075
0.00056
0.00056
0.00056
0.00056
0.00056
0.00036
0.00056
0.00075
0.00095
0.00075
0.00056
0.00017
-0.00042
0.00056
-0.00022
-3e-05
-0.00042
-3e-05
-0.00022
-0.00042
-0.00061
-0.00022
-0.00022
-3e-05
-0.00022
-0.00061
-0.00061
-3e-05
-3e-05
0.00017
0.00036
0.00017
0.00056
0.00075
0.00056
0.00056
0.00056
0.00036
0.00017
0.00017
0.00017
-3e-05
-3e-05
0.00036
0.00017
0.00036
0.00017
0.00036
-3e-05
-0.00022
-3e-05
-0.00042
-0.00022
-0.00042
-0.00061
-0.00042
-0.00022
-0.00042
-0.00022
-3e-05
-0.00022
-0.00042
-0.00081
-0.00081
-0.0012
-0.00081
-0.00061
-0.00042
-0.001
-0.0012
-0.001
-0.0012
-0.0012
-0.00159
-0.0012
-0.001
-0.001
-0.00081
-0.00081
-0.001
-0.001
-0.00061
-0.00081
-0.00081
-0.001
-0.00081
-0.001
-0.00061
-0.001
-0.00081
-0.00061
-0.00139
-0.00159
-0.00061
-0.00081
-0.001
-0.0012
-0.0012
-0.001
-0.00061
-0.00139
-0.00139
-0.00139
-0.00139
-0.0012
-0.00179
-0.00139
-0.00139
-0.00159
-0.00139
-0.0012
-0.0012
-0.0012
-0.0012
-0.0012
-0.0012
-0.00139
-0.0012
-0.00159
-0.0012
-0.001
-0.0012
-0.00139
-0.0012
-0.00061
-0.001
-0.00139
-0.00139
-0.0012
-0.0012
-0.001
-0.0012
-0.0012
-0.00139
-0.00159
-0.00139
-0.00159
-0.0012
-0.00159
-0.00139
-0.00159
-0.001
-0.0012
-0.00159
-0.00218
-0.00198
-0.00198
-0.00179
-0.00198
-0.00237
-0.00218
-0.00198
-0.00218
-0.00198
-0.00237
-0.00218
-0.00218
-0.00218
-0.00237
-0.00257
-0.00237
-0.00237
-0.00237
-0.00237
-0.00257
-0.00237
-0.00237
-0.00237
-0.00237
-0.00237
-0.00276
-0.00276
-0.00257
-0.00218
-0.00218
-0.00198
-0.00179
-0.00198
-0.00218
-0.00198
-0.00198
-0.00218
-0.00179
-0.00159
-0.0012
-0.00159
-0.00159
-0.00159
-0.00179
-0.00179
-0.00179
-0.00198
-0.00179
-0.00179
-0.00159
-0.00139
-0.00179
-0.0012
-0.00139
-0.00159
-0.00139
-0.00139
-0.00198
-0.00179
-0.00179
-0.00159
-0.00159
-0.00139
-0.00179
-0.00139
-0.00179
-0.00159
-0.00218
-0.00179
-0.00198
-0.00179
-0.00179
-0.00159
-0.00198
-0.00179
-0.00198
-0.00179
-0.00159
-0.00179
-0.00179
-0.00218
-0.00237
-0.00218
-0.00179
-0.00237
-0.00237
-0.00218
-0.00159
-0.00198
-0.00198
-0.00159
-0.00198
-0.00198
-0.00218
-0.00237
-0.00237
-0.00218
-0.00218
-0.00198
-0.00218
-0.00198
-0.00237
-0.00237
-0.00218
-0.00198
-0.00218
-0.00198
-0.00198
-0.00218
-0.00237
-0.00237
-0.00276
-0.00218
-0.00276
-0.00257
-0.00257
-0.00237
-0.00237
-0.00218
-0.00218
-0.00218
-0.00198
-0.00218
-0.00237
-0.00198
-0.00276
-0.00237
-0.00276
-0.00276
-0.00257
-0.00276
-0.00296
-0.00296
-0.00296
-0.00296
-0.00296
-0.00315
-0.00296
-0.00276
-0.00296
-0.00257
-0.00257
-0.00257
-0.00237
-0.00276
-0.00237
-0.00257
-0.00276
-0.00257
-0.00237
-0.00257
-0.00218
-0.00257
-0.00218
-0.00237
-0.00257
-0.00198
-0.00237
-0.00296
-0.00315
-0.00276
-0.00257
-0.00257
-0.00257
-0.00276
-0.00296
-0.00257
-0.00276
-0.00257
-0.00276
-0.00237
-0.00276
-0.00237
-0.00237
-0.00237
-0.00296
-0.00276
-0.00296
-0.00315
-0.00276
-0.00257
-0.00296
-0.00296
-0.00354
-0.00276
-0.00296
-0.00296
-0.00354
-0.00276
-0.00276
-0.00257
-0.00276
-0.00257
-0.00276
-0.00237
-0.00237
-0.00237
-0.00198
-0.00198
-0.00198
-0.00218
-0.00198
-0.00218
-0.00198
-0.00179
-0.00179
-0.00179
-0.00198
-0.00198
-0.00218
-0.00218
-0.00198
-0.00218
-0.00179
-0.00198
-0.00159
-0.00179
-0.00218
-0.00218
-0.00218
-0.00179
-0.00237
-0.00237
-0.00218
-0.00218
-0.00257
-0.00237
-0.00237
-0.00257
-0.00296
-0.00276
-0.00218
-0.00257
-0.00257
-0.00276
-0.00296
-0.00276
-0.00218
-0.00257
-0.00237
-0.00218
-0.00237
-0.00257
-0.00257
-0.00218
-0.00237
-0.00198
-0.00179
-0.00218
-0.00237
-0.00276
-0.00237
-0.00198
-0.00218
-0.00257
-0.00237
-0.00198
-0.00237
-0.00237
-0.00218
-0.00237
-0.00257
-0.00218
-0.00218
-0.00179
-0.00237
-0.00159
-0.00257
-0.00257
-0.00237
-0.00257
-0.00198
-0.00218
-0.00159
-0.00198
-0.00276
-0.00257
-0.00257
-0.00218
-0.00218
-0.00257
-0.00276
-0.00257
-0.00218
-0.00257
-0.00257
-0.00218
-0.00218
-0.00218
-0.00218
-0.00218
-0.00276
-0.00257
-0.00237
-0.00218
-0.00218
-0.00198
-0.00218
-0.00237
-0.00218
-0.00198
-0.00257
-0.00179
-0.00218
-0.00218
-0.00218
-0.00218
-0.00198
-0.00276
-0.00257
-0.00296
-0.00237
-0.00257
-0.00257
-0.00237
-0.00276
-0.00237
-0.00237
-0.00237
-0.00296
-0.00257
-0.00296
-0.00276
-0.00276
-0.00276
-0.00276
-0.00296
-0.00315
-0.00315
-0.00276
-0.00315
-0.00276
-0.00315
-0.00354
-0.00335
-0.00354
-0.00335
-0.00296
-0.00315
-0.00335
-0.00315
-0.00354
-0.00335
-0.00315
-0.00296
-0.00276
-0.00276
-0.00296
-0.00315
-0.00315
-0.00296
-0.00276
-0.00218
-0.00257
-0.00237
-0.00257
-0.00237
-0.00198
-0.00237
-0.00218
-0.00218
-0.00198
-0.00198
-0.00218
-0.00198
-0.00237
-0.00257
-0.00218
-0.00159
-0.00179
-0.00139
-0.00159
-0.00139
-0.00159
-0.00198
-0.00198
-0.00218
-0.00179
-0.00198
-0.00237
-0.00198
-0.00198
-0.00237
-0.00276
-0.00276
-0.00315
-0.00296
-0.00315
-0.00276
-0.00276
-0.00276
-0.00257
-0.00296
-0.00296
-0.00257
-0.00374
-0.00335
-0.00257
-0.00315
-0.00315
-0.00276
-0.00276
-0.00218
-0.00315
-0.00257
-0.00335
-0.00296
-0.00276
-0.00257
-0.00276
-0.00315
-0.00257
-0.00296
-0.00296
-0.00296
-0.00335
-0.00257
-0.00354
-0.00296
-0.00354
-0.00296
-0.00354
-0.00296
-0.00296
-0.00315
-0.00296
-0.00296
-0.00296
-0.00276
-0.00276
-0.00276
-0.00276
-0.00218
-0.00257
-0.00257
-0.00257
-0.00296
-0.00257
-0.00257
-0.00257
-0.00276
-0.00276
-0.00315
-0.00315
-0.00315
-0.00315
-0.00296
-0.00315
-0.00296
-0.00296
-0.00257
-0.00296
-0.00237
-0.00237
-0.00257
-0.00257
-0.00237
-0.00296
-0.00237
-0.00218
-0.00218
-0.00218
-0.00237
-0.00257
-0.00237
-0.00237
-0.00237
-0.00237
-0.00237
-0.00276
-0.00257
-0.00257
-0.00237
-0.00257
-0.00218
-0.00257
-0.00237
-0.00237
-0.00237
-0.00257
-0.00198
-0.00218
-0.00237
-0.00237
-0.00218
-0.00296
-0.00237
-0.00218
-0.00218
-0.00296
-0.00315
-0.00335
-0.00315
-0.00315
-0.00315
-0.00354
-0.00296
-0.00335
-0.00335
-0.00315
-0.00296
-0.00296
-0.00335
-0.00296
-0.00276
-0.00237
-0.00257
-0.00237
-0.00237
-0.00257
-0.00237
-0.00257
-0.00257
-0.00237
-0.00179
-0.00218
-0.00198
